source_img,predicate,object_category,object_h,object_w,object_y,object_x,subject_category,subject_h,subject_w,subject_y,subject_x,y,channels,object_x_max,object_y_max,subject_x_max,subject_y_max,object_bbox,subject_bbox
2318520.jpg,wearing,hat,26,21,269,42,man,116,52,273,38,0,3,63,295,90,389,"(269, 295, 42, 63)","(273, 389, 38, 90)"
2387371.jpg,sitting on,table,325,499,50,1,cucumber,192,63,177,220,1,3,500,375,283,369,"(50, 375, 1, 500)","(177, 369, 220, 283)"
2316998.jpg,wearing,shirt,88,53,273,116,woman,225,119,246,112,0,3,169,361,231,471,"(273, 361, 116, 169)","(246, 471, 112, 231)"
2388841.jpg,wearing,jacket,93,210,185,57,man,203,226,75,52,0,3,267,278,278,278,"(185, 278, 57, 267)","(75, 278, 52, 278)"
2330790.jpg,wearing,shorts,118,163,225,130,person,463,332,11,55,0,3,293,343,387,474,"(225, 343, 130, 293)","(11, 474, 55, 387)"
2380655.jpg,sitting on,windowsill,24,406,155,92,plant,73,34,55,399,1,3,498,179,433,128,"(155, 179, 92, 498)","(55, 128, 399, 433)"
2319649.jpg,hanging from,ceiling,41,310,3,9,fixture,61,19,28,169,0,3,319,44,188,89,"(3, 44, 9, 319)","(28, 89, 169, 188)"
2391090.jpg,painted on,road,102,499,228,1,line,8,38,284,57,0,3,500,330,95,292,"(228, 330, 1, 500)","(284, 292, 57, 95)"
2389544.jpg,sitting on,snow,374,499,0,0,man,202,204,130,78,1,3,499,374,282,332,"(0, 374, 0, 499)","(130, 332, 78, 282)"
150415.jpg,sitting on,bench,70,137,318,798,man,117,99,263,877,1,3,935,388,976,380,"(318, 388, 798, 935)","(263, 380, 877, 976)"
2327655.jpg,wearing,skirt,68,71,170,181,girl,292,154,25,100,0,3,252,238,254,317,"(170, 238, 181, 252)","(25, 317, 100, 254)"
2412562.jpg,sitting on,bench,35,67,210,365,person,42,29,195,426,1,3,432,245,455,237,"(210, 245, 365, 432)","(195, 237, 426, 455)"
2401022.jpg,wearing,pants,135,117,197,135,man,332,193,0,108,0,3,252,332,301,332,"(197, 332, 135, 252)","(0, 332, 108, 301)"
2403648.jpg,hanging from,mantelpiece,329,46,13,453,bag,39,31,106,463,0,3,499,342,494,145,"(13, 342, 453, 499)","(106, 145, 463, 494)"
2315497.jpg,wearing,shirt,65,102,308,135,man,96,100,277,141,0,3,237,373,241,373,"(308, 373, 135, 237)","(277, 373, 141, 241)"
2365474.jpg,sitting on,floor,246,387,127,1,stereo,29,45,231,287,1,3,388,373,332,260,"(127, 373, 1, 388)","(231, 260, 287, 332)"
2404827.jpg,wearing,hat,30,17,0,296,person,188,124,0,184,0,3,313,30,308,188,"(0, 30, 296, 313)","(0, 188, 184, 308)"
2354140.jpg,sitting on,bench,94,191,100,101,person,112,40,80,180,1,3,292,194,220,192,"(100, 194, 101, 292)","(80, 192, 180, 220)"
2403761.jpg,sitting on,table,369,493,1,4,orange,152,158,18,179,1,3,497,370,337,170,"(1, 370, 4, 497)","(18, 170, 179, 337)"
2363282.jpg,sitting on,table,370,492,5,2,tray,335,496,37,3,1,3,494,375,499,372,"(5, 375, 2, 494)","(37, 372, 3, 499)"
2387036.jpg,sitting on,plate,47,91,203,264,desert,17,16,216,298,1,3,355,250,314,233,"(203, 250, 264, 355)","(216, 233, 298, 314)"
2390785.jpg,sitting on,sidewalk,171,337,204,1,cone,149,60,226,109,1,3,338,375,169,375,"(204, 375, 1, 338)","(226, 375, 109, 169)"
2357467.jpg,sitting on,mattress,119,498,214,1,man,332,228,1,42,1,3,499,333,270,333,"(214, 333, 1, 499)","(1, 333, 42, 270)"
2409628.jpg,wearing,black,66,32,223,312,person,84,44,211,308,0,3,344,289,352,295,"(223, 289, 312, 344)","(211, 295, 308, 352)"
2356577.jpg,wearing,bracelet,29,29,295,220,woman,487,250,12,1,0,3,249,324,251,499,"(295, 324, 220, 249)","(12, 499, 1, 251)"
2315889.jpg,sitting on,stoop,13,25,105,363,man,35,21,81,362,1,3,388,118,383,116,"(105, 118, 363, 388)","(81, 116, 362, 383)"
2409850.jpg,sitting on,desk,184,492,188,7,laptop,310,233,5,2,1,3,499,372,235,315,"(188, 372, 7, 499)","(5, 315, 2, 235)"
2403532.jpg,riding,wave,92,499,123,0,man,48,53,138,174,0,3,499,215,227,186,"(123, 215, 0, 499)","(138, 186, 174, 227)"
2410490.jpg,wearing,helmet,27,28,212,151,man,112,73,212,112,0,3,179,239,185,324,"(212, 239, 151, 179)","(212, 324, 112, 185)"
2357107.jpg,wearing,pants,26,14,114,166,person,56,22,84,162,0,3,180,140,184,140,"(114, 140, 166, 180)","(84, 140, 162, 184)"
2395886.jpg,playing,football,46,85,182,92,person,429,258,58,101,0,3,177,228,359,487,"(182, 228, 92, 177)","(58, 487, 101, 359)"
2343131.jpg,sitting on,ledge,49,144,112,309,man,79,88,55,387,1,3,453,161,475,134,"(112, 161, 309, 453)","(55, 134, 387, 475)"
2370460.jpg,wearing,shirt,173,77,180,422,woman,459,122,9,371,0,3,499,353,493,468,"(180, 353, 422, 499)","(9, 468, 371, 493)"
2386167.jpg,growing on,rock,27,36,118,2,moss,23,34,119,1,0,3,38,145,35,142,"(118, 145, 2, 38)","(119, 142, 1, 35)"
2343325.jpg,wearing,pants,49,34,200,200,man,94,66,162,198,0,3,234,249,264,256,"(200, 249, 200, 234)","(162, 256, 198, 264)"
2367491.jpg,wearing,pants,33,18,94,81,man,85,47,47,73,0,3,99,127,120,132,"(94, 127, 81, 99)","(47, 132, 73, 120)"
2356689.jpg,covering,ground,248,329,251,4,grass,60,257,269,4,0,3,333,499,261,329,"(251, 499, 4, 333)","(269, 329, 4, 261)"
2370720.jpg,carrying,snowboard,280,60,33,161,man,279,154,104,148,0,3,221,313,302,383,"(33, 313, 161, 221)","(104, 383, 148, 302)"
2350216.jpg,sitting on,bench,51,149,37,238,men,179,478,33,14,1,3,387,88,492,212,"(37, 88, 238, 387)","(33, 212, 14, 492)"
2357079.jpg,sitting on,bed,133,437,145,1,laptop,244,287,17,102,1,3,438,278,389,261,"(145, 278, 1, 438)","(17, 261, 102, 389)"
2323325.jpg,wearing,shirt,51,61,109,130,man,84,83,66,141,0,3,191,160,224,150,"(109, 160, 130, 191)","(66, 150, 141, 224)"
2354258.jpg,sitting on,table,80,483,250,4,man,259,295,2,153,1,3,487,330,448,261,"(250, 330, 4, 487)","(2, 261, 153, 448)"
2336312.jpg,wearing,jacket,115,59,236,440,man,171,58,182,441,0,3,499,351,499,353,"(236, 351, 440, 499)","(182, 353, 441, 499)"
2377756.jpg,wearing,goggles,22,35,119,126,man,347,103,83,79,0,3,161,141,182,430,"(119, 141, 126, 161)","(83, 430, 79, 182)"
2397958.jpg,sitting on,beach,60,58,309,194,people,69,170,260,292,1,3,252,369,462,329,"(309, 369, 194, 252)","(260, 329, 292, 462)"
2414898.jpg,sitting on,bench,136,275,190,19,woman,128,74,141,208,1,3,294,326,282,269,"(190, 326, 19, 294)","(141, 269, 208, 282)"
2344707.jpg,sitting on,stove,110,93,210,266,pot,27,31,205,241,1,3,359,320,272,232,"(210, 320, 266, 359)","(205, 232, 241, 272)"
2319533.jpg,eating,grass,328,496,0,1,zebra,297,410,0,89,0,3,497,328,499,297,"(0, 328, 1, 497)","(0, 297, 89, 499)"
2416649.jpg,lying on,ground,310,445,64,54,umbrella,240,262,111,219,0,3,499,374,481,351,"(64, 374, 54, 499)","(111, 351, 219, 481)"
2395238.jpg,walking on,sand,94,455,277,39,person,63,24,223,138,0,3,494,371,162,286,"(277, 371, 39, 494)","(223, 286, 138, 162)"
2390596.jpg,wearing,sunglasses,14,29,41,294,man,298,219,22,150,0,3,323,55,369,320,"(41, 55, 294, 323)","(22, 320, 150, 369)"
2408294.jpg,sitting on,bench,185,429,82,2,person,86,86,2,130,1,3,431,267,216,88,"(82, 267, 2, 431)","(2, 88, 130, 216)"
2404368.jpg,wearing,shirt,140,113,115,184,man,275,123,69,182,0,3,297,255,305,344,"(115, 255, 184, 297)","(69, 344, 182, 305)"
2400652.jpg,sitting on,table,47,272,285,196,glass,38,39,294,387,1,3,468,332,426,332,"(285, 332, 196, 468)","(294, 332, 387, 426)"
2376750.jpg,sitting on,elephant,184,228,122,178,man,145,58,54,203,1,3,406,306,261,199,"(122, 306, 178, 406)","(54, 199, 203, 261)"
2411913.jpg,watching,tennis,272,329,227,0,person,79,25,266,35,0,3,329,499,60,345,"(227, 499, 0, 329)","(266, 345, 35, 60)"
150270.jpg,wearing,shirt,55,25,802,5,guy,156,39,774,0,0,3,30,857,39,930,"(802, 857, 5, 30)","(774, 930, 0, 39)"
2339916.jpg,sitting on,table,292,466,79,1,plate,32,102,148,172,1,3,467,371,274,180,"(79, 371, 1, 467)","(148, 180, 172, 274)"
2379621.jpg,standing on,sidewalk,249,290,245,84,shirt,38,28,217,191,0,3,374,494,219,255,"(245, 494, 84, 374)","(217, 255, 191, 219)"
2383334.jpg,hanging from,tree,74,141,2,0,leaf,12,7,48,105,0,3,141,76,112,60,"(2, 76, 0, 141)","(48, 60, 105, 112)"
2391853.jpg,wearing,jacket,127,101,61,111,woman,305,169,12,37,0,3,212,188,206,317,"(61, 188, 111, 212)","(12, 317, 37, 206)"
2354345.jpg,sitting on,boat,91,206,178,167,bird,28,11,172,298,1,3,373,269,309,200,"(178, 269, 167, 373)","(172, 200, 298, 309)"
2322227.jpg,sitting on,tracks,39,31,457,52,train,136,50,110,156,1,3,83,496,206,246,"(457, 496, 52, 83)","(110, 246, 156, 206)"
2370025.jpg,sitting on,bench,228,246,110,85,pigeon,68,48,156,111,1,3,331,338,159,224,"(110, 338, 85, 331)","(156, 224, 111, 159)"
2374989.jpg,wearing,tie,156,57,178,195,boy,498,329,0,0,0,3,252,334,329,498,"(178, 334, 195, 252)","(0, 498, 0, 329)"
2401079.jpg,sitting on,hand,120,230,213,151,bird,185,165,69,140,1,3,381,333,305,254,"(213, 333, 151, 381)","(69, 254, 140, 305)"
2385203.jpg,wearing,bracelet,10,17,91,259,woman,152,101,12,208,0,3,276,101,309,164,"(91, 101, 259, 276)","(12, 164, 208, 309)"
2316258.jpg,using,laptop,63,153,215,196,man,234,139,28,178,0,3,349,278,317,262,"(215, 278, 196, 349)","(28, 262, 178, 317)"
2357991.jpg,sitting on,boat,338,370,161,5,dog,360,184,139,42,1,3,375,499,226,499,"(161, 499, 5, 375)","(139, 499, 42, 226)"
2386289.jpg,sitting on,boat,115,181,238,217,man,33,32,217,292,1,3,398,353,324,250,"(238, 353, 217, 398)","(217, 250, 292, 324)"
2388840.jpg,sitting on,track,79,210,251,287,train,178,262,66,119,1,3,497,330,381,244,"(251, 330, 287, 497)","(66, 244, 119, 381)"
2379223.jpg,wearing,shorts,67,63,288,168,kid,286,114,165,161,0,3,231,355,275,451,"(288, 355, 168, 231)","(165, 451, 161, 275)"
2397609.jpg,wearing,shirt,24,20,261,411,girl,50,35,250,402,0,3,431,285,437,300,"(261, 285, 411, 431)","(250, 300, 402, 437)"
2355023.jpg,wearing,glasses,8,27,0,162,woman,286,107,3,149,0,3,189,8,256,289,"(0, 8, 162, 189)","(3, 289, 149, 256)"
2397160.jpg,watching,kite,31,20,61,183,man,122,28,195,78,0,3,203,92,106,317,"(61, 92, 183, 203)","(195, 317, 78, 106)"
2348451.jpg,wearing,jacket,234,247,139,242,man,337,255,34,233,0,3,489,373,488,371,"(139, 373, 242, 489)","(34, 371, 233, 488)"
2404020.jpg,sitting on,table,142,478,229,6,cup,64,66,310,208,1,3,484,371,274,374,"(229, 371, 6, 484)","(310, 374, 208, 274)"
2392451.jpg,hanging from,ceiling,101,372,3,0,light,40,43,51,106,0,3,372,104,149,91,"(3, 104, 0, 372)","(51, 91, 106, 149)"
2322748.jpg,wearing,hat,10,9,364,126,child,39,23,365,115,0,3,135,374,138,404,"(364, 374, 126, 135)","(365, 404, 115, 138)"
2339343.jpg,covering,forehead,85,141,4,156,bangs,123,156,2,146,0,3,297,89,302,125,"(4, 89, 156, 297)","(2, 125, 146, 302)"
2368220.jpg,walking in,field,89,497,243,2,giraffe,144,115,152,229,0,3,499,332,344,296,"(243, 332, 2, 499)","(152, 296, 229, 344)"
2376778.jpg,wearing,pants,166,249,179,131,woman,289,322,10,86,0,3,380,345,408,299,"(179, 345, 131, 380)","(10, 299, 86, 408)"
2405996.jpg,sitting on,table,79,426,208,4,plate,169,420,108,5,1,3,430,287,425,277,"(208, 287, 4, 430)","(108, 277, 5, 425)"
2365594.jpg,wearing,bracelet,22,22,241,115,woman,245,207,87,88,0,3,137,263,295,332,"(241, 263, 115, 137)","(87, 332, 88, 295)"
2322097.jpg,sitting on,shelf,74,197,62,0,frame,69,102,48,17,1,3,197,136,119,117,"(62, 136, 0, 197)","(48, 117, 17, 119)"
2413998.jpg,wearing,pants,47,71,130,195,policeman,229,77,24,197,0,3,266,177,274,253,"(130, 177, 195, 266)","(24, 253, 197, 274)"
2350173.jpg,wearing,tie,168,45,331,193,man,442,373,55,1,0,3,238,499,374,497,"(331, 499, 193, 238)","(55, 497, 1, 374)"
2409570.jpg,covered in,sand,330,499,1,1,foot,13,16,223,165,0,3,500,331,181,236,"(1, 331, 1, 500)","(223, 236, 165, 181)"
2414573.jpg,wearing,helmet,7,17,175,281,child,38,11,172,281,0,3,298,182,292,210,"(175, 182, 281, 298)","(172, 210, 281, 292)"
1233.jpg,hanging from,rack,102,78,328,123,towel,71,34,415,117,0,3,201,430,151,486,"(328, 430, 123, 201)","(415, 486, 117, 151)"
2358061.jpg,wearing,shoes,41,53,349,152,man,297,133,93,71,0,3,205,390,204,390,"(349, 390, 152, 205)","(93, 390, 71, 204)"
2353412.jpg,sitting on,desk,190,221,180,0,cd,7,74,102,133,1,3,221,370,207,109,"(180, 370, 0, 221)","(102, 109, 133, 207)"
2334333.jpg,wearing,pants,65,47,148,418,man,155,69,55,414,0,3,465,213,483,210,"(148, 213, 418, 465)","(55, 210, 414, 483)"
2373736.jpg,sitting on,bench,112,202,125,138,men,162,90,65,249,1,3,340,237,339,227,"(125, 237, 138, 340)","(65, 227, 249, 339)"
2382027.jpg,wearing,shoe,29,44,296,147,girl,284,91,31,105,0,3,191,325,196,315,"(296, 325, 147, 191)","(31, 315, 105, 196)"
2353549.jpg,wearing,shoes,48,73,424,79,woman,402,146,72,74,0,3,152,472,220,474,"(424, 472, 79, 152)","(72, 474, 74, 220)"
2352072.jpg,sitting on,bench,160,409,130,37,man,266,118,37,190,1,3,446,290,308,303,"(130, 290, 37, 446)","(37, 303, 190, 308)"
2346506.jpg,sitting on,table,132,254,233,161,batteries,32,114,226,296,1,3,415,365,410,258,"(233, 365, 161, 415)","(226, 258, 296, 410)"
2559.jpg,sitting on,floor,165,196,418,58,man,142,46,266,217,1,3,254,583,263,408,"(418, 583, 58, 254)","(266, 408, 217, 263)"
713252.jpg,growing on,stem,50,18,20,724,leaf,24,20,53,710,0,3,742,70,730,77,"(20, 70, 724, 742)","(53, 77, 710, 730)"
2407769.jpg,sitting on,rug,99,120,169,141,bongos,19,44,164,146,1,3,261,268,190,183,"(169, 268, 141, 261)","(164, 183, 146, 190)"
2406853.jpg,covered in,snow,21,69,198,117,hydrant,189,94,139,120,0,3,186,219,214,328,"(198, 219, 117, 186)","(139, 328, 120, 214)"
2404991.jpg,wearing,spectacles,13,18,120,105,man,280,122,92,40,0,3,123,133,162,372,"(120, 133, 105, 123)","(92, 372, 40, 162)"
2315993.jpg,sitting on,bench,34,147,311,76,woman,59,27,273,60,1,3,223,345,87,332,"(311, 345, 76, 223)","(273, 332, 60, 87)"
2335108.jpg,painted on,road,110,397,221,1,line,20,277,265,2,0,3,398,331,279,285,"(221, 331, 1, 398)","(265, 285, 2, 279)"
440.jpg,standing on,sidewalk,164,187,411,8,person,266,58,238,103,0,3,195,575,161,504,"(411, 575, 8, 195)","(238, 504, 103, 161)"
2415111.jpg,sitting on,bench,184,328,157,125,person,215,113,123,266,1,3,453,341,379,338,"(157, 341, 125, 453)","(123, 338, 266, 379)"
2396844.jpg,sitting on,fence,138,494,235,2,boy,227,128,106,22,1,3,496,373,150,333,"(235, 373, 2, 496)","(106, 333, 22, 150)"
2357927.jpg,sitting on,table,371,444,2,55,fork,19,97,356,99,1,3,499,373,196,375,"(2, 373, 55, 499)","(356, 375, 99, 196)"
2361904.jpg,wearing,sunglasses,17,26,33,71,people,24,52,48,148,0,3,97,50,200,72,"(33, 50, 71, 97)","(48, 72, 148, 200)"
2398189.jpg,wearing,jacket,36,34,286,181,man,98,47,272,170,0,3,215,322,217,370,"(286, 322, 181, 215)","(272, 370, 170, 217)"
2398516.jpg,sitting on,crate,63,61,225,103,man,58,44,180,64,1,3,164,288,108,238,"(225, 288, 103, 164)","(180, 238, 64, 108)"
2323530.jpg,wearing,pants,165,114,234,104,person,474,158,19,74,0,3,218,399,232,493,"(234, 399, 104, 218)","(19, 493, 74, 232)"
2351332.jpg,sitting on,bench,103,324,213,61,people,263,72,114,416,1,3,385,316,488,377,"(213, 316, 61, 385)","(114, 377, 416, 488)"
2403622.jpg,standing on,grass,155,498,184,1,person,65,12,189,157,0,3,499,339,169,254,"(184, 339, 1, 499)","(189, 254, 157, 169)"
2328775.jpg,sitting on,counter,60,324,200,69,tray,24,58,194,191,1,3,393,260,249,218,"(200, 260, 69, 393)","(194, 218, 191, 249)"
2384546.jpg,wearing,glasses,12,25,30,204,man,238,82,19,171,0,3,229,42,253,257,"(30, 42, 204, 229)","(19, 257, 171, 253)"
2377422.jpg,wearing,shirt,78,54,172,206,man,206,82,120,187,0,3,260,250,269,326,"(172, 250, 206, 260)","(120, 326, 187, 269)"
2324757.jpg,sitting on,shelf,9,89,97,0,bear,67,60,44,53,1,3,89,106,113,111,"(97, 106, 0, 89)","(44, 111, 53, 113)"
2331755.jpg,using,cellphone,7,18,275,211,man,119,81,261,171,0,3,229,282,252,380,"(275, 282, 211, 229)","(261, 380, 171, 252)"
2391001.jpg,sitting on,motorcycle,135,106,102,110,man,136,96,67,115,1,3,216,237,211,203,"(102, 237, 110, 216)","(67, 203, 115, 211)"
2394113.jpg,wearing,shorts,31,36,100,272,woman,98,83,65,237,0,3,308,131,320,163,"(100, 131, 272, 308)","(65, 163, 237, 320)"
2381906.jpg,sitting on,water,127,448,143,29,duck,18,28,226,149,1,3,477,270,177,244,"(143, 270, 29, 477)","(226, 244, 149, 177)"
2399255.jpg,hanging from,ceiling,45,73,40,171,lights,59,45,49,323,0,3,244,85,368,108,"(40, 85, 171, 244)","(49, 108, 323, 368)"
2401798.jpg,sitting on,table,49,56,243,195,basket,20,55,231,201,1,3,251,292,256,251,"(243, 292, 195, 251)","(231, 251, 201, 256)"
2387152.jpg,wearing,short,75,31,239,301,man,320,43,88,289,0,3,332,314,332,408,"(239, 314, 301, 332)","(88, 408, 289, 332)"
713121.jpg,sitting on,table,619,672,402,4,fork,118,197,787,462,1,3,676,1021,659,905,"(402, 1021, 4, 676)","(787, 905, 462, 659)"
2411136.jpg,sitting on,table,46,162,305,25,figurine,80,54,229,126,1,3,187,351,180,309,"(305, 351, 25, 187)","(229, 309, 126, 180)"
2328029.jpg,sitting on,branch,332,320,0,97,bird,72,122,122,141,1,3,417,332,263,194,"(0, 332, 97, 417)","(122, 194, 141, 263)"
2370661.jpg,sitting on,counter,47,312,451,62,cow,64,31,423,93,1,3,374,498,124,487,"(451, 498, 62, 374)","(423, 487, 93, 124)"
2346062.jpg,covered in,topping,18,31,68,78,food,373,498,1,1,0,3,109,86,499,374,"(68, 86, 78, 109)","(1, 374, 1, 499)"
2332855.jpg,lying on,ground,251,363,247,3,case,123,142,370,227,0,3,366,498,369,493,"(247, 498, 3, 366)","(370, 493, 227, 369)"
2346929.jpg,sitting on,scooter,148,130,150,157,person,203,92,94,162,1,3,287,298,254,297,"(150, 298, 157, 287)","(94, 297, 162, 254)"
2375670.jpg,wearing,tie,64,20,116,54,man,202,59,88,28,0,3,74,180,87,290,"(116, 180, 54, 74)","(88, 290, 28, 87)"
2388608.jpg,sitting on,counter,254,127,243,0,phone,18,24,252,1,1,3,127,497,25,270,"(243, 497, 0, 127)","(252, 270, 1, 25)"
2406055.jpg,walking on,beach,191,324,306,3,man,75,38,314,95,0,3,327,497,133,389,"(306, 497, 3, 327)","(314, 389, 95, 133)"
2398158.jpg,wearing,sunglasses,9,9,164,239,man,120,25,159,229,0,3,248,173,254,279,"(164, 173, 239, 248)","(159, 279, 229, 254)"
2363111.jpg,sitting on,ledge,35,259,53,2,person,41,37,35,145,1,3,261,88,182,76,"(53, 88, 2, 261)","(35, 76, 145, 182)"
644.jpg,hanging from,wing,46,255,309,18,engine,123,107,329,66,0,3,273,355,173,452,"(309, 355, 18, 273)","(329, 452, 66, 173)"
1593129.jpg,standing on,desk,44,100,580,386,lamp,14,7,579,417,0,3,486,624,424,593,"(580, 624, 386, 486)","(579, 593, 417, 424)"
2356293.jpg,lying on,floor,149,121,47,358,cord,54,250,320,96,0,3,479,196,346,374,"(47, 196, 358, 479)","(320, 374, 96, 346)"
2322947.jpg,sitting on,table,183,240,314,256,beer,334,100,130,395,1,3,496,497,495,464,"(314, 497, 256, 496)","(130, 464, 395, 495)"
2341980.jpg,sitting on,wire,25,82,44,212,bird,35,24,27,293,1,3,294,69,317,62,"(44, 69, 212, 294)","(27, 62, 293, 317)"
2416794.jpg,wearing,shorts,30,31,299,71,boy,215,122,159,40,0,3,102,329,162,374,"(299, 329, 71, 102)","(159, 374, 40, 162)"
2338082.jpg,sitting on,chair,160,129,152,23,guy,167,135,140,14,1,3,152,312,149,307,"(152, 312, 23, 152)","(140, 307, 14, 149)"
2417113.jpg,wearing,pants,143,252,216,155,woman,353,327,5,69,0,3,407,359,396,358,"(216, 359, 155, 407)","(5, 358, 69, 396)"
2344117.jpg,sitting on,ground,280,497,93,1,man,75,110,125,283,1,3,498,373,393,200,"(93, 373, 1, 498)","(125, 200, 283, 393)"
2348611.jpg,sitting on,bench,58,396,290,35,player,150,76,187,88,1,3,431,348,164,337,"(290, 348, 35, 431)","(187, 337, 88, 164)"
2347908.jpg,sitting on,steak,270,313,76,186,sauce,363,329,9,143,1,3,499,346,472,372,"(76, 346, 186, 499)","(9, 372, 143, 472)"
2328775.jpg,sitting on,floor,138,490,234,5,cooler,98,51,256,133,1,3,495,372,184,354,"(234, 372, 5, 495)","(256, 354, 133, 184)"
2364203.jpg,sitting on,bench,96,167,174,99,woman,122,76,149,142,1,3,266,270,218,271,"(174, 270, 99, 266)","(149, 271, 142, 218)"
2352568.jpg,wearing,shirt,173,175,144,312,man,316,181,56,299,0,3,487,317,480,372,"(144, 317, 312, 487)","(56, 372, 299, 480)"
2332073.jpg,sitting on,bench,122,169,172,159,man,160,126,136,160,1,3,328,294,286,296,"(172, 294, 159, 328)","(136, 296, 160, 286)"
498078.jpg,wearing,helmet,16,20,418,106,man,24,28,419,93,0,3,126,434,121,443,"(418, 434, 106, 126)","(419, 443, 93, 121)"
2396777.jpg,wearing,pants,29,13,242,361,woman,60,18,215,356,0,3,374,271,374,275,"(242, 271, 361, 374)","(215, 275, 356, 374)"
2328252.jpg,sitting on,bench,11,35,104,424,player,45,32,73,386,1,3,459,115,418,118,"(104, 115, 424, 459)","(73, 118, 386, 418)"
2401888.jpg,sitting on,desk,14,118,211,266,computer,72,66,98,325,1,3,384,225,391,170,"(211, 225, 266, 384)","(98, 170, 325, 391)"
2316572.jpg,covering,giraffe,359,327,14,158,hair,172,167,89,234,0,3,485,373,401,261,"(14, 373, 158, 485)","(89, 261, 234, 401)"
2402804.jpg,wearing,glasses,11,25,171,155,man,323,115,152,118,0,3,180,182,233,475,"(171, 182, 155, 180)","(152, 475, 118, 233)"
2401799.jpg,growing on,tree,166,80,120,12,flower,10,10,249,60,0,3,92,286,70,259,"(120, 286, 12, 92)","(249, 259, 60, 70)"
2402060.jpg,sitting on,bench,40,150,172,175,television,77,136,99,185,1,3,325,212,321,176,"(172, 212, 175, 325)","(99, 176, 185, 321)"
2364072.jpg,sitting on,bench,68,125,148,143,man,60,33,140,172,1,3,268,216,205,200,"(148, 216, 143, 268)","(140, 200, 172, 205)"
2403904.jpg,says,caring,14,75,207,97,sticker,24,85,203,89,0,3,172,221,174,227,"(207, 221, 97, 172)","(203, 227, 89, 174)"
2409616.jpg,sitting on,feeder,246,142,0,252,bird,127,87,138,196,1,3,394,246,283,265,"(0, 246, 252, 394)","(138, 265, 196, 283)"
2334656.jpg,wearing,shoes,80,61,286,333,girl,263,385,107,14,0,3,394,366,399,370,"(286, 366, 333, 394)","(107, 370, 14, 399)"
2326836.jpg,sitting on,chair,68,62,85,432,woman,70,52,77,447,1,3,494,153,499,147,"(85, 153, 432, 494)","(77, 147, 447, 499)"
2366368.jpg,wearing,shirt,92,148,79,79,guy,145,147,27,80,0,3,227,171,227,172,"(79, 171, 79, 227)","(27, 172, 80, 227)"
2393014.jpg,sitting on,table,95,53,124,107,planter,59,54,71,103,1,3,160,219,157,130,"(124, 219, 107, 160)","(71, 130, 103, 157)"
2343010.jpg,sitting on,ground,434,294,62,1,bottle,68,31,287,134,1,3,295,496,165,355,"(62, 496, 1, 295)","(287, 355, 134, 165)"
2390973.jpg,growing on,ground,71,138,299,152,grass,313,326,182,4,0,3,290,370,330,495,"(299, 370, 152, 290)","(182, 495, 4, 330)"
2353606.jpg,sitting on,sidewalk,336,369,161,4,chair,116,136,383,237,1,3,373,497,373,499,"(161, 497, 4, 373)","(383, 499, 237, 373)"
2371693.jpg,sitting on,appliance,204,474,167,25,cat,201,165,28,281,1,3,499,371,446,229,"(167, 371, 25, 499)","(28, 229, 281, 446)"
2403261.jpg,sitting on,hat,13,20,24,276,sunglasses,5,18,28,276,1,3,296,37,294,33,"(24, 37, 276, 296)","(28, 33, 276, 294)"
2416201.jpg,sitting on,chair,232,490,110,8,man,247,242,47,255,1,3,498,342,497,294,"(110, 342, 8, 498)","(47, 294, 255, 497)"
2374589.jpg,sitting on,chair,41,54,204,39,woman,107,102,147,35,1,3,93,245,137,254,"(204, 245, 39, 93)","(147, 254, 35, 137)"
2334389.jpg,sitting on,bench,34,176,272,195,people,96,60,171,310,1,3,371,306,370,267,"(272, 306, 195, 371)","(171, 267, 310, 370)"
2384212.jpg,sitting on,shelf,38,142,243,75,candle,32,27,225,126,1,3,217,281,153,257,"(243, 281, 75, 217)","(225, 257, 126, 153)"
2040.jpg,mounted on,wall,592,290,2,485,handrail,65,250,295,493,0,3,775,594,743,360,"(2, 594, 485, 775)","(295, 360, 493, 743)"
2359738.jpg,standing on,field,206,498,91,0,zebra,124,138,247,109,0,3,498,297,247,371,"(91, 297, 0, 498)","(247, 371, 109, 247)"
2336491.jpg,wearing,jacket,142,286,196,16,woman,277,216,62,271,0,3,302,338,487,339,"(196, 338, 16, 302)","(62, 339, 271, 487)"
2320374.jpg,standing on,beach,179,495,238,1,bench,39,135,239,293,0,3,496,417,428,278,"(238, 417, 1, 496)","(239, 278, 293, 428)"
2416137.jpg,sitting on,hill,63,267,196,231,sign,68,37,135,409,1,3,498,259,446,203,"(196, 259, 231, 498)","(135, 203, 409, 446)"
2355830.jpg,wearing,sunglasses,11,39,98,134,man,343,131,73,87,0,3,173,109,218,416,"(98, 109, 134, 173)","(73, 416, 87, 218)"
2410103.jpg,wearing,shirt,208,453,290,4,boy,488,451,11,6,0,3,457,498,457,499,"(290, 498, 4, 457)","(11, 499, 6, 457)"
2331128.jpg,sitting on,toilet,93,33,341,164,girl,286,93,152,203,1,3,197,434,296,438,"(341, 434, 164, 197)","(152, 438, 203, 296)"
713126.jpg,wearing,tie,55,30,184,119,man,205,89,126,88,0,3,149,239,177,331,"(184, 239, 119, 149)","(126, 331, 88, 177)"
2323914.jpg,sitting on,couch,241,498,88,1,man,314,285,16,206,1,3,499,329,491,330,"(88, 329, 1, 499)","(16, 330, 206, 491)"
2368499.jpg,wearing,jersey,177,161,209,49,babe,288,276,29,114,0,3,210,386,390,317,"(209, 386, 49, 210)","(29, 317, 114, 390)"
2394790.jpg,wearing,helmet,51,51,41,350,boy,281,190,39,211,0,3,401,92,401,320,"(41, 92, 350, 401)","(39, 320, 211, 401)"
2392023.jpg,sitting on,concrete,29,79,273,206,people,61,96,247,227,1,3,285,302,323,308,"(273, 302, 206, 285)","(247, 308, 227, 323)"
2383754.jpg,sitting on,motorcycle,92,51,169,241,man,141,85,102,217,1,3,292,261,302,243,"(169, 261, 241, 292)","(102, 243, 217, 302)"
2380163.jpg,sitting on,horse,275,305,203,25,woman,157,65,179,146,1,3,330,478,211,336,"(203, 478, 25, 330)","(179, 336, 146, 211)"
713546.jpg,wearing,shirt,58,51,914,419,person,117,46,889,419,0,3,470,972,465,1006,"(914, 972, 419, 470)","(889, 1006, 419, 465)"
2401648.jpg,sitting on,counter,30,66,302,21,zucchini,63,66,188,349,1,3,87,332,415,251,"(302, 332, 21, 87)","(188, 251, 349, 415)"
2405476.jpg,sitting on,seat,184,494,3,5,bed,300,487,74,1,1,3,499,187,488,374,"(3, 187, 5, 499)","(74, 374, 1, 488)"
2409988.jpg,wearing,vest,108,116,27,283,dog,279,271,15,186,0,3,399,135,457,294,"(27, 135, 283, 399)","(15, 294, 186, 457)"
2330651.jpg,watching,woman,185,175,109,304,girl,81,58,146,263,0,3,479,294,321,227,"(109, 294, 304, 479)","(146, 227, 263, 321)"
2407094.jpg,wearing,helmet,9,8,297,93,skier,40,28,297,84,0,3,101,306,112,337,"(297, 306, 93, 101)","(297, 337, 84, 112)"
2363193.jpg,sitting on,desk,41,42,226,40,mouthwash,121,37,84,241,1,3,82,267,278,205,"(226, 267, 40, 82)","(84, 205, 241, 278)"
2342281.jpg,sitting on,bench,42,50,209,194,person,18,15,192,321,1,3,244,251,336,210,"(209, 251, 194, 244)","(192, 210, 321, 336)"
2371792.jpg,sitting on,desk,175,97,143,0,pot,45,55,125,33,1,3,97,318,88,170,"(143, 318, 0, 97)","(125, 170, 33, 88)"
2336090.jpg,sitting on,laptop,233,196,105,181,cat,252,169,52,189,1,3,377,338,358,304,"(105, 338, 181, 377)","(52, 304, 189, 358)"
2367699.jpg,sitting on,bench,101,137,365,39,person,79,32,374,83,1,3,176,466,115,453,"(365, 466, 39, 176)","(374, 453, 83, 115)"
1593144.jpg,walking in,crosswalk,128,217,551,481,man,288,96,327,376,0,3,698,679,472,615,"(551, 679, 481, 698)","(327, 615, 376, 472)"
2394240.jpg,wearing,shirt,32,29,406,172,man,108,48,386,170,0,3,201,438,218,494,"(406, 438, 172, 201)","(386, 494, 170, 218)"
2351051.jpg,sitting on,table,371,428,3,1,cup,51,110,1,94,1,3,429,374,204,52,"(3, 374, 1, 429)","(1, 52, 94, 204)"
2377570.jpg,wearing,sunglasses,28,52,109,231,woman,417,130,72,190,0,3,283,137,320,489,"(109, 137, 231, 283)","(72, 489, 190, 320)"
2344392.jpg,wearing,shoes,30,21,294,469,woman,305,193,19,302,0,3,490,324,495,324,"(294, 324, 469, 490)","(19, 324, 302, 495)"
2386553.jpg,wearing,coat,56,46,142,422,woman,132,48,131,421,0,3,468,198,469,263,"(142, 198, 422, 468)","(131, 263, 421, 469)"
2355178.jpg,sitting on,bleacher,146,474,92,6,person,122,110,8,368,1,3,480,238,478,130,"(92, 238, 6, 480)","(8, 130, 368, 478)"
2393921.jpg,sitting on,cart,347,493,27,1,dog,342,213,32,141,1,3,494,374,354,374,"(27, 374, 1, 494)","(32, 374, 141, 354)"
2347560.jpg,wearing,shirt,65,75,50,191,surfer,149,130,41,186,0,3,266,115,316,190,"(50, 115, 191, 266)","(41, 190, 186, 316)"
2377961.jpg,wearing,glasses,29,78,165,114,girl,382,293,116,1,0,3,192,194,294,498,"(165, 194, 114, 192)","(116, 498, 1, 294)"
2392844.jpg,wearing,jeans,57,114,2,61,boy,65,129,5,57,0,3,175,59,186,70,"(2, 59, 61, 175)","(5, 70, 57, 186)"
2410800.jpg,wearing,socks,23,19,425,127,man,298,159,167,44,0,3,146,448,203,465,"(425, 448, 127, 146)","(167, 465, 44, 203)"
2412133.jpg,wearing,glasses,17,56,114,318,lady,142,154,72,252,0,3,374,131,406,214,"(114, 131, 318, 374)","(72, 214, 252, 406)"
2364851.jpg,wearing,socks,32,36,297,162,man,322,109,10,135,0,3,198,329,244,332,"(297, 329, 162, 198)","(10, 332, 135, 244)"
2323130.jpg,wearing,shirt,3,4,51,424,man,180,83,14,401,0,3,428,54,484,194,"(51, 54, 424, 428)","(14, 194, 401, 484)"
2367862.jpg,sitting on,table,202,251,170,96,monitor,120,157,102,273,1,3,347,372,430,222,"(170, 372, 96, 347)","(102, 222, 273, 430)"
2388397.jpg,says,339,17,17,89,419,bus,255,222,34,255,0,3,436,106,477,289,"(89, 106, 419, 436)","(34, 289, 255, 477)"
2382690.jpg,sitting on,bench,73,9,176,251,men,288,334,61,82,1,3,260,249,416,349,"(176, 249, 251, 260)","(61, 349, 82, 416)"
2405397.jpg,mounted on,truck,277,469,95,14,light,20,71,102,413,0,3,483,372,484,122,"(95, 372, 14, 483)","(102, 122, 413, 484)"
2411557.jpg,wearing,shirt,25,17,244,408,woman,66,15,235,406,0,3,425,269,421,301,"(244, 269, 408, 425)","(235, 301, 406, 421)"
2366382.jpg,sitting on,bench,126,250,125,203,man,223,81,67,376,1,3,453,251,457,290,"(125, 251, 203, 453)","(67, 290, 376, 457)"
2385410.jpg,wearing,watch,8,9,226,180,woman,128,117,133,98,0,3,189,234,215,261,"(226, 234, 180, 189)","(133, 261, 98, 215)"
2356564.jpg,wearing,shirt,63,156,139,87,woman,177,160,33,85,0,3,243,202,245,210,"(139, 202, 87, 243)","(33, 210, 85, 245)"
2363193.jpg,sitting on,desk,41,42,226,40,cup,142,45,27,58,1,3,82,267,103,169,"(226, 267, 40, 82)","(27, 169, 58, 103)"
2409020.jpg,sitting on,bench,155,26,160,180,lady,188,86,139,273,1,3,206,315,359,327,"(160, 315, 180, 206)","(139, 327, 273, 359)"
2386250.jpg,walking in,room,350,463,3,10,person,359,136,1,2,0,3,473,353,138,360,"(3, 353, 10, 473)","(1, 360, 2, 138)"
2319071.jpg,sitting on,bench,6,44,169,364,person,20,13,157,367,1,3,408,175,380,177,"(169, 175, 364, 408)","(157, 177, 367, 380)"
2374600.jpg,sitting on,table,357,417,100,42,drink,163,88,49,100,1,3,459,457,188,212,"(100, 457, 42, 459)","(49, 212, 100, 188)"
2404301.jpg,sitting on,bench,167,463,164,1,man,251,301,81,86,1,3,464,331,387,332,"(164, 331, 1, 464)","(81, 332, 86, 387)"
2408872.jpg,sitting on,floor,71,498,302,1,daughter,219,89,87,261,1,3,499,373,350,306,"(302, 373, 1, 499)","(87, 306, 261, 350)"
2395598.jpg,wearing,hat,17,18,212,268,man,124,32,209,261,0,3,286,229,293,333,"(212, 229, 268, 286)","(209, 333, 261, 293)"
2394800.jpg,sitting on,bench,35,150,233,90,woman,86,54,181,130,1,3,240,268,184,267,"(233, 268, 90, 240)","(181, 267, 130, 184)"
2347668.jpg,sitting on,nightstand,125,84,171,8,book,16,46,158,42,1,3,92,296,88,174,"(171, 296, 8, 92)","(158, 174, 42, 88)"
2353412.jpg,sitting on,desk,190,221,180,0,cd,10,74,102,135,1,3,221,370,209,112,"(180, 370, 0, 221)","(102, 112, 135, 209)"
1159787.jpg,wearing,scarf,55,60,150,210,man,204,110,111,199,0,3,270,205,309,315,"(150, 205, 210, 270)","(111, 315, 199, 309)"
2407579.jpg,lying on,doorstep,44,186,455,78,cat,38,108,443,163,0,3,264,499,271,481,"(455, 499, 78, 264)","(443, 481, 163, 271)"
2384242.jpg,parked on,road,20,153,94,7,car,43,116,56,41,0,3,160,114,157,99,"(94, 114, 7, 160)","(56, 99, 41, 157)"
2416156.jpg,sitting on,bench,178,202,99,258,girl,224,191,39,307,1,3,460,277,498,263,"(99, 277, 258, 460)","(39, 263, 307, 498)"
2415803.jpg,carrying,bag,50,32,192,301,man,221,74,74,262,0,3,333,242,336,295,"(192, 242, 301, 333)","(74, 295, 262, 336)"
2352417.jpg,says,area,26,60,201,257,sign,116,86,125,247,0,3,317,227,333,241,"(201, 227, 257, 317)","(125, 241, 247, 333)"
2384386.jpg,wearing,shoe,17,24,227,404,man,239,56,5,404,0,3,428,244,460,244,"(227, 244, 404, 428)","(5, 244, 404, 460)"
2398495.jpg,sitting on,floor,109,494,265,2,woman,190,196,185,184,1,3,496,374,380,375,"(265, 374, 2, 496)","(185, 375, 184, 380)"
2344915.jpg,wearing,shirt,82,77,132,193,man,257,77,96,187,0,3,270,214,264,353,"(132, 214, 193, 270)","(96, 353, 187, 264)"
3693.jpg,sitting on,branch,77,492,270,4,bird,192,133,107,300,1,3,496,347,433,299,"(270, 347, 4, 496)","(107, 299, 300, 433)"
2388111.jpg,wearing,earrings,16,98,133,112,woman,486,259,12,30,0,3,210,149,289,498,"(133, 149, 112, 210)","(12, 498, 30, 289)"
2272.jpg,wearing,hat,37,40,259,93,person,142,80,268,59,0,3,133,296,139,410,"(259, 296, 93, 133)","(268, 410, 59, 139)"
2337830.jpg,wearing,hat,22,34,100,58,man,114,78,104,50,0,3,92,122,128,218,"(100, 122, 58, 92)","(104, 218, 50, 128)"
2401399.jpg,standing on,surfboard,23,35,205,364,man,83,67,117,342,0,3,399,228,409,200,"(205, 228, 364, 399)","(117, 200, 342, 409)"
4687.jpg,walking on,staircase,371,479,1,0,person,39,36,238,420,0,3,479,372,456,277,"(1, 372, 0, 479)","(238, 277, 420, 456)"
2351813.jpg,wearing,shirt,157,153,100,24,man,290,141,42,27,0,3,177,257,168,332,"(100, 257, 24, 177)","(42, 332, 27, 168)"
2350895.jpg,wearing,sweater,25,35,334,283,woman,176,116,37,115,0,3,318,359,231,213,"(334, 359, 283, 318)","(37, 213, 115, 231)"
2341948.jpg,sitting on,ground,77,157,191,331,giraffe,205,217,59,105,1,3,488,268,322,264,"(191, 268, 331, 488)","(59, 264, 105, 322)"
2377991.jpg,sitting on,bench,137,302,171,142,people,237,189,87,179,1,3,444,308,368,324,"(171, 308, 142, 444)","(87, 324, 179, 368)"
2410676.jpg,sitting on,table,53,89,250,411,laptop,92,112,172,388,1,3,500,303,500,264,"(250, 303, 411, 500)","(172, 264, 388, 500)"
2333863.jpg,mounted on,wall,496,313,1,1,sign,64,99,12,12,0,3,314,497,111,76,"(1, 497, 1, 314)","(12, 76, 12, 111)"
392.jpg,sitting on,desk,133,497,242,3,keyboard,44,173,264,205,1,3,500,375,378,308,"(242, 375, 3, 500)","(264, 308, 205, 378)"
2399500.jpg,sitting on,bench,56,61,179,99,man,71,45,176,113,1,3,160,235,158,247,"(179, 235, 99, 160)","(176, 247, 113, 158)"
998.jpg,wearing,dress,83,27,196,419,woman,118,31,176,417,0,3,446,279,448,294,"(196, 279, 419, 446)","(176, 294, 417, 448)"
2338410.jpg,walking in,dirt,84,495,114,0,elephant,36,40,157,250,0,3,495,198,290,193,"(114, 198, 0, 495)","(157, 193, 250, 290)"
2401880.jpg,sitting on,tray,419,359,0,2,doughnut,90,139,254,197,1,3,361,419,336,344,"(0, 419, 2, 361)","(254, 344, 197, 336)"
107907.jpg,sitting on,ground,184,235,554,578,bench,83,85,464,672,1,3,813,738,757,547,"(554, 738, 578, 813)","(464, 547, 672, 757)"
2388438.jpg,wearing,pants,133,78,49,342,man,204,102,2,331,0,3,420,182,433,206,"(49, 182, 342, 420)","(2, 206, 331, 433)"
2345231.jpg,sitting on,laptop,222,279,276,52,paw,57,68,317,78,1,3,331,498,146,374,"(276, 498, 52, 331)","(317, 374, 78, 146)"
1401.jpg,sitting on,sofa,26,35,371,537,person,49,49,376,547,1,3,572,397,596,425,"(371, 397, 537, 572)","(376, 425, 547, 596)"
2315815.jpg,sitting on,chair,393,356,103,17,man,398,363,100,6,1,3,373,496,369,498,"(103, 496, 17, 373)","(100, 498, 6, 369)"
498139.jpg,sitting on,pavement,1019,762,3,4,basket,110,241,912,446,1,3,766,1022,687,1022,"(3, 1022, 4, 766)","(912, 1022, 446, 687)"
1159375.jpg,painted on,street,445,661,571,18,lines,86,315,646,2,0,3,679,1016,317,732,"(571, 1016, 18, 679)","(646, 732, 2, 317)"
1928.jpg,sitting on,sidewalk,58,654,407,127,sign,138,72,341,659,1,3,781,465,731,479,"(407, 465, 127, 781)","(341, 479, 659, 731)"
2376560.jpg,sitting on,shelf,213,151,124,297,food,65,32,115,407,1,3,448,337,439,180,"(124, 337, 297, 448)","(115, 180, 407, 439)"
2369183.jpg,sitting on,chair,77,54,148,278,purse,21,19,161,306,1,3,332,225,325,182,"(148, 225, 278, 332)","(161, 182, 306, 325)"
2381641.jpg,sitting on,road,232,495,45,1,bus,45,194,1,247,1,3,496,277,441,46,"(45, 277, 1, 496)","(1, 46, 247, 441)"
2398138.jpg,sitting on,counter,218,485,147,11,plates,113,184,186,304,1,3,496,365,488,299,"(147, 365, 11, 496)","(186, 299, 304, 488)"
2408326.jpg,sitting on,stove,62,225,271,246,pot,67,132,223,264,1,3,471,333,396,290,"(271, 333, 246, 471)","(223, 290, 264, 396)"
2353984.jpg,wearing,shirt,48,32,55,50,male,132,58,35,43,0,3,82,103,101,167,"(55, 103, 50, 82)","(35, 167, 43, 101)"
2405001.jpg,growing on,tree,166,128,1,131,leaf,24,11,35,149,0,3,259,167,160,59,"(1, 167, 131, 259)","(35, 59, 149, 160)"
2376557.jpg,sitting on,table,305,374,190,0,monkey,192,195,234,93,1,3,374,495,288,426,"(190, 495, 0, 374)","(234, 426, 93, 288)"
2345321.jpg,sitting on,bench,288,498,84,0,man,299,407,1,92,1,3,498,372,499,300,"(84, 372, 0, 498)","(1, 300, 92, 499)"
2405387.jpg,wearing,boot,20,9,231,159,woman,182,72,86,124,0,3,168,251,196,268,"(231, 251, 159, 168)","(86, 268, 124, 196)"
2389099.jpg,sitting on,fence,119,293,92,207,post,46,7,0,277,1,3,500,211,284,46,"(92, 211, 207, 500)","(0, 46, 277, 284)"
2371923.jpg,sitting on,ground,26,155,269,344,chair,117,69,151,379,1,3,499,295,448,268,"(269, 295, 344, 499)","(151, 268, 379, 448)"
2362998.jpg,mounted on,pole,28,12,62,247,light,41,13,52,247,0,3,259,90,260,93,"(62, 90, 247, 259)","(52, 93, 247, 260)"
2392397.jpg,sitting on,carpet,154,475,211,11,chair,155,79,189,1,1,3,486,365,80,344,"(211, 365, 11, 486)","(189, 344, 1, 80)"
2382102.jpg,standing on,boat,127,26,205,473,man,91,47,189,452,0,3,499,332,499,280,"(205, 332, 473, 499)","(189, 280, 452, 499)"
2349348.jpg,sitting on,ground,233,470,242,18,cat,137,147,255,183,1,3,488,475,330,392,"(242, 475, 18, 488)","(255, 392, 183, 330)"
2315685.jpg,sitting on,bleacher,123,268,68,45,man,57,48,30,86,1,3,313,191,134,87,"(68, 191, 45, 313)","(30, 87, 86, 134)"
2330963.jpg,wearing,shirt,11,11,195,302,person,41,19,183,302,0,3,313,206,321,224,"(195, 206, 302, 313)","(183, 224, 302, 321)"
732.jpg,wearing,shorts,37,48,373,552,man,195,70,283,538,0,3,600,410,608,478,"(373, 410, 552, 600)","(283, 478, 538, 608)"
2399799.jpg,sitting on,bench,53,171,173,181,woman,90,36,143,266,1,3,352,226,302,233,"(173, 226, 181, 352)","(143, 233, 266, 302)"
2372954.jpg,sitting on,counter,121,498,242,0,plate,26,59,262,271,1,3,498,363,330,288,"(242, 363, 0, 498)","(262, 288, 271, 330)"
2340448.jpg,sitting on,table,352,497,20,1,cup,72,32,212,467,1,3,498,372,499,284,"(20, 372, 1, 498)","(212, 284, 467, 499)"
2409142.jpg,wearing,shirt,49,48,419,60,people,99,56,395,52,0,3,108,468,108,494,"(419, 468, 60, 108)","(395, 494, 52, 108)"
2349436.jpg,wearing,watch,23,21,275,193,man,281,239,51,138,0,3,214,298,377,332,"(275, 298, 193, 214)","(51, 332, 138, 377)"
4383.jpg,sitting on,chair,25,24,193,140,woman,35,15,183,148,1,3,164,218,163,218,"(193, 218, 140, 164)","(183, 218, 148, 163)"
2405262.jpg,wearing,boot,83,45,147,275,snowboarder,229,151,0,267,0,3,320,230,418,229,"(147, 230, 275, 320)","(0, 229, 267, 418)"
2355541.jpg,sitting on,bench,20,54,126,92,people,40,62,113,29,1,3,146,146,91,153,"(126, 146, 92, 146)","(113, 153, 29, 91)"
2388453.jpg,sitting on,desk,40,330,335,1,plant,111,46,242,246,1,3,331,375,292,353,"(335, 375, 1, 331)","(242, 353, 246, 292)"
2362962.jpg,standing on,hill,104,440,226,59,cow,131,92,105,203,0,3,499,330,295,236,"(226, 330, 59, 499)","(105, 236, 203, 295)"
2377685.jpg,wearing,helmet,19,23,195,225,rider,88,55,196,218,0,3,248,214,273,284,"(195, 214, 225, 248)","(196, 284, 218, 273)"
2376557.jpg,sitting on,table,305,374,190,0,bowl,97,292,190,36,1,3,374,495,328,287,"(190, 495, 0, 374)","(190, 287, 36, 328)"
2402814.jpg,wearing,jacket,45,19,155,172,man,79,22,146,173,0,3,191,200,195,225,"(155, 200, 172, 191)","(146, 225, 173, 195)"
2349379.jpg,wearing,jeans,70,99,229,148,girl,206,123,84,170,0,3,247,299,293,290,"(229, 299, 148, 247)","(84, 290, 170, 293)"
2356099.jpg,sitting on,shelf,8,42,138,330,book,34,8,108,352,1,3,372,146,360,142,"(138, 146, 330, 372)","(108, 142, 352, 360)"
2362015.jpg,wearing,pack,24,44,197,296,man,104,91,143,271,0,3,340,221,362,247,"(197, 221, 296, 340)","(143, 247, 271, 362)"
2372399.jpg,sitting on,floor,239,325,260,44,cat,227,168,269,206,1,3,369,499,374,496,"(260, 499, 44, 369)","(269, 496, 206, 374)"
2363435.jpg,wearing,belt,29,24,247,210,woman,145,162,152,100,0,3,234,276,262,297,"(247, 276, 210, 234)","(152, 297, 100, 262)"
2413503.jpg,sitting on,snow,231,498,143,1,person,75,87,243,319,1,3,499,374,406,318,"(143, 374, 1, 499)","(243, 318, 319, 406)"
150438.jpg,wearing,jeans,144,62,451,311,man,265,88,339,297,0,3,373,595,385,604,"(451, 595, 311, 373)","(339, 604, 297, 385)"
2336716.jpg,sitting on,grass,235,498,95,1,person,70,34,112,325,1,3,499,330,359,182,"(95, 330, 1, 499)","(112, 182, 325, 359)"
2315450.jpg,sitting on,bench,72,141,218,7,person,100,48,178,10,1,3,148,290,58,278,"(218, 290, 7, 148)","(178, 278, 10, 58)"
115.jpg,sitting on,leather,75,255,93,1,man,195,120,26,1,1,3,256,168,121,221,"(93, 168, 1, 256)","(26, 221, 1, 121)"
2405448.jpg,sitting on,countertop,118,264,214,235,bottle,61,27,163,383,1,3,499,332,410,224,"(214, 332, 235, 499)","(163, 224, 383, 410)"
971.jpg,sitting on,table,90,224,445,354,man,111,60,388,507,1,3,578,535,567,499,"(445, 535, 354, 578)","(388, 499, 507, 567)"
2403192.jpg,wearing,glove,41,33,218,286,person,292,219,18,278,0,3,319,259,497,310,"(218, 259, 286, 319)","(18, 310, 278, 497)"
2348553.jpg,wearing,shorts,65,130,54,162,man,217,220,6,138,0,3,292,119,358,223,"(54, 119, 162, 292)","(6, 223, 138, 358)"
2323613.jpg,wearing,pants,74,28,171,102,man,148,41,112,100,0,3,130,245,141,260,"(171, 245, 102, 130)","(112, 260, 100, 141)"
2338790.jpg,sitting on,ground,88,82,30,416,bench,203,174,50,303,1,3,498,118,477,253,"(30, 118, 416, 498)","(50, 253, 303, 477)"
2382819.jpg,sitting on,tablecloth,94,499,1,1,plate,373,499,1,0,1,3,500,95,499,374,"(1, 95, 1, 500)","(1, 374, 0, 499)"
2349954.jpg,sitting on,grass,108,57,129,442,person,457,180,0,3,1,3,499,237,183,457,"(129, 237, 442, 499)","(0, 457, 3, 183)"
4888.jpg,sitting on,counter,15,84,139,283,vase,22,17,124,306,1,3,367,154,323,146,"(139, 154, 283, 367)","(124, 146, 306, 323)"
2414925.jpg,sitting on,desk,124,495,207,3,keyboard,58,270,259,129,1,3,498,331,399,317,"(207, 331, 3, 498)","(259, 317, 129, 399)"
2389424.jpg,sitting on,box,28,40,251,194,man,77,43,199,209,1,3,234,279,252,276,"(251, 279, 194, 234)","(199, 276, 209, 252)"
2381968.jpg,wearing,glasses,16,28,64,172,man,199,154,41,158,0,3,200,80,312,240,"(64, 80, 172, 200)","(41, 240, 158, 312)"
2355720.jpg,hanging from,oven,343,325,128,42,towel,161,84,235,219,0,3,367,471,303,396,"(128, 471, 42, 367)","(235, 396, 219, 303)"
2372573.jpg,sitting on,table,262,285,68,2,panda,226,217,2,2,1,3,287,330,219,228,"(68, 330, 2, 287)","(2, 228, 2, 219)"
1812.jpg,wearing,hat,13,19,708,361,man,91,62,704,335,0,3,380,721,397,795,"(708, 721, 361, 380)","(704, 795, 335, 397)"
2370999.jpg,wearing,cap,13,20,244,17,man,29,35,245,12,0,3,37,257,47,274,"(244, 257, 17, 37)","(245, 274, 12, 47)"
2382943.jpg,sitting on,grass,135,461,240,39,kid,57,56,282,171,1,3,500,375,227,339,"(240, 375, 39, 500)","(282, 339, 171, 227)"
1592829.jpg,sitting on,table,54,114,562,476,plate,71,134,421,282,1,3,590,616,416,492,"(562, 616, 476, 590)","(421, 492, 282, 416)"
2251.jpg,painted on,van,99,118,501,463,logo,30,41,544,499,0,3,581,600,540,574,"(501, 600, 463, 581)","(544, 574, 499, 540)"
2356329.jpg,sitting on,beach,312,498,125,1,person,12,14,150,225,1,3,499,437,239,162,"(125, 437, 1, 499)","(150, 162, 225, 239)"
2408700.jpg,sitting on,lot,67,495,227,0,plane,70,175,180,179,1,3,495,294,354,250,"(227, 294, 0, 495)","(180, 250, 179, 354)"
2323490.jpg,sitting on,ground,279,498,51,0,person,38,38,264,437,1,3,498,330,475,302,"(51, 330, 0, 498)","(264, 302, 437, 475)"
2397652.jpg,wearing,shorts,74,94,167,149,man,248,136,56,87,0,3,243,241,223,304,"(167, 241, 149, 243)","(56, 304, 87, 223)"
2391941.jpg,wearing,shirt,103,115,104,155,man,218,120,59,154,0,3,270,207,274,277,"(104, 207, 155, 270)","(59, 277, 154, 274)"
713227.jpg,sitting on,couch,325,679,695,34,boy,236,241,708,382,1,3,713,1020,623,944,"(695, 1020, 34, 713)","(708, 944, 382, 623)"
2383932.jpg,sitting on,couch,115,497,108,1,guy,184,149,23,6,1,3,498,223,155,207,"(108, 223, 1, 498)","(23, 207, 6, 155)"
2391636.jpg,sitting on,bed,373,280,126,91,boy,428,295,1,71,1,3,371,499,366,429,"(126, 499, 91, 371)","(1, 429, 71, 366)"
2362337.jpg,wearing,shoe,85,107,299,18,man,349,461,130,20,0,3,125,384,481,479,"(299, 384, 18, 125)","(130, 479, 20, 481)"
1628.jpg,wearing,pants,72,45,375,618,man,152,78,297,606,0,3,663,447,684,449,"(375, 447, 618, 663)","(297, 449, 606, 684)"
2394863.jpg,sitting on,tray,107,267,2,232,glass,72,49,5,450,1,3,499,109,499,77,"(2, 109, 232, 499)","(5, 77, 450, 499)"
2351544.jpg,eating,pizza,52,114,145,272,man,263,215,48,233,0,3,386,197,448,311,"(145, 197, 272, 386)","(48, 311, 233, 448)"
2354804.jpg,wearing,shoe,27,19,472,230,boy,290,135,210,22,0,3,249,499,157,500,"(472, 499, 230, 249)","(210, 500, 22, 157)"
2411412.jpg,riding,bicycle,47,39,217,98,man,67,32,187,101,0,3,137,264,133,254,"(217, 264, 98, 137)","(187, 254, 101, 133)"
1593155.jpg,wearing,hat,52,76,521,71,person,52,76,521,71,0,3,147,573,147,573,"(521, 573, 71, 147)","(521, 573, 71, 147)"
498340.jpg,painted on,bumper,124,344,376,132,letters,44,37,409,355,0,3,476,500,392,453,"(376, 500, 132, 476)","(409, 453, 355, 392)"
2336714.jpg,wearing,hat,28,37,61,143,boy,356,230,61,0,0,3,180,89,230,417,"(61, 89, 143, 180)","(61, 417, 0, 230)"
2319216.jpg,sitting on,motorcycle,344,308,155,17,person,445,285,18,31,1,3,325,499,316,463,"(155, 499, 17, 325)","(18, 463, 31, 316)"
2367312.jpg,riding,wave,137,494,141,3,lady,90,86,129,238,0,3,497,278,324,219,"(141, 278, 3, 497)","(129, 219, 238, 324)"
2394816.jpg,carrying,bag,81,71,297,172,woman,345,167,39,108,0,3,243,378,275,384,"(297, 378, 172, 243)","(39, 384, 108, 275)"
2343675.jpg,wearing,watch,21,20,145,213,man,219,123,110,193,0,3,233,166,316,329,"(145, 166, 213, 233)","(110, 329, 193, 316)"
2339660.jpg,sitting on,shelf,82,248,384,66,basket,49,45,375,156,1,3,314,466,201,424,"(384, 466, 66, 314)","(375, 424, 156, 201)"
2381603.jpg,wearing,jacket,41,57,118,120,girl,199,132,89,104,0,3,177,159,236,288,"(118, 159, 120, 177)","(89, 288, 104, 236)"
2394743.jpg,sitting on,chair,25,14,158,472,woman,18,8,161,483,1,3,486,183,491,179,"(158, 183, 472, 486)","(161, 179, 483, 491)"
2399536.jpg,sitting on,beach,34,495,299,2,tower,39,46,276,406,1,3,497,333,452,315,"(299, 333, 2, 497)","(276, 315, 406, 452)"
2353157.jpg,lying on,ground,308,489,18,8,animal,71,89,135,235,0,3,497,326,324,206,"(18, 326, 8, 497)","(135, 206, 235, 324)"
2408158.jpg,wearing,jeans,133,132,214,184,people,243,131,123,187,0,3,316,347,318,366,"(214, 347, 184, 316)","(123, 366, 187, 318)"
2408216.jpg,wearing,collar,10,16,313,103,dog,106,49,296,82,0,3,119,323,131,402,"(313, 323, 103, 119)","(296, 402, 82, 131)"
2352594.jpg,sitting on,bench,322,323,142,8,peacock,475,180,24,152,1,3,331,464,332,499,"(142, 464, 8, 331)","(24, 499, 152, 332)"
2398534.jpg,sitting on,window,40,197,2,175,container,92,52,13,359,1,3,372,42,411,105,"(2, 42, 175, 372)","(13, 105, 359, 411)"
2327239.jpg,covered in,mud,215,249,19,235,elephant,113,52,49,398,0,3,484,234,450,162,"(19, 234, 235, 484)","(49, 162, 398, 450)"
2397131.jpg,sitting on,branch,99,499,164,0,bird,118,70,57,260,1,3,499,263,330,175,"(164, 263, 0, 499)","(57, 175, 260, 330)"
2370664.jpg,eating,donut,36,57,203,354,man,277,196,98,303,0,3,411,239,499,375,"(203, 239, 354, 411)","(98, 375, 303, 499)"
2342454.jpg,sitting on,wall,52,22,152,157,others,93,40,99,156,1,3,179,204,196,192,"(152, 204, 157, 179)","(99, 192, 156, 196)"
2352306.jpg,sitting on,water,52,183,277,206,man,34,25,276,282,1,3,389,329,307,310,"(277, 329, 206, 389)","(276, 310, 282, 307)"
3369.jpg,wearing,shirt,165,106,253,641,woman,430,161,167,599,0,3,747,418,760,597,"(253, 418, 641, 747)","(167, 597, 599, 760)"
2403927.jpg,sitting on,carpet,301,485,69,4,cup,51,28,28,351,1,3,489,370,379,79,"(69, 370, 4, 489)","(28, 79, 351, 379)"
2345820.jpg,wearing,cap,55,67,24,284,man,297,210,30,156,0,3,351,79,366,327,"(24, 79, 284, 351)","(30, 327, 156, 366)"
2367747.jpg,carrying,bag,12,11,251,138,woman,62,34,233,134,0,3,149,263,168,295,"(251, 263, 138, 149)","(233, 295, 134, 168)"
286023.jpg,sitting on,table,322,908,451,73,glass,158,83,264,488,1,3,981,773,571,422,"(451, 773, 73, 981)","(264, 422, 488, 571)"
2383222.jpg,wearing,shoe,67,40,354,367,man,414,164,8,284,0,3,407,421,448,422,"(354, 421, 367, 407)","(8, 422, 284, 448)"
2362299.jpg,sitting on,barrel,80,50,186,58,bottle,32,17,155,53,1,3,108,266,70,187,"(186, 266, 58, 108)","(155, 187, 53, 70)"
2354255.jpg,playing,outside,497,329,2,2,child,283,162,217,83,0,3,331,499,245,500,"(2, 499, 2, 331)","(217, 500, 83, 245)"
2369449.jpg,sitting on,couch,132,127,366,247,person,116,55,337,248,1,3,374,498,303,453,"(366, 498, 247, 374)","(337, 453, 248, 303)"
2364851.jpg,wearing,jeans,166,86,165,147,man,322,109,10,135,0,3,233,331,244,332,"(165, 331, 147, 233)","(10, 332, 135, 244)"
2383829.jpg,wearing,pads,75,90,167,174,man,262,194,6,99,0,3,264,242,293,268,"(167, 242, 174, 264)","(6, 268, 99, 293)"
2412158.jpg,riding,bike,63,45,189,280,girl,102,34,143,290,0,3,325,252,324,245,"(189, 252, 280, 325)","(143, 245, 290, 324)"
2344302.jpg,wearing,shirt,58,76,142,196,man,269,213,55,111,0,3,272,200,324,324,"(142, 200, 196, 272)","(55, 324, 111, 324)"
2342228.jpg,sitting on,signal,180,173,91,70,bird,54,51,53,211,1,3,243,271,262,107,"(91, 271, 70, 243)","(53, 107, 211, 262)"
2410072.jpg,standing on,road,164,499,184,0,cow,97,96,121,355,0,3,499,348,451,218,"(184, 348, 0, 499)","(121, 218, 355, 451)"
2403811.jpg,painted on,road,471,325,28,0,line,150,114,349,0,0,3,325,499,114,499,"(28, 499, 0, 325)","(349, 499, 0, 114)"
1669.jpg,sitting on,desk,229,740,363,23,computer,248,202,171,189,1,3,763,592,391,419,"(363, 592, 23, 763)","(171, 419, 189, 391)"
2330459.jpg,sitting on,stone,95,118,124,194,cleopatra,83,65,105,201,1,3,312,219,266,188,"(124, 219, 194, 312)","(105, 188, 201, 266)"
2400579.jpg,wearing,hat,47,61,96,166,man,289,138,120,82,0,3,227,143,220,409,"(96, 143, 166, 227)","(120, 409, 82, 220)"
2354779.jpg,sitting on,couch,158,171,213,1,girl,191,91,176,48,1,3,172,371,139,367,"(213, 371, 1, 172)","(176, 367, 48, 139)"
2417646.jpg,sitting on,counter,125,297,185,188,appliance,20,26,167,335,1,3,485,310,361,187,"(185, 310, 188, 485)","(167, 187, 335, 361)"
2371732.jpg,walking on,path,139,113,171,364,person,310,179,189,98,0,3,477,310,277,499,"(171, 310, 364, 477)","(189, 499, 98, 277)"
2386632.jpg,wearing,watch,12,12,385,313,man,88,56,360,289,0,3,325,397,345,448,"(385, 397, 313, 325)","(360, 448, 289, 345)"
1159344.jpg,sitting on,chair,314,363,253,297,cat,227,188,338,411,1,3,660,567,599,565,"(253, 567, 297, 660)","(338, 565, 411, 599)"
2377329.jpg,wearing,shirt,191,238,89,119,boy,279,243,1,114,0,3,357,280,357,280,"(89, 280, 119, 357)","(1, 280, 114, 357)"
2400574.jpg,sitting on,table,167,175,207,104,magazine,31,71,268,117,1,3,279,374,188,299,"(207, 374, 104, 279)","(268, 299, 117, 188)"
2348024.jpg,walking on,sidewalk,60,380,313,3,person,50,19,310,133,0,3,383,373,152,360,"(313, 373, 3, 383)","(310, 360, 133, 152)"
2413998.jpg,sitting on,horse,228,352,115,69,policeman,229,77,24,197,1,3,421,343,274,253,"(115, 343, 69, 421)","(24, 253, 197, 274)"
2338787.jpg,sitting on,grass,68,282,227,156,people,40,98,229,169,1,3,438,295,267,269,"(227, 295, 156, 438)","(229, 269, 169, 267)"
2320776.jpg,sitting on,couch,36,42,216,387,person,223,98,178,202,1,3,429,252,300,401,"(216, 252, 387, 429)","(178, 401, 202, 300)"
2384383.jpg,sitting on,bench,27,361,179,2,person,169,115,90,304,1,3,363,206,419,259,"(179, 206, 2, 363)","(90, 259, 304, 419)"
115.jpg,sitting on,couch,75,255,93,1,people,210,208,16,0,1,3,256,168,208,226,"(93, 168, 1, 256)","(16, 226, 0, 208)"
2412650.jpg,wearing,hat,14,26,114,277,boy,225,84,111,256,0,3,303,128,340,336,"(114, 128, 277, 303)","(111, 336, 256, 340)"
2417615.jpg,wearing,helmets,16,25,162,81,people,72,39,159,76,0,3,106,178,115,231,"(162, 178, 81, 106)","(159, 231, 76, 115)"
2404111.jpg,lying on,ground,75,89,258,170,sticks,84,100,249,39,0,3,259,333,139,333,"(258, 333, 170, 259)","(249, 333, 39, 139)"
2409529.jpg,covering,tunnel,29,41,164,138,trees,167,301,20,0,0,3,179,193,301,187,"(164, 193, 138, 179)","(20, 187, 0, 301)"
2356099.jpg,sitting on,shelf,12,42,186,331,book,34,6,158,339,1,3,373,198,345,192,"(186, 198, 331, 373)","(158, 192, 339, 345)"
2358399.jpg,riding,horse,164,60,89,76,man,166,86,28,69,0,3,136,253,155,194,"(89, 253, 76, 136)","(28, 194, 69, 155)"
2342915.jpg,riding,bicycle,24,32,220,112,man,57,32,190,110,0,3,144,244,142,247,"(220, 244, 112, 144)","(190, 247, 110, 142)"
2371689.jpg,wearing,hat,33,39,75,298,boy,225,238,27,143,0,3,337,108,381,252,"(75, 108, 298, 337)","(27, 252, 143, 381)"
2363474.jpg,wearing,helmet,16,26,195,17,man,130,46,191,4,0,3,43,211,50,321,"(195, 211, 17, 43)","(191, 321, 4, 50)"
2336037.jpg,sitting on,table,494,494,3,2,napkin,461,490,37,0,1,3,496,497,490,498,"(3, 497, 2, 496)","(37, 498, 0, 490)"
2394980.jpg,hanging from,ceiling,17,39,14,197,strip,93,28,33,137,0,3,236,31,165,126,"(14, 31, 197, 236)","(33, 126, 137, 165)"
2320344.jpg,wearing,hats,28,17,150,118,people,85,42,151,112,0,3,135,178,154,236,"(150, 178, 118, 135)","(151, 236, 112, 154)"
2320546.jpg,sitting on,table,70,98,246,398,figurine,47,62,227,414,1,3,496,316,476,274,"(246, 316, 398, 496)","(227, 274, 414, 476)"
2391930.jpg,sitting on,couch,118,364,210,11,man,77,161,207,67,1,3,375,328,228,284,"(210, 328, 11, 375)","(207, 284, 67, 228)"
2413122.jpg,wearing,boot,47,16,254,56,woman,182,74,120,18,0,3,72,301,92,302,"(254, 301, 56, 72)","(120, 302, 18, 92)"
713119.jpg,sitting on,sidewalk,323,1018,348,3,cart,290,404,337,457,1,3,1021,671,861,627,"(348, 671, 3, 1021)","(337, 627, 457, 861)"
4978.jpg,walking on,sidewalk,266,387,329,364,person,154,65,338,434,0,3,751,595,499,492,"(329, 595, 364, 751)","(338, 492, 434, 499)"
2379790.jpg,covering,fence,116,495,4,3,snow,112,121,68,327,0,3,498,120,448,180,"(4, 120, 3, 498)","(68, 180, 327, 448)"
2354596.jpg,sitting on,steps,115,147,70,227,person,41,27,45,347,1,3,374,185,374,86,"(70, 185, 227, 374)","(45, 86, 347, 374)"
2347024.jpg,carrying,people,106,113,108,21,elephant,166,111,187,18,0,3,134,214,129,353,"(108, 214, 21, 134)","(187, 353, 18, 129)"
2322694.jpg,wearing,shirt,97,112,170,103,person,129,140,141,112,0,3,215,267,252,270,"(170, 267, 103, 215)","(141, 270, 112, 252)"
2346930.jpg,watching,runner,90,62,141,156,batter,104,110,229,287,0,3,218,231,397,333,"(141, 231, 156, 218)","(229, 333, 287, 397)"
2411621.jpg,sitting on,field,232,499,70,1,bird,4,4,83,376,1,3,500,302,380,87,"(70, 302, 1, 500)","(83, 87, 376, 380)"
2364989.jpg,wearing,helmet,15,26,50,446,catcher,137,134,51,364,0,3,472,65,498,188,"(50, 65, 446, 472)","(51, 188, 364, 498)"
2407485.jpg,wearing,goggles,11,28,140,323,snowboarder,107,108,125,264,0,3,351,151,372,232,"(140, 151, 323, 351)","(125, 232, 264, 372)"
2368363.jpg,covered in,trees,48,134,225,3,hillside,100,225,175,1,0,3,137,273,226,275,"(225, 273, 3, 137)","(175, 275, 1, 226)"
2386275.jpg,wearing,sunglasses,7,20,75,205,man,206,103,57,168,0,3,225,82,271,263,"(75, 82, 205, 225)","(57, 263, 168, 271)"
2407672.jpg,watching,activity,171,334,47,32,spectators,145,229,16,7,0,3,366,218,236,161,"(47, 218, 32, 366)","(16, 161, 7, 236)"
2405299.jpg,wearing,hat,14,23,116,156,man,125,34,118,146,0,3,179,130,180,243,"(116, 130, 156, 179)","(118, 243, 146, 180)"
2380237.jpg,sitting on,grass,221,499,112,0,person,103,104,17,385,1,3,499,333,489,120,"(112, 333, 0, 499)","(17, 120, 385, 489)"
2321007.jpg,painted on,sign,217,483,76,1,word,28,49,154,206,0,3,484,293,255,182,"(76, 293, 1, 484)","(154, 182, 206, 255)"
2410836.jpg,wearing,helmet,19,40,63,251,man,196,289,44,194,0,3,291,82,483,240,"(63, 82, 251, 291)","(44, 240, 194, 483)"
2390645.jpg,watching,tv,82,127,92,353,boy,56,39,232,455,0,3,480,174,494,288,"(92, 174, 353, 480)","(232, 288, 455, 494)"
2389669.jpg,hanging from,wall,323,152,160,91,towel,234,48,222,131,0,3,243,483,179,456,"(160, 483, 91, 243)","(222, 456, 131, 179)"
2406995.jpg,wearing,shirt,46,38,297,9,friend,228,193,57,70,0,3,47,343,263,285,"(297, 343, 9, 47)","(57, 285, 70, 263)"
2381670.jpg,sitting on,blanket,37,52,285,332,people,110,108,209,280,1,3,384,322,388,319,"(285, 322, 332, 384)","(209, 319, 280, 388)"
2359411.jpg,wearing,glasses,21,66,72,171,guy,216,159,26,159,0,3,237,93,318,242,"(72, 93, 171, 237)","(26, 242, 159, 318)"
2340448.jpg,sitting on,plate,72,142,299,0,food,5,7,357,50,1,3,142,371,57,362,"(299, 371, 0, 142)","(357, 362, 50, 57)"
712988.jpg,covering,wall,292,296,350,272,tile,83,73,346,386,0,3,568,642,459,429,"(350, 642, 272, 568)","(346, 429, 386, 459)"
2393690.jpg,sitting on,table,216,500,64,0,cake,119,447,74,7,1,3,500,280,454,193,"(64, 280, 0, 500)","(74, 193, 7, 454)"
2413965.jpg,sitting on,grass,245,482,61,0,cone,35,17,114,0,1,3,482,306,17,149,"(61, 306, 0, 482)","(114, 149, 0, 17)"
2356030.jpg,sitting on,building,233,315,26,185,bird,10,6,47,364,1,3,500,259,370,57,"(26, 259, 185, 500)","(47, 57, 364, 370)"
2316586.jpg,sitting on,floor,141,498,234,0,people,104,126,183,44,1,3,498,375,170,287,"(234, 375, 0, 498)","(183, 287, 44, 170)"
2414421.jpg,sitting on,ground,104,496,227,2,towel,27,119,293,5,1,3,498,331,124,320,"(227, 331, 2, 498)","(293, 320, 5, 124)"
2363994.jpg,wearing,shirt,94,73,237,69,man,273,314,95,0,0,3,142,331,314,368,"(237, 331, 69, 142)","(95, 368, 0, 314)"
2320246.jpg,hanging from,mantel,43,99,280,400,stocking,83,37,291,450,0,3,499,323,487,374,"(280, 323, 400, 499)","(291, 374, 450, 487)"
2321944.jpg,wearing,shirt,145,149,142,158,child,298,181,75,156,0,3,307,287,337,373,"(142, 287, 158, 307)","(75, 373, 156, 337)"
2338004.jpg,wearing,shirt,66,60,145,237,man,175,74,118,227,0,3,297,211,301,293,"(145, 211, 237, 297)","(118, 293, 227, 301)"
2402814.jpg,walking on,sidewalk,36,234,224,98,people,104,83,143,171,0,3,332,260,254,247,"(224, 260, 98, 332)","(143, 247, 171, 254)"
2373172.jpg,hanging from,ceiling,46,72,24,242,chandelier,51,43,92,268,0,3,314,70,311,143,"(24, 70, 242, 314)","(92, 143, 268, 311)"
2368398.jpg,wearing,vest,270,188,129,142,woman,398,254,1,73,0,3,330,399,327,399,"(129, 399, 142, 330)","(1, 399, 73, 327)"
2403798.jpg,standing on,counter,304,360,70,0,toothbrush,120,24,59,138,0,3,360,374,162,179,"(70, 374, 0, 360)","(59, 179, 138, 162)"
2337217.jpg,sitting on,chair,65,81,173,182,pillow,51,64,176,198,1,3,263,238,262,227,"(173, 238, 182, 263)","(176, 227, 198, 262)"
2367506.jpg,wearing,facemask,32,25,192,130,catcher,112,136,168,50,0,3,155,224,186,280,"(192, 224, 130, 155)","(168, 280, 50, 186)"
2368723.jpg,sitting on,wheelchair,323,329,177,4,man,425,323,29,10,1,3,333,500,333,454,"(177, 500, 4, 333)","(29, 454, 10, 333)"
2345568.jpg,wearing,shirt,31,37,112,49,woman,79,38,98,46,0,3,86,143,84,177,"(112, 143, 49, 86)","(98, 177, 46, 84)"
2364024.jpg,hanging from,boat,124,445,201,3,rope,60,34,244,289,0,3,448,325,323,304,"(201, 325, 3, 448)","(244, 304, 289, 323)"
2355908.jpg,sitting on,bike,84,67,255,0,man,61,26,217,36,1,3,67,339,62,278,"(255, 339, 0, 67)","(217, 278, 36, 62)"
2406213.jpg,wearing,shirt,241,190,108,40,man,343,193,28,34,0,3,230,349,227,371,"(108, 349, 40, 230)","(28, 371, 34, 227)"
2376360.jpg,sitting on,bench,182,192,150,305,girl,151,105,55,283,1,3,497,332,388,206,"(150, 332, 305, 497)","(55, 206, 283, 388)"
2404206.jpg,sitting on,balcony,207,499,167,0,pot,93,74,216,64,1,3,499,374,138,309,"(167, 374, 0, 499)","(216, 309, 64, 138)"
2365571.jpg,sitting on,desk,74,497,205,0,computer,181,190,65,263,1,3,497,279,453,246,"(205, 279, 0, 497)","(65, 246, 263, 453)"
2368155.jpg,sitting on,platform,87,143,217,73,bench,57,57,257,127,1,3,216,304,184,314,"(217, 304, 73, 216)","(257, 314, 127, 184)"
2318898.jpg,sitting on,bus,332,496,0,2,man,121,100,191,336,1,3,498,332,436,312,"(0, 332, 2, 498)","(191, 312, 336, 436)"
2397655.jpg,sitting on,ground,60,328,440,2,bag,106,155,393,12,1,3,330,500,167,499,"(440, 500, 2, 330)","(393, 499, 12, 167)"
2407407.jpg,sitting on,bench,288,153,163,216,woman,257,168,29,128,1,3,369,451,296,286,"(163, 451, 216, 369)","(29, 286, 128, 296)"
2375445.jpg,hanging from,handlebar,10,19,282,211,bag,77,63,291,186,0,3,230,292,249,368,"(282, 292, 211, 230)","(291, 368, 186, 249)"
2362400.jpg,wearing,socks,15,20,203,145,man,127,46,102,135,0,3,165,218,181,229,"(203, 218, 145, 165)","(102, 229, 135, 181)"
2369797.jpg,sitting on,shelf,113,230,354,62,book,89,9,376,118,1,3,292,467,127,465,"(354, 467, 62, 292)","(376, 465, 118, 127)"
2385583.jpg,says,stop,32,61,152,188,sign,98,84,117,172,0,3,249,184,256,215,"(152, 184, 188, 249)","(117, 215, 172, 256)"
2352603.jpg,walking on,beach,53,215,199,143,person,22,20,158,416,0,3,358,252,436,180,"(199, 252, 143, 358)","(158, 180, 416, 436)"
2397713.jpg,sitting on,street,215,494,114,4,motorcycle,166,117,135,259,1,3,498,329,376,301,"(114, 329, 4, 498)","(135, 301, 259, 376)"
285649.jpg,sitting on,tray,220,593,762,39,dishes,130,450,801,96,1,3,632,982,546,931,"(762, 982, 39, 632)","(801, 931, 96, 546)"
2343556.jpg,wearing,pants,83,49,143,393,man,187,126,57,321,0,3,442,226,447,244,"(143, 226, 393, 442)","(57, 244, 321, 447)"
2365985.jpg,sitting on,carriage,165,271,87,23,person,103,74,34,46,1,3,294,252,120,137,"(87, 252, 23, 294)","(34, 137, 46, 120)"
396.jpg,sitting on,toilets,177,141,153,15,people,233,272,48,145,1,3,156,330,417,281,"(153, 330, 15, 156)","(48, 281, 145, 417)"
2344917.jpg,wearing,shirt,15,15,267,242,man,47,29,249,235,0,3,257,282,264,296,"(267, 282, 242, 257)","(249, 296, 235, 264)"
2318465.jpg,carrying,surfboard,155,224,176,144,man,281,208,50,207,0,3,368,331,415,331,"(176, 331, 144, 368)","(50, 331, 207, 415)"
349.jpg,sitting on,table,9,33,353,145,bowl,10,17,350,147,1,3,178,362,164,360,"(353, 362, 145, 178)","(350, 360, 147, 164)"
829.jpg,riding,motorbike,274,325,321,0,man,350,163,249,36,0,3,325,595,199,599,"(321, 595, 0, 325)","(249, 599, 36, 199)"
2324077.jpg,eating,grass,325,481,4,2,zebra,327,356,2,29,0,3,483,329,385,329,"(4, 329, 2, 483)","(2, 329, 29, 385)"
2385103.jpg,sitting on,suitcase,355,233,143,61,cat,144,255,212,25,1,3,294,498,280,356,"(143, 498, 61, 294)","(212, 356, 25, 280)"
2416279.jpg,sitting on,pavement,155,482,174,0,dog,85,93,240,286,1,3,482,329,379,325,"(174, 329, 0, 482)","(240, 325, 286, 379)"
2342106.jpg,sitting on,bike,68,90,170,44,person,92,46,116,70,1,3,134,238,116,208,"(170, 238, 44, 134)","(116, 208, 70, 116)"
2410806.jpg,flying in,sky,371,494,0,3,birds,43,35,226,241,0,3,497,371,276,269,"(0, 371, 3, 497)","(226, 269, 241, 276)"
2368873.jpg,wearing,pants,43,46,244,108,umpire,101,68,197,93,0,3,154,287,161,298,"(244, 287, 108, 154)","(197, 298, 93, 161)"
2354444.jpg,painted on,ground,69,495,158,5,line,31,134,170,1,0,3,500,227,135,201,"(158, 227, 5, 500)","(170, 201, 1, 135)"
2378577.jpg,sitting on,sand,53,22,429,127,person,37,29,338,0,1,3,149,482,29,375,"(429, 482, 127, 149)","(338, 375, 0, 29)"
2386371.jpg,sitting on,floor,88,231,246,264,appliances,45,88,206,272,1,3,495,334,360,251,"(246, 334, 264, 495)","(206, 251, 272, 360)"
2354877.jpg,sitting on,bench,85,138,339,124,girl,75,27,327,215,1,3,262,424,242,402,"(339, 424, 124, 262)","(327, 402, 215, 242)"
2359731.jpg,sitting on,freezer,129,109,141,167,microwave,110,160,0,130,1,3,276,270,290,110,"(141, 270, 167, 276)","(0, 110, 130, 290)"
2363632.jpg,wearing,pants,104,46,140,0,man,193,51,58,1,0,3,46,244,52,251,"(140, 244, 0, 46)","(58, 251, 1, 52)"
2409548.jpg,wearing,jacket,60,57,97,125,man,153,62,75,119,0,3,182,157,181,228,"(97, 157, 125, 182)","(75, 228, 119, 181)"
2343588.jpg,sitting on,spoon,168,233,288,267,food,388,461,68,19,1,3,500,456,480,456,"(288, 456, 267, 500)","(68, 456, 19, 480)"
2323747.jpg,sitting on,grass,60,172,265,245,motorcycle,155,124,56,367,1,3,417,325,491,211,"(265, 325, 245, 417)","(56, 211, 367, 491)"
2400991.jpg,sitting on,block,80,370,418,129,man,290,234,209,87,1,3,499,498,321,499,"(418, 498, 129, 499)","(209, 499, 87, 321)"
2320685.jpg,covered in,snow,35,101,284,134,tree,288,197,0,118,0,3,235,319,315,288,"(284, 319, 134, 235)","(0, 288, 118, 315)"
2396685.jpg,sitting on,coaster,68,119,298,359,glass,281,109,90,367,1,3,478,366,476,371,"(298, 366, 359, 478)","(90, 371, 367, 476)"
2365985.jpg,sitting on,road,97,467,182,31,people,69,40,130,437,1,3,498,279,477,199,"(182, 279, 31, 498)","(130, 199, 437, 477)"
2358854.jpg,sitting on,table,327,499,48,1,salt,82,34,61,222,1,3,500,375,256,143,"(48, 375, 1, 500)","(61, 143, 222, 256)"
2356856.jpg,sitting on,beach,146,492,35,2,man,37,35,146,427,1,3,494,181,462,183,"(35, 181, 2, 494)","(146, 183, 427, 462)"
2335690.jpg,wearing,shirt,141,132,80,286,person,203,114,29,290,0,3,418,221,404,232,"(80, 221, 286, 418)","(29, 232, 290, 404)"
2415233.jpg,wearing,pants,87,118,173,128,person,197,153,90,97,0,3,246,260,250,287,"(173, 260, 128, 246)","(90, 287, 97, 250)"
2324650.jpg,sitting on,coaster,52,102,160,364,glass,106,67,87,380,1,3,466,212,447,193,"(160, 212, 364, 466)","(87, 193, 380, 447)"
2316568.jpg,covered in,mulch,97,497,277,3,ground,185,497,188,3,0,3,500,374,500,373,"(277, 374, 3, 500)","(188, 373, 3, 500)"
2343359.jpg,sitting on,charger,27,39,81,83,phone,23,29,86,85,1,3,122,108,114,109,"(81, 108, 83, 122)","(86, 109, 85, 114)"
2406295.jpg,wearing,shorts,64,85,262,239,person,307,156,132,212,0,3,324,326,368,439,"(262, 326, 239, 324)","(132, 439, 212, 368)"
498242.jpg,wearing,umbrella,346,629,26,195,man,361,242,234,426,0,3,824,372,668,595,"(26, 372, 195, 824)","(234, 595, 426, 668)"
2335338.jpg,covering,wall,330,280,63,87,tile,47,66,142,151,0,3,367,393,217,189,"(63, 393, 87, 367)","(142, 189, 151, 217)"
2407500.jpg,wearing,glasses,8,6,92,158,boy,360,94,64,128,0,3,164,100,222,424,"(92, 100, 158, 164)","(64, 424, 128, 222)"
2402730.jpg,mounted on,wall,198,239,2,162,television,57,75,48,263,0,3,401,200,338,105,"(2, 200, 162, 401)","(48, 105, 263, 338)"
1592381.jpg,wearing,shirt,265,304,211,576,man,397,298,80,585,0,3,880,476,883,477,"(211, 476, 576, 880)","(80, 477, 585, 883)"
2394138.jpg,wearing,shorts,135,52,94,279,man,386,88,0,242,0,3,331,229,330,386,"(94, 229, 279, 331)","(0, 386, 242, 330)"
2345520.jpg,sitting on,chairs,80,69,145,112,children,200,489,117,10,1,3,181,225,499,317,"(145, 225, 112, 181)","(117, 317, 10, 499)"
2382244.jpg,sitting on,shelf,22,41,392,101,book,16,24,384,101,1,3,142,414,125,400,"(392, 414, 101, 142)","(384, 400, 101, 125)"
2367163.jpg,sitting on,grass,235,342,264,2,leaf,14,32,369,152,1,3,344,499,184,383,"(264, 499, 2, 344)","(369, 383, 152, 184)"
2317158.jpg,covering,mountains,246,499,84,0,snow,238,500,91,0,0,3,499,330,500,329,"(84, 330, 0, 499)","(91, 329, 0, 500)"
2363720.jpg,sitting on,chair,128,121,369,211,man,441,315,54,15,1,3,332,497,330,495,"(369, 497, 211, 332)","(54, 495, 15, 330)"
2332463.jpg,sitting on,horses,112,448,121,30,officers,90,467,61,16,1,3,478,233,483,151,"(121, 233, 30, 478)","(61, 151, 16, 483)"
2363544.jpg,wearing,shorts,96,97,210,168,boy,435,266,11,65,0,3,265,306,331,446,"(210, 306, 168, 265)","(11, 446, 65, 331)"
2351889.jpg,sitting on,counter,71,452,285,2,razor,33,57,312,53,1,3,454,356,110,345,"(285, 356, 2, 454)","(312, 345, 53, 110)"
713679.jpg,sitting on,chair,119,105,172,282,man,196,96,106,328,1,3,387,291,424,302,"(172, 291, 282, 387)","(106, 302, 328, 424)"
2416544.jpg,sitting on,curb,19,390,291,101,photographer,103,72,194,310,1,3,491,310,382,297,"(291, 310, 101, 491)","(194, 297, 310, 382)"
2372584.jpg,sitting on,table,78,42,241,4,lamp,105,33,142,0,1,3,46,319,33,247,"(241, 319, 4, 46)","(142, 247, 0, 33)"
2398658.jpg,wearing,shirt,25,15,170,328,man,55,42,163,316,0,3,343,195,358,218,"(170, 195, 328, 343)","(163, 218, 316, 358)"
2353173.jpg,sitting on,ground,327,499,2,0,leaf,15,19,309,343,1,3,499,329,362,324,"(2, 329, 0, 499)","(309, 324, 343, 362)"
2385999.jpg,sitting on,table,125,191,208,146,bottle,58,13,155,189,1,3,337,333,202,213,"(208, 333, 146, 337)","(155, 213, 189, 202)"
2326915.jpg,sitting on,track,82,377,285,93,train,286,351,52,57,1,3,470,367,408,338,"(285, 367, 93, 470)","(52, 338, 57, 408)"
2344338.jpg,wearing,collar,30,27,146,371,horse,153,117,58,295,0,3,398,176,412,211,"(146, 176, 371, 398)","(58, 211, 295, 412)"
498409.jpg,wearing,coat,435,150,132,13,man,681,161,50,6,0,3,163,567,167,731,"(132, 567, 13, 163)","(50, 731, 6, 167)"
2382520.jpg,riding,horse,71,47,289,117,person,46,19,272,123,0,3,164,360,142,318,"(289, 360, 117, 164)","(272, 318, 123, 142)"
2347389.jpg,sitting on,stove,60,295,72,131,pot,81,110,15,172,1,3,426,132,282,96,"(72, 132, 131, 426)","(15, 96, 172, 282)"
2344285.jpg,sitting on,ground,75,496,255,2,umbrella,78,69,177,428,1,3,498,330,497,255,"(255, 330, 2, 498)","(177, 255, 428, 497)"
2361664.jpg,sitting on,ground,124,478,249,3,frame,30,82,344,87,1,3,481,373,169,374,"(249, 373, 3, 481)","(344, 374, 87, 169)"
2399157.jpg,sitting on,table,313,479,61,11,pan,59,127,108,86,1,3,490,374,213,167,"(61, 374, 11, 490)","(108, 167, 86, 213)"
2411735.jpg,sitting on,rug,154,172,176,238,person,179,109,84,241,1,3,410,330,350,263,"(176, 330, 238, 410)","(84, 263, 241, 350)"
2357417.jpg,wearing,shirt,79,65,154,137,man,264,143,75,75,0,3,202,233,218,339,"(154, 233, 137, 202)","(75, 339, 75, 218)"
2326633.jpg,wearing,jeans,101,69,169,197,girl,235,130,21,75,0,3,266,270,205,256,"(169, 270, 197, 266)","(21, 256, 75, 205)"
2401143.jpg,standing on,ground,74,499,300,1,bird,31,19,339,195,0,3,500,374,214,370,"(300, 374, 1, 500)","(339, 370, 195, 214)"
2323882.jpg,wearing,sock,78,112,160,37,kid,238,161,65,1,0,3,149,238,162,303,"(160, 238, 37, 149)","(65, 303, 1, 162)"
2326955.jpg,sitting on,surfboard,5,33,56,234,person,14,9,45,244,1,3,267,61,253,59,"(56, 61, 234, 267)","(45, 59, 244, 253)"
2355692.jpg,sitting on,table,160,497,215,2,mouse,83,144,214,343,1,3,499,375,487,297,"(215, 375, 2, 499)","(214, 297, 343, 487)"
2410647.jpg,sitting on,chair,59,35,74,131,people,35,162,26,45,1,3,166,133,207,61,"(74, 133, 131, 166)","(26, 61, 45, 207)"
2360760.jpg,wearing,mitt,22,29,180,298,catcher,101,111,164,297,0,3,327,202,408,265,"(180, 202, 298, 327)","(164, 265, 297, 408)"
4106.jpg,sitting on,table,108,350,205,44,statue,68,73,151,137,1,3,394,313,210,219,"(205, 313, 44, 394)","(151, 219, 137, 210)"
2393515.jpg,wearing,dress,84,32,40,288,woman,123,56,6,276,0,3,320,124,332,129,"(40, 124, 288, 320)","(6, 129, 276, 332)"
2412730.jpg,wearing,ruffles,40,154,288,207,merchant,260,220,83,178,0,3,361,328,398,343,"(288, 328, 207, 361)","(83, 343, 178, 398)"
2388966.jpg,sitting on,railing,243,497,177,3,boy,259,142,107,222,1,3,500,420,364,366,"(177, 420, 3, 500)","(107, 366, 222, 364)"
2326613.jpg,wearing,vest,46,37,49,134,man,73,53,26,131,0,3,171,95,184,99,"(49, 95, 134, 171)","(26, 99, 131, 184)"
2354954.jpg,wearing,sunglasses,22,57,98,117,woman,436,244,62,6,0,3,174,120,250,498,"(98, 120, 117, 174)","(62, 498, 6, 250)"
2374886.jpg,sitting on,tracks,160,288,212,2,traffic,72,499,194,0,1,3,290,372,499,266,"(212, 372, 2, 290)","(194, 266, 0, 499)"
2388769.jpg,wearing,necklace,33,47,139,196,player,382,237,79,120,0,3,243,172,357,461,"(139, 172, 196, 243)","(79, 461, 120, 357)"
2350212.jpg,sitting on,couch,226,373,40,106,man,250,116,34,167,1,3,479,266,283,284,"(40, 266, 106, 479)","(34, 284, 167, 283)"
2364206.jpg,sitting on,table,125,375,374,0,bowl,75,98,347,176,1,3,375,499,274,422,"(374, 499, 0, 375)","(347, 422, 176, 274)"
2380906.jpg,sitting on,table,143,493,231,6,candelabra,176,105,114,382,1,3,499,374,487,290,"(231, 374, 6, 499)","(114, 290, 382, 487)"
2319463.jpg,wearing,cleats,18,43,444,234,woman,374,155,110,181,0,3,277,462,336,484,"(444, 462, 234, 277)","(110, 484, 181, 336)"
2410156.jpg,growing on,sidewalk,195,492,179,4,grass,46,72,205,287,0,3,496,374,359,251,"(179, 374, 4, 496)","(205, 251, 287, 359)"
2391283.jpg,wearing,shorts,46,38,238,191,boy,159,60,159,186,0,3,229,284,246,318,"(238, 284, 191, 229)","(159, 318, 186, 246)"
2370900.jpg,sitting on,motorcycle,29,67,65,89,man,55,47,39,109,1,3,156,94,156,94,"(65, 94, 89, 156)","(39, 94, 109, 156)"
2416670.jpg,wearing,shoes,38,85,92,293,man,121,143,7,254,0,3,378,130,397,128,"(92, 130, 293, 378)","(7, 128, 254, 397)"
498358.jpg,sitting on,chair,141,88,431,837,woman,205,89,386,800,1,3,925,572,889,591,"(431, 572, 837, 925)","(386, 591, 800, 889)"
2335478.jpg,wearing,gear,16,19,209,96,jockey,74,47,209,81,0,3,115,225,128,283,"(209, 225, 96, 115)","(209, 283, 81, 128)"
2349726.jpg,sitting on,sand,312,374,186,0,skateboard,64,197,312,146,1,3,374,498,343,376,"(186, 498, 0, 374)","(312, 376, 146, 343)"
2368116.jpg,wearing,helmet,41,32,112,75,man,190,54,123,74,0,3,107,153,128,313,"(112, 153, 75, 107)","(123, 313, 74, 128)"
2399875.jpg,wearing,helmet,39,49,62,103,rider,143,91,61,89,0,3,152,101,180,204,"(62, 101, 103, 152)","(61, 204, 89, 180)"
2347784.jpg,sitting on,wall,149,500,225,0,person,65,30,215,217,1,3,500,374,247,280,"(225, 374, 0, 500)","(215, 280, 217, 247)"
2371945.jpg,sitting on,suitcase,148,188,223,21,cat,71,192,155,29,1,3,209,371,221,226,"(223, 371, 21, 209)","(155, 226, 29, 221)"
2356099.jpg,sitting on,shelf,9,46,186,283,book,36,8,155,291,1,3,329,195,299,191,"(186, 195, 283, 329)","(155, 191, 291, 299)"
2341356.jpg,sitting on,bench,86,158,175,57,man,124,68,152,151,1,3,215,261,219,276,"(175, 261, 57, 215)","(152, 276, 151, 219)"
2372547.jpg,sitting on,floor,375,498,1,1,person,157,262,0,0,1,3,499,376,262,157,"(1, 376, 1, 499)","(0, 157, 0, 262)"
2353699.jpg,sitting on,bench,140,459,143,2,woman,209,267,46,211,1,3,461,283,478,255,"(143, 283, 2, 461)","(46, 255, 211, 478)"
2409972.jpg,hanging from,tree,327,498,5,1,orange,31,25,264,238,0,3,499,332,263,295,"(5, 332, 1, 499)","(264, 295, 238, 263)"
2404416.jpg,wearing,shirt,133,96,121,251,man,281,106,85,250,0,3,347,254,356,366,"(121, 254, 251, 347)","(85, 366, 250, 356)"
2384283.jpg,wearing,shoe,11,15,229,223,batter,102,89,138,222,0,3,238,240,311,240,"(229, 240, 223, 238)","(138, 240, 222, 311)"
2327526.jpg,lying on,floor,232,322,266,0,paper,24,72,290,234,0,3,322,498,306,314,"(266, 498, 0, 322)","(290, 314, 234, 306)"
2325195.jpg,hanging from,pole,60,290,14,200,bananas,62,203,41,282,0,3,490,74,485,103,"(14, 74, 200, 490)","(41, 103, 282, 485)"
2342602.jpg,wearing,sock,58,58,388,265,person,362,262,137,60,0,3,323,446,322,499,"(388, 446, 265, 323)","(137, 499, 60, 322)"
2360755.jpg,wearing,glove,29,48,84,422,man,301,146,1,350,0,3,470,113,496,302,"(84, 113, 422, 470)","(1, 302, 350, 496)"
2341356.jpg,sitting on,bench,80,160,171,269,person,117,57,156,314,1,3,429,251,371,273,"(171, 251, 269, 429)","(156, 273, 314, 371)"
2343942.jpg,wearing,glasses,48,45,138,437,man,60,46,146,436,0,3,482,186,482,206,"(138, 186, 437, 482)","(146, 206, 436, 482)"
2370700.jpg,hanging from,ceiling,115,495,2,2,decor,75,395,0,93,0,3,497,117,488,75,"(2, 117, 2, 497)","(0, 75, 93, 488)"
2345505.jpg,wearing,shirt,25,16,183,137,person,98,63,155,191,0,3,153,208,254,253,"(183, 208, 137, 153)","(155, 253, 191, 254)"
2389424.jpg,wearing,shirt,52,29,169,42,man,128,44,154,41,0,3,71,221,85,282,"(169, 221, 42, 71)","(154, 282, 41, 85)"
2401275.jpg,wearing,shorts,45,47,263,131,man,158,79,204,125,0,3,178,308,204,362,"(263, 308, 131, 178)","(204, 362, 125, 204)"
1592444.jpg,sitting on,partition,51,766,760,0,person,51,33,738,657,1,3,766,811,690,789,"(760, 811, 0, 766)","(738, 789, 657, 690)"
2335459.jpg,sitting on,table,81,44,200,233,cupcakes,75,132,188,28,1,3,277,281,160,263,"(200, 281, 233, 277)","(188, 263, 28, 160)"
2382340.jpg,sitting on,bench,14,5,232,394,person,18,10,226,399,1,3,399,246,409,244,"(232, 246, 394, 399)","(226, 244, 399, 409)"
2323828.jpg,covering,carrier,134,171,160,35,case,143,190,153,9,0,3,206,294,199,296,"(160, 294, 35, 206)","(153, 296, 9, 199)"
1592636.jpg,sitting on,train,398,863,148,11,woman,106,52,377,653,1,3,874,546,705,483,"(148, 546, 11, 874)","(377, 483, 653, 705)"
2349072.jpg,says,grace,12,25,106,133,sign,20,31,104,129,0,3,158,118,160,124,"(106, 118, 133, 158)","(104, 124, 129, 160)"
2347618.jpg,sitting on,grass,27,202,231,7,person,51,40,203,8,1,3,209,258,48,254,"(231, 258, 7, 209)","(203, 254, 8, 48)"
2385996.jpg,growing on,wall,39,153,0,310,ivy,115,391,0,32,0,3,463,39,423,115,"(0, 39, 310, 463)","(0, 115, 32, 423)"
2399951.jpg,sitting on,bench,98,41,393,220,woman,182,65,316,3,1,3,261,491,68,498,"(393, 491, 220, 261)","(316, 498, 3, 68)"
2384184.jpg,sitting on,ground,38,112,390,33,giraffe,362,213,32,19,1,3,145,428,232,394,"(390, 428, 33, 145)","(32, 394, 19, 232)"
2383162.jpg,growing on,bench,255,434,74,56,fern,36,51,174,278,0,3,490,329,329,210,"(74, 329, 56, 490)","(174, 210, 278, 329)"
2347449.jpg,wearing,shirt,37,32,167,52,man,79,39,148,54,0,3,84,204,93,227,"(167, 204, 52, 84)","(148, 227, 54, 93)"
2403683.jpg,wearing,suit,202,78,105,347,man,235,81,69,346,0,3,425,307,427,304,"(105, 307, 347, 425)","(69, 304, 346, 427)"
2375179.jpg,sitting on,sand,100,499,231,0,animal,60,67,220,234,1,3,499,331,301,280,"(231, 331, 0, 499)","(220, 280, 234, 301)"
3875.jpg,sitting on,table,476,630,2,4,plate,357,357,54,67,1,3,634,478,424,411,"(2, 478, 4, 634)","(54, 411, 67, 424)"
2395268.jpg,sitting on,sink,89,196,183,123,sponge,30,40,180,227,1,3,319,272,267,210,"(183, 272, 123, 319)","(180, 210, 227, 267)"
2368454.jpg,sitting on,sand,77,142,219,28,cow,14,32,200,25,1,3,170,296,57,214,"(219, 296, 28, 170)","(200, 214, 25, 57)"
2330044.jpg,sitting on,horse,322,445,157,53,girl,246,177,54,264,1,3,498,479,441,300,"(157, 479, 53, 498)","(54, 300, 264, 441)"
2399517.jpg,sitting on,couch,139,124,217,1,man,272,228,83,4,1,3,125,356,232,355,"(217, 356, 1, 125)","(83, 355, 4, 232)"
2364417.jpg,mounted on,wall,157,215,20,0,light,13,19,99,39,0,3,215,177,58,112,"(20, 177, 0, 215)","(99, 112, 39, 58)"
2323312.jpg,sitting on,road,61,496,114,2,bird,8,7,137,2,1,3,498,175,9,145,"(114, 175, 2, 498)","(137, 145, 2, 9)"
2383501.jpg,painted on,street,134,495,227,4,arrow,26,46,310,58,0,3,499,361,104,336,"(227, 361, 4, 499)","(310, 336, 58, 104)"
2367512.jpg,wearing,shirt,90,74,93,292,woman,227,87,63,289,0,3,366,183,376,290,"(93, 183, 292, 366)","(63, 290, 289, 376)"
2338990.jpg,sitting on,lawn,49,78,320,240,people,60,65,265,85,1,3,318,369,150,325,"(320, 369, 240, 318)","(265, 325, 85, 150)"
2329422.jpg,walking in,tide,145,350,158,6,person,13,14,163,229,0,3,356,303,243,176,"(158, 303, 6, 356)","(163, 176, 229, 243)"
2315452.jpg,wearing,shorts,121,170,253,130,player,468,392,28,77,0,3,300,374,469,496,"(253, 374, 130, 300)","(28, 496, 77, 469)"
2399950.jpg,sitting on,table,352,494,3,0,vase,237,126,61,373,1,3,494,355,499,298,"(3, 355, 0, 494)","(61, 298, 373, 499)"
2343206.jpg,sitting on,beach,190,209,185,2,person,12,14,346,142,1,3,211,375,156,358,"(185, 375, 2, 211)","(346, 358, 142, 156)"
2340429.jpg,wearing,shirt,109,64,110,295,man,233,101,88,273,0,3,359,219,374,321,"(110, 219, 295, 359)","(88, 321, 273, 374)"
2411621.jpg,sitting on,field,232,499,70,1,bird,5,7,101,262,1,3,500,302,269,106,"(70, 302, 1, 500)","(101, 106, 262, 269)"
2398562.jpg,wearing,jacket,135,107,57,113,man,160,115,28,109,0,3,220,192,224,188,"(57, 192, 113, 220)","(28, 188, 109, 224)"
2347924.jpg,sitting on,bus,211,291,40,139,passenger,37,24,97,244,1,3,430,251,268,134,"(40, 251, 139, 430)","(97, 134, 244, 268)"
2333373.jpg,mounted on,bus,157,283,103,209,mirror,25,14,159,323,0,3,492,260,337,184,"(103, 260, 209, 492)","(159, 184, 323, 337)"
2374862.jpg,wearing,helmet,37,36,147,57,woman,164,109,167,47,0,3,93,184,156,331,"(147, 184, 57, 93)","(167, 331, 47, 156)"
2394786.jpg,sitting on,cart,68,495,305,4,microwave,301,493,34,0,1,3,499,373,493,335,"(305, 373, 4, 499)","(34, 335, 0, 493)"
2368759.jpg,wearing,shoe,8,21,285,197,man,118,61,174,186,0,3,218,293,247,292,"(285, 293, 197, 218)","(174, 292, 186, 247)"
2327452.jpg,wearing,shirt,64,103,105,227,man,125,102,47,225,0,3,330,169,327,172,"(105, 169, 227, 330)","(47, 172, 225, 327)"
2326643.jpg,standing on,tarmac,60,494,184,4,lights,65,65,106,332,0,3,498,244,397,171,"(184, 244, 4, 498)","(106, 171, 332, 397)"
2374972.jpg,sitting on,floor,21,47,58,294,rug,26,55,36,301,1,3,341,79,356,62,"(58, 79, 294, 341)","(36, 62, 301, 356)"
2393894.jpg,sitting on,bench,10,23,294,270,person,25,18,280,272,1,3,293,304,290,305,"(294, 304, 270, 293)","(280, 305, 272, 290)"
2401731.jpg,sitting on,bench,26,101,381,142,couple,82,75,347,159,1,3,243,407,234,429,"(381, 407, 142, 243)","(347, 429, 159, 234)"
2382321.jpg,wearing,shorts,31,29,152,156,man,111,34,91,149,0,3,185,183,183,202,"(152, 183, 156, 185)","(91, 202, 149, 183)"
1160208.jpg,wearing,jacket,48,44,462,677,man,61,33,457,685,0,3,721,510,718,518,"(462, 510, 677, 721)","(457, 518, 685, 718)"
2392295.jpg,sitting on,shelf,34,495,297,2,clock,158,148,110,45,1,3,497,331,193,268,"(297, 331, 2, 497)","(110, 268, 45, 193)"
2366129.jpg,wearing,apron,140,129,57,206,woman,321,176,0,200,0,3,335,197,376,321,"(57, 197, 206, 335)","(0, 321, 200, 376)"
2321875.jpg,wearing,pajamas,307,102,146,156,man,365,121,98,151,0,3,258,453,272,463,"(146, 453, 156, 258)","(98, 463, 151, 272)"
2346230.jpg,wearing,halter,76,30,297,21,horse,104,499,270,0,0,3,51,373,499,374,"(297, 373, 21, 51)","(270, 374, 0, 499)"
2376557.jpg,sitting on,table,305,374,190,0,envelope,123,62,253,0,1,3,374,495,62,376,"(190, 495, 0, 374)","(253, 376, 0, 62)"
2401320.jpg,wearing,wetsuit,7,15,248,310,woman,41,39,218,291,0,3,325,255,330,259,"(248, 255, 310, 325)","(218, 259, 291, 330)"
2376683.jpg,wearing,jacket,124,159,119,1,woman,358,175,34,3,0,3,160,243,178,392,"(119, 243, 1, 160)","(34, 392, 3, 178)"
2322122.jpg,wearing,shirt,74,226,257,0,boy,249,220,82,6,0,3,226,331,226,331,"(257, 331, 0, 226)","(82, 331, 6, 226)"
2355272.jpg,wearing,shirt,71,52,75,276,man,70,54,72,277,0,3,328,146,331,142,"(75, 146, 276, 328)","(72, 142, 277, 331)"
2380543.jpg,sitting on,grass,204,358,2,141,woman,66,60,37,437,1,3,499,206,497,103,"(2, 206, 141, 499)","(37, 103, 437, 497)"
2383531.jpg,wearing,sneakers,33,111,297,169,boy,102,88,32,166,0,3,280,330,254,134,"(297, 330, 169, 280)","(32, 134, 166, 254)"
2364683.jpg,sitting on,table,121,127,216,370,food,322,419,15,6,1,3,497,337,425,337,"(216, 337, 370, 497)","(15, 337, 6, 425)"
2361370.jpg,sitting on,bench,173,256,189,159,cat,92,60,193,287,1,3,415,362,347,285,"(189, 362, 159, 415)","(193, 285, 287, 347)"
2377686.jpg,sitting on,ground,68,88,318,383,bucket,11,19,325,465,1,3,471,386,484,336,"(318, 386, 383, 471)","(325, 336, 465, 484)"
2412233.jpg,covered in,windows,281,167,5,329,building,306,169,2,323,0,3,496,286,492,308,"(5, 286, 329, 496)","(2, 308, 323, 492)"
2371421.jpg,sitting on,ledge,100,233,231,25,person,40,14,241,119,1,3,258,331,133,281,"(231, 331, 25, 258)","(241, 281, 119, 133)"
2374095.jpg,wearing,shorts,60,46,105,174,lady,209,63,23,171,0,3,220,165,234,232,"(105, 165, 174, 220)","(23, 232, 171, 234)"
2366320.jpg,wearing,tie,289,77,211,138,man,499,331,1,1,0,3,215,500,332,500,"(211, 500, 138, 215)","(1, 500, 1, 332)"
2356330.jpg,sitting on,bench,133,221,154,279,dog,104,104,125,376,1,3,500,287,480,229,"(154, 287, 279, 500)","(125, 229, 376, 480)"
2351536.jpg,wearing,coat,32,39,114,191,man,67,54,107,187,0,3,230,146,241,174,"(114, 146, 191, 230)","(107, 174, 187, 241)"
1159373.jpg,sitting on,leg,223,89,392,575,dog,223,197,264,469,1,3,664,615,666,487,"(392, 615, 575, 664)","(264, 487, 469, 666)"
393.jpg,wearing,pants,73,76,286,150,woman,49,52,247,115,0,3,226,359,167,296,"(286, 359, 150, 226)","(247, 296, 115, 167)"
2387622.jpg,sitting on,bench,499,360,0,13,chips,176,222,323,90,1,3,373,499,312,499,"(0, 499, 13, 373)","(323, 499, 90, 312)"
2414003.jpg,sitting on,table,492,491,5,4,glass,162,95,65,4,1,3,495,497,99,227,"(5, 497, 4, 495)","(65, 227, 4, 99)"
2394306.jpg,sitting on,counter,151,294,305,63,bottle,62,19,327,280,1,3,357,456,299,389,"(305, 456, 63, 357)","(327, 389, 280, 299)"
2409620.jpg,sitting on,plate,431,488,60,8,pickle,142,61,264,51,1,3,496,491,112,406,"(60, 491, 8, 496)","(264, 406, 51, 112)"
2407781.jpg,sitting on,grass,84,499,249,1,people,37,478,224,21,1,3,500,333,499,261,"(249, 333, 1, 500)","(224, 261, 21, 499)"
2381192.jpg,wearing,shoes,16,35,207,247,catcher,93,85,132,204,0,3,282,223,289,225,"(207, 223, 247, 282)","(132, 225, 204, 289)"
2412182.jpg,sitting on,shelf,101,301,395,23,boots,93,98,375,67,1,3,324,496,165,468,"(395, 496, 23, 324)","(375, 468, 67, 165)"
2358797.jpg,sitting on,chair,106,159,229,40,battery,11,12,305,135,1,3,199,335,147,316,"(229, 335, 40, 199)","(305, 316, 135, 147)"
2345814.jpg,wearing,helmet,20,20,146,160,man,106,52,149,132,0,3,180,166,184,255,"(146, 166, 160, 180)","(149, 255, 132, 184)"
2357262.jpg,wearing,jeans,182,142,251,57,person,419,180,48,30,0,3,199,433,210,467,"(251, 433, 57, 199)","(48, 467, 30, 210)"
2398196.jpg,walking on,grass,184,498,163,0,giraffe,179,167,83,22,0,3,498,347,189,262,"(163, 347, 0, 498)","(83, 262, 22, 189)"
2408936.jpg,sitting on,motorcycle,142,349,218,77,boy,143,54,72,350,1,3,426,360,404,215,"(218, 360, 77, 426)","(72, 215, 350, 404)"
2398110.jpg,riding,horse,301,446,42,34,girl,227,138,11,212,0,3,480,343,350,238,"(42, 343, 34, 480)","(11, 238, 212, 350)"
2354999.jpg,sitting on,chair,83,68,157,8,lady,232,180,27,109,1,3,76,240,289,259,"(157, 240, 8, 76)","(27, 259, 109, 289)"
1591827.jpg,sitting on,cover,184,277,580,726,television,247,277,361,737,1,3,1003,764,1014,608,"(580, 764, 726, 1003)","(361, 608, 737, 1014)"
2401663.jpg,sitting on,shelf,152,139,173,234,book,52,18,258,351,1,3,373,325,369,310,"(173, 325, 234, 373)","(258, 310, 351, 369)"
2341678.jpg,sitting on,plate,164,278,333,0,cup,119,125,293,97,1,3,278,497,222,412,"(333, 497, 0, 278)","(293, 412, 97, 222)"
2347362.jpg,sitting on,couch,175,273,199,1,lady,193,171,171,140,1,3,274,374,311,364,"(199, 374, 1, 274)","(171, 364, 140, 311)"
2405553.jpg,wearing,heart,33,38,187,142,woman,329,198,2,42,0,3,180,220,240,331,"(187, 220, 142, 180)","(2, 331, 42, 240)"
2356757.jpg,wearing,spectacles,18,58,147,136,man,216,223,111,54,0,3,194,165,277,327,"(147, 165, 136, 194)","(111, 327, 54, 277)"
2321259.jpg,sitting on,mat,29,44,182,293,girl,190,61,73,302,1,3,337,211,363,263,"(182, 211, 293, 337)","(73, 263, 302, 363)"
2375883.jpg,wearing,jacket,113,90,10,168,person,197,70,0,173,0,3,258,123,243,197,"(10, 123, 168, 258)","(0, 197, 173, 243)"
2357627.jpg,sitting on,bleachers,171,283,5,0,boy,166,81,14,34,1,3,283,176,115,180,"(5, 176, 0, 283)","(14, 180, 34, 115)"
2353901.jpg,sitting on,table,22,31,413,214,papers,44,46,375,238,1,3,245,435,284,419,"(413, 435, 214, 245)","(375, 419, 238, 284)"
2369710.jpg,sitting on,bike,40,47,94,348,man,40,35,57,358,1,3,395,134,393,97,"(94, 134, 348, 395)","(57, 97, 358, 393)"
396.jpg,sitting on,toilet,80,92,186,392,man,64,83,58,300,1,3,484,266,383,122,"(186, 266, 392, 484)","(58, 122, 300, 383)"
2348686.jpg,sitting on,bench,92,72,249,8,people,47,43,193,352,1,3,80,341,395,240,"(249, 341, 8, 80)","(193, 240, 352, 395)"
2353628.jpg,eating,pizza,95,198,269,53,man,495,437,1,3,0,3,251,364,440,496,"(269, 364, 53, 251)","(1, 496, 3, 440)"
2356138.jpg,wearing,jacket,34,35,94,140,person,76,41,87,134,0,3,175,128,175,163,"(94, 128, 140, 175)","(87, 163, 134, 175)"
2386543.jpg,wearing,outfit,160,72,116,226,person,184,76,102,222,0,3,298,276,298,286,"(116, 276, 226, 298)","(102, 286, 222, 298)"
498085.jpg,wearing,cap,121,111,573,669,person,189,206,571,604,0,3,780,694,810,760,"(573, 694, 669, 780)","(571, 760, 604, 810)"
2349068.jpg,sitting on,sidewalk,217,313,281,41,cone,87,34,305,143,1,3,354,498,177,392,"(281, 498, 41, 354)","(305, 392, 143, 177)"
2348602.jpg,sitting on,couch,107,135,158,69,woman,270,225,103,113,1,3,204,265,338,373,"(158, 265, 69, 204)","(103, 373, 113, 338)"
2399749.jpg,sitting on,benches,32,206,206,9,people,45,50,190,2,1,3,215,238,52,235,"(206, 238, 9, 215)","(190, 235, 2, 52)"
2356715.jpg,riding,bike,120,173,140,173,man,166,69,84,231,0,3,346,260,300,250,"(140, 260, 173, 346)","(84, 250, 231, 300)"
2367281.jpg,wearing,pants,40,37,219,290,man,74,70,193,266,0,3,327,259,336,267,"(219, 259, 290, 327)","(193, 267, 266, 336)"
2401533.jpg,sitting on,ground,184,329,316,3,boy,23,21,356,30,1,3,332,500,51,379,"(316, 500, 3, 332)","(356, 379, 30, 51)"
2386624.jpg,sitting on,sill,209,356,257,18,cat,346,228,40,128,1,3,374,466,356,386,"(257, 466, 18, 374)","(40, 386, 128, 356)"
2359049.jpg,sitting on,ground,47,252,323,30,dog,74,57,225,78,1,3,282,370,135,299,"(323, 370, 30, 282)","(225, 299, 78, 135)"
2390318.jpg,sitting on,tracks,116,329,383,128,train,224,281,106,10,1,3,457,499,291,330,"(383, 499, 128, 457)","(106, 330, 10, 291)"
2405276.jpg,eating,donut,54,34,107,254,man,319,312,12,9,0,3,288,161,321,331,"(107, 161, 254, 288)","(12, 331, 9, 321)"
2356734.jpg,sitting on,ground,23,57,250,277,log,14,52,234,264,1,3,334,273,316,248,"(250, 273, 277, 334)","(234, 248, 264, 316)"
2389424.jpg,sitting on,box,22,35,257,197,man,81,69,200,199,1,3,232,279,268,281,"(257, 279, 197, 232)","(200, 281, 199, 268)"
2355173.jpg,sitting on,counter,22,205,231,269,bottle,47,12,194,272,1,3,474,253,284,241,"(231, 253, 269, 474)","(194, 241, 272, 284)"
2408747.jpg,parked on,road,40,481,238,18,truck,85,211,186,235,0,3,499,278,446,271,"(238, 278, 18, 499)","(186, 271, 235, 446)"
2384950.jpg,wearing,shirt,137,150,130,103,man,263,187,69,82,0,3,253,267,269,332,"(130, 267, 103, 253)","(69, 332, 82, 269)"
2380417.jpg,sitting on,bench,24,136,316,2,player,51,71,298,46,1,3,138,340,117,349,"(316, 340, 2, 138)","(298, 349, 46, 117)"
2339698.jpg,sitting on,motorcycle,189,268,241,30,dog,50,116,256,194,1,3,298,430,310,306,"(241, 430, 30, 298)","(256, 306, 194, 310)"
713711.jpg,sitting on,bookshelf,582,188,4,809,book,104,18,162,892,1,3,997,586,910,266,"(4, 586, 809, 997)","(162, 266, 892, 910)"
2361535.jpg,covering,windows,202,415,13,41,blinds,308,498,1,1,0,3,456,215,499,309,"(13, 215, 41, 456)","(1, 309, 1, 499)"
2390367.jpg,sitting on,step,37,167,285,195,man,24,20,296,210,1,3,362,322,230,320,"(285, 322, 195, 362)","(296, 320, 210, 230)"
2409068.jpg,wearing,socks,18,23,306,106,man,344,412,35,71,0,3,129,324,483,379,"(306, 324, 106, 129)","(35, 379, 71, 483)"
2403406.jpg,parked on,road,106,363,110,0,bus,57,104,62,265,0,3,363,216,369,119,"(110, 216, 0, 363)","(62, 119, 265, 369)"
2357086.jpg,wearing,pants,48,27,167,136,skier,112,38,112,128,0,3,163,215,166,224,"(167, 215, 136, 163)","(112, 224, 128, 166)"
2400570.jpg,lying on,ground,229,499,103,1,cow,44,32,98,468,0,3,500,332,500,142,"(103, 332, 1, 500)","(98, 142, 468, 500)"
2392859.jpg,sitting on,stand,26,67,208,108,tv,38,51,168,117,1,3,175,234,168,206,"(208, 234, 108, 175)","(168, 206, 117, 168)"
2396868.jpg,sitting on,chair,128,169,205,199,man,241,187,92,197,1,3,368,333,384,333,"(205, 333, 199, 368)","(92, 333, 197, 384)"
2379035.jpg,sitting on,floor,32,53,339,102,bucket,65,88,301,15,1,3,155,371,103,366,"(339, 371, 102, 155)","(301, 366, 15, 103)"
2404988.jpg,wearing,shirt,259,265,239,2,man,382,260,116,1,0,3,267,498,261,498,"(239, 498, 2, 267)","(116, 498, 1, 261)"
2376655.jpg,sitting on,steps,21,101,226,119,people,60,249,186,1,1,3,220,247,250,246,"(226, 247, 119, 220)","(186, 246, 1, 250)"
2409330.jpg,sitting on,corner,58,69,197,261,laptop,54,63,205,275,1,3,330,255,338,259,"(197, 255, 261, 330)","(205, 259, 275, 338)"
2401576.jpg,sitting on,desk,96,489,236,7,laptop,167,221,102,272,1,3,496,332,493,269,"(236, 332, 7, 496)","(102, 269, 272, 493)"
2394640.jpg,wearing,shirt,21,22,129,347,fisherman,58,30,118,345,0,3,369,150,375,176,"(129, 150, 347, 369)","(118, 176, 345, 375)"
2360045.jpg,wearing,hat,103,133,111,54,person,171,176,129,0,0,3,187,214,176,300,"(111, 214, 54, 187)","(129, 300, 0, 176)"
2357763.jpg,sitting on,chair,122,120,324,149,person,136,124,251,154,1,3,269,446,278,387,"(324, 446, 149, 269)","(251, 387, 154, 278)"
2402963.jpg,sitting on,ground,372,498,2,2,chair,225,168,103,28,1,3,500,374,196,328,"(2, 374, 2, 500)","(103, 328, 28, 196)"
2329310.jpg,sitting on,bleacher,25,210,346,9,man,92,36,247,154,1,3,219,371,190,339,"(346, 371, 9, 219)","(247, 339, 154, 190)"
2394476.jpg,sitting on,couch,58,160,269,7,woman,88,155,244,16,1,3,167,327,171,332,"(269, 327, 7, 167)","(244, 332, 16, 171)"
2412549.jpg,sitting on,chair,321,498,0,2,remote,33,115,52,20,1,3,500,321,135,85,"(0, 321, 2, 500)","(52, 85, 20, 135)"
3898.jpg,wearing,hat,14,26,306,379,boy,114,36,305,367,0,3,405,320,403,419,"(306, 320, 379, 405)","(305, 419, 367, 403)"
2327281.jpg,wearing,shirt,41,43,117,93,man,121,72,84,84,0,3,136,158,156,205,"(117, 158, 93, 136)","(84, 205, 84, 156)"
2318618.jpg,wearing,glasses,10,15,39,453,person,364,55,10,445,0,3,468,49,500,374,"(39, 49, 453, 468)","(10, 374, 445, 500)"
2348860.jpg,eating,apple,70,133,201,64,bird,284,403,42,94,0,3,197,271,497,326,"(201, 271, 64, 197)","(42, 326, 94, 497)"
2385807.jpg,wearing,pants,171,107,143,203,woman,317,251,1,164,0,3,310,314,415,318,"(143, 314, 203, 310)","(1, 318, 164, 415)"
2377930.jpg,sitting on,beach,97,500,236,0,child,15,14,256,479,1,3,500,333,493,271,"(236, 333, 0, 500)","(256, 271, 479, 493)"
2333448.jpg,mounted on,wall,281,496,22,3,television,30,49,136,420,0,3,499,303,469,166,"(22, 303, 3, 499)","(136, 166, 420, 469)"
2317207.jpg,wearing,glasses,11,61,126,120,man,427,197,71,40,0,3,181,137,237,498,"(126, 137, 120, 181)","(71, 498, 40, 237)"
2411317.jpg,sitting on,table,110,261,389,1,glass,91,23,400,2,1,3,262,499,25,491,"(389, 499, 1, 262)","(400, 491, 2, 25)"
2316799.jpg,sitting on,table,79,178,77,172,bottle,42,77,142,366,1,3,350,156,443,184,"(77, 156, 172, 350)","(142, 184, 366, 443)"
2374326.jpg,wearing,suit,80,79,225,363,man,90,92,210,356,0,3,442,305,448,300,"(225, 305, 363, 442)","(210, 300, 356, 448)"
2337315.jpg,sitting on,motorcycle,225,430,68,31,cop,254,212,50,182,1,3,461,293,394,304,"(68, 293, 31, 461)","(50, 304, 182, 394)"
2345854.jpg,sitting on,table,370,496,3,1,tray,330,438,42,48,1,3,497,373,486,372,"(3, 373, 1, 497)","(42, 372, 48, 486)"
2357368.jpg,sitting on,grass,90,477,409,1,man,66,40,341,75,1,3,478,499,115,407,"(409, 499, 1, 478)","(341, 407, 75, 115)"
1592156.jpg,wearing,shirt,155,155,377,133,man,430,189,321,113,0,3,288,532,302,751,"(377, 532, 133, 288)","(321, 751, 113, 302)"
2364564.jpg,sitting on,table,93,143,115,62,television,71,67,53,136,1,3,205,208,203,124,"(115, 208, 62, 205)","(53, 124, 136, 203)"
2357278.jpg,growing on,ground,326,308,149,50,grass,23,99,128,32,0,3,358,475,131,151,"(149, 475, 50, 358)","(128, 151, 32, 131)"
2383328.jpg,sitting on,feet,35,34,267,37,boy,178,102,124,30,1,3,71,302,132,302,"(267, 302, 37, 71)","(124, 302, 30, 132)"
2353456.jpg,wearing,shoe,58,48,441,327,girl,356,196,38,60,0,3,375,499,256,394,"(441, 499, 327, 375)","(38, 394, 60, 256)"
2365128.jpg,parked on,street,374,499,0,0,car,13,22,111,248,0,3,499,374,270,124,"(0, 374, 0, 499)","(111, 124, 248, 270)"
2356099.jpg,sitting on,shelf,8,42,138,330,book,40,8,102,334,1,3,372,146,342,142,"(138, 146, 330, 372)","(102, 142, 334, 342)"
2380446.jpg,wearing,pink,9,9,193,360,women,152,200,112,265,0,3,369,202,465,264,"(193, 202, 360, 369)","(112, 264, 265, 465)"
2389840.jpg,sitting on,table,216,331,283,0,glasses,45,86,280,206,1,3,331,499,292,325,"(283, 499, 0, 331)","(280, 325, 206, 292)"
2357899.jpg,sitting on,wall,208,497,289,1,cat,127,88,194,218,1,3,498,497,306,321,"(289, 497, 1, 498)","(194, 321, 218, 306)"
2322837.jpg,wearing,shirt,171,150,93,186,man,232,132,34,195,0,3,336,264,327,266,"(93, 264, 186, 336)","(34, 266, 195, 327)"
2385375.jpg,sitting on,table,332,500,0,0,plate,261,489,71,0,1,3,500,332,489,332,"(0, 332, 0, 500)","(71, 332, 0, 489)"
2319431.jpg,wearing,socks,28,49,257,33,player,162,212,148,20,0,3,82,285,232,310,"(257, 285, 33, 82)","(148, 310, 20, 232)"
2402735.jpg,wearing,backpack,25,8,230,112,woman,101,58,213,102,0,3,120,255,160,314,"(230, 255, 112, 120)","(213, 314, 102, 160)"
2360138.jpg,wearing,pants,21,15,202,262,person,50,20,177,260,0,3,277,223,280,227,"(202, 223, 262, 277)","(177, 227, 260, 280)"
2361141.jpg,sitting on,bed,180,496,184,2,girl,168,210,119,165,1,3,498,364,375,287,"(184, 364, 2, 498)","(119, 287, 165, 375)"
2384912.jpg,wearing,jeans,47,74,182,299,person,111,94,130,295,0,3,373,229,389,241,"(182, 229, 299, 373)","(130, 241, 295, 389)"
2372101.jpg,sitting on,plate,95,160,179,0,food,100,158,169,3,1,3,160,274,161,269,"(179, 274, 0, 160)","(169, 269, 3, 161)"
2384146.jpg,wearing,helmet,19,25,237,177,kid,103,70,236,147,0,3,202,256,217,339,"(237, 256, 177, 202)","(236, 339, 147, 217)"
713472.jpg,sitting on,couch,244,327,426,87,pillow,84,121,436,169,1,3,414,670,290,520,"(426, 670, 87, 414)","(436, 520, 169, 290)"
2380931.jpg,carrying,surfboard,172,176,160,150,man,161,118,170,304,0,3,326,332,422,331,"(160, 332, 150, 326)","(170, 331, 304, 422)"
2325047.jpg,wearing,shirt,54,64,80,123,man,120,92,49,105,0,3,187,134,197,169,"(80, 134, 123, 187)","(49, 169, 105, 197)"
2387404.jpg,wearing,helmet,13,21,139,335,person,24,16,155,311,0,3,356,152,327,179,"(139, 152, 335, 356)","(155, 179, 311, 327)"
2318958.jpg,sitting on,bench,142,355,142,8,boy,213,157,71,94,1,3,363,284,251,284,"(142, 284, 8, 363)","(71, 284, 94, 251)"
2393775.jpg,wearing,coat,26,15,164,2,person,66,19,154,1,0,3,17,190,20,220,"(164, 190, 2, 17)","(154, 220, 1, 20)"
2346494.jpg,sitting on,table,260,416,79,82,person,107,296,8,202,1,3,498,339,498,115,"(79, 339, 82, 498)","(8, 115, 202, 498)"
2401741.jpg,sitting on,ground,30,133,299,366,boy,70,57,250,381,1,3,499,329,438,320,"(299, 329, 366, 499)","(250, 320, 381, 438)"
2324457.jpg,wearing,jacket,67,55,369,206,girl,111,44,361,211,0,3,261,436,255,472,"(369, 436, 206, 261)","(361, 472, 211, 255)"
2347496.jpg,wearing,shirt,99,116,275,270,person,145,121,230,263,0,3,386,374,384,375,"(275, 374, 270, 386)","(230, 375, 263, 384)"
2348201.jpg,wearing,bracelet,12,28,235,268,man,271,115,100,257,0,3,296,247,372,371,"(235, 247, 268, 296)","(100, 371, 257, 372)"
2375842.jpg,watching,player,279,227,53,105,crowd,121,498,0,1,0,3,332,332,499,121,"(53, 332, 105, 332)","(0, 121, 1, 499)"
2390319.jpg,sitting on,horse,51,29,118,319,woman,46,35,96,317,1,3,348,169,352,142,"(118, 169, 319, 348)","(96, 142, 317, 352)"
2376302.jpg,wearing,pants,123,296,376,8,man,456,325,43,1,0,3,304,499,326,499,"(376, 499, 8, 304)","(43, 499, 1, 326)"
2385166.jpg,wearing,cap,16,30,54,384,man,211,125,55,330,0,3,414,70,455,266,"(54, 70, 384, 414)","(55, 266, 330, 455)"
2324914.jpg,wearing,tie,137,70,146,192,man,300,330,70,100,0,3,262,283,430,370,"(146, 283, 192, 262)","(70, 370, 100, 430)"
2398983.jpg,sitting on,bench,61,79,57,27,people,68,80,0,125,1,3,106,118,205,68,"(57, 118, 27, 106)","(0, 68, 125, 205)"
2402028.jpg,wearing,pants,168,165,150,159,player,327,232,7,142,0,3,324,318,374,334,"(150, 318, 159, 324)","(7, 334, 142, 374)"
2392433.jpg,wearing,shirt,57,57,110,378,woman,378,232,5,265,0,3,435,167,497,383,"(110, 167, 378, 435)","(5, 383, 265, 497)"
2412562.jpg,sitting on,bench,24,43,211,455,person,40,26,195,467,1,3,498,235,493,235,"(211, 235, 455, 498)","(195, 235, 467, 493)"
2386437.jpg,sitting on,floor,362,488,133,5,box,89,96,4,4,1,3,493,495,100,93,"(133, 495, 5, 493)","(4, 93, 4, 100)"
2333687.jpg,sitting on,riverbank,60,307,215,53,earthmover,18,18,223,177,1,3,360,275,195,241,"(215, 275, 53, 360)","(223, 241, 177, 195)"
1641.jpg,parked on,street,368,715,229,4,car,29,18,263,217,0,3,719,597,235,292,"(229, 597, 4, 719)","(263, 292, 217, 235)"
2412553.jpg,sitting on,elephant,69,118,264,0,couple,92,101,158,1,1,3,118,333,102,250,"(264, 333, 0, 118)","(158, 250, 1, 102)"
498083.jpg,sitting on,tarmac,32,1024,467,0,airplane,296,893,189,14,1,3,1024,499,907,485,"(467, 499, 0, 1024)","(189, 485, 14, 907)"
2371264.jpg,sitting on,table,97,119,208,48,tumbler,23,10,193,91,1,3,167,305,101,216,"(208, 305, 48, 167)","(193, 216, 91, 101)"
2398172.jpg,wearing,boots,31,57,244,326,girl,150,62,122,330,0,3,383,275,392,272,"(244, 275, 326, 383)","(122, 272, 330, 392)"
2409262.jpg,sitting on,snow,228,498,146,1,person,15,15,217,388,1,3,499,374,403,232,"(146, 374, 1, 499)","(217, 232, 388, 403)"
2375223.jpg,carrying,bag,27,17,245,361,man,80,43,201,361,0,3,378,272,404,281,"(245, 272, 361, 378)","(201, 281, 361, 404)"
2357660.jpg,sitting on,floor,45,83,383,135,man,51,40,345,144,1,3,218,428,184,396,"(383, 428, 135, 218)","(345, 396, 144, 184)"
2360540.jpg,sitting on,rack,25,224,185,3,food,69,76,138,280,1,3,227,210,356,207,"(185, 210, 3, 227)","(138, 207, 280, 356)"
2393724.jpg,growing on,beach,111,496,263,4,shrub,37,37,275,253,0,3,500,374,290,312,"(263, 374, 4, 500)","(275, 312, 253, 290)"
2380006.jpg,sitting on,tracks,32,270,322,121,train,62,177,279,166,1,3,391,354,343,341,"(322, 354, 121, 391)","(279, 341, 166, 343)"
2375560.jpg,standing on,ledge,219,372,279,1,bird,282,172,132,105,0,3,373,498,277,414,"(279, 498, 1, 373)","(132, 414, 105, 277)"
2380002.jpg,wearing,helmet,62,80,239,123,person,283,339,18,65,0,3,203,301,404,301,"(239, 301, 123, 203)","(18, 301, 65, 404)"
2400288.jpg,mounted on,counter,145,346,240,0,faucet,46,18,243,146,0,3,346,385,164,289,"(240, 385, 0, 346)","(243, 289, 146, 164)"
2414804.jpg,wearing,cap,21,28,257,340,man,118,76,256,315,0,3,368,278,391,374,"(257, 278, 340, 368)","(256, 374, 315, 391)"
2416426.jpg,lying on,suitcase,283,370,48,76,cat,193,365,59,0,0,3,446,331,365,252,"(48, 331, 76, 446)","(59, 252, 0, 365)"
2403727.jpg,sitting on,ground,85,203,8,278,girl,291,84,8,44,1,3,481,93,128,299,"(8, 93, 278, 481)","(8, 299, 44, 128)"
2319846.jpg,sitting on,ground,113,498,221,1,man,88,79,202,198,1,3,499,334,277,290,"(221, 334, 1, 499)","(202, 290, 198, 277)"
2357629.jpg,sitting on,ladder,81,51,50,326,judge,49,25,32,340,1,3,377,131,365,81,"(50, 131, 326, 377)","(32, 81, 340, 365)"
2349483.jpg,sitting on,table,86,86,213,175,cup,18,15,202,230,1,3,261,299,245,220,"(213, 299, 175, 261)","(202, 220, 230, 245)"
2352622.jpg,wearing,socks,23,87,369,115,man,398,291,13,3,0,3,202,392,294,411,"(369, 392, 115, 202)","(13, 411, 3, 294)"
2400625.jpg,sitting on,bench,72,254,237,72,people,47,204,173,75,1,3,326,309,279,220,"(237, 309, 72, 326)","(173, 220, 75, 279)"
2385580.jpg,sitting on,couch,108,229,98,179,kid,73,41,130,221,1,3,408,206,262,203,"(98, 206, 179, 408)","(130, 203, 221, 262)"
2356099.jpg,sitting on,shelf,8,42,138,330,book,25,6,115,359,1,3,372,146,365,140,"(138, 146, 330, 372)","(115, 140, 359, 365)"
2349097.jpg,wearing,badge,38,29,213,113,woman,296,341,60,1,0,3,142,251,342,356,"(213, 251, 113, 142)","(60, 356, 1, 342)"
2319959.jpg,sitting on,step,47,251,449,143,person,97,69,395,243,1,3,394,496,312,492,"(449, 496, 143, 394)","(395, 492, 243, 312)"
2356052.jpg,wearing,dress,81,107,111,170,woman,200,150,75,172,0,3,277,192,322,275,"(111, 192, 170, 277)","(75, 275, 172, 322)"
2349823.jpg,sitting on,bench,73,499,95,0,player,142,54,24,84,1,3,499,168,138,166,"(95, 168, 0, 499)","(24, 166, 84, 138)"
2347398.jpg,sitting on,ground,223,490,148,9,man,60,42,91,48,1,3,499,371,90,151,"(148, 371, 9, 499)","(91, 151, 48, 90)"
2368678.jpg,standing on,table,277,331,97,121,menu,67,60,117,190,0,3,452,374,250,184,"(97, 374, 121, 452)","(117, 184, 190, 250)"
2386551.jpg,wearing,sneaker,39,28,423,184,boy,239,112,225,156,0,3,212,462,268,464,"(423, 462, 184, 212)","(225, 464, 156, 268)"
2372418.jpg,sitting on,bench,85,52,177,420,man,47,30,97,464,1,3,472,262,494,144,"(177, 262, 420, 472)","(97, 144, 464, 494)"
2416109.jpg,wearing,singlet,65,54,116,317,man,117,70,78,319,0,3,371,181,389,195,"(116, 181, 317, 371)","(78, 195, 319, 389)"
2382966.jpg,sitting on,notebook,183,261,137,0,pen,69,21,148,152,1,3,261,320,173,217,"(137, 320, 0, 261)","(148, 217, 152, 173)"
2323739.jpg,sitting on,table,331,497,41,0,plate,342,497,31,2,1,3,497,372,499,373,"(41, 372, 0, 497)","(31, 373, 2, 499)"
2323245.jpg,walking on,field,225,447,275,1,player,128,47,246,402,0,3,448,500,449,374,"(275, 500, 1, 448)","(246, 374, 402, 449)"
2328462.jpg,lying on,dish,137,406,176,79,food,119,278,130,158,0,3,485,313,436,249,"(176, 313, 79, 485)","(130, 249, 158, 436)"
2317731.jpg,wearing,shirt,165,58,167,442,person,224,107,107,393,0,3,500,332,500,331,"(167, 332, 442, 500)","(107, 331, 393, 500)"
2391088.jpg,wearing,hoodie,196,153,70,72,woman,373,188,1,72,0,3,225,266,260,374,"(70, 266, 72, 225)","(1, 374, 72, 260)"
2392294.jpg,wearing,shorts,59,52,146,206,man,189,139,78,168,0,3,258,205,307,267,"(146, 205, 206, 258)","(78, 267, 168, 307)"
2345117.jpg,eating,crust,89,46,172,175,child,294,219,18,62,0,3,221,261,281,312,"(172, 261, 175, 221)","(18, 312, 62, 281)"
2370507.jpg,sitting on,sofa,169,491,162,5,girl,287,204,45,115,1,3,496,331,319,332,"(162, 331, 5, 496)","(45, 332, 115, 319)"
2329930.jpg,sitting on,table,332,446,20,30,squash,84,71,25,393,1,3,476,352,464,109,"(20, 352, 30, 476)","(25, 109, 393, 464)"
2348940.jpg,sitting on,bench,117,495,256,0,child,202,230,74,7,1,3,495,373,237,276,"(256, 373, 0, 495)","(74, 276, 7, 237)"
2392625.jpg,wearing,hat,40,46,150,323,woman,184,91,150,287,0,3,369,190,378,334,"(150, 190, 323, 369)","(150, 334, 287, 378)"
2405754.jpg,sitting on,table,240,240,258,131,cat,126,87,168,146,1,3,371,498,233,294,"(258, 498, 131, 371)","(168, 294, 146, 233)"
2320049.jpg,sitting on,grass,346,484,10,4,animal,40,56,85,415,1,3,488,356,471,125,"(10, 356, 4, 488)","(85, 125, 415, 471)"
2354562.jpg,sitting on,ground,45,213,313,107,giraffe,111,100,207,152,1,3,320,358,252,318,"(313, 358, 107, 320)","(207, 318, 152, 252)"
2398774.jpg,sitting on,bench,169,500,205,0,man,321,282,54,105,1,3,500,374,387,375,"(205, 374, 0, 500)","(54, 375, 105, 387)"
2375681.jpg,wearing,suit,264,173,226,144,person,317,157,175,146,0,3,317,490,303,492,"(226, 490, 144, 317)","(175, 492, 146, 303)"
2380035.jpg,sitting on,table,247,332,253,1,doughnut,51,75,369,224,1,3,333,500,299,420,"(253, 500, 1, 333)","(369, 420, 224, 299)"
2409302.jpg,carrying,backpack,54,35,185,158,woman,186,66,127,119,0,3,193,239,185,313,"(185, 239, 158, 193)","(127, 313, 119, 185)"
2344462.jpg,wearing,jacket,183,189,147,142,man,262,180,70,148,0,3,331,330,328,332,"(147, 330, 142, 331)","(70, 332, 148, 328)"
2417932.jpg,hanging from,boat,152,164,152,122,bucket,20,17,200,239,0,3,286,304,256,220,"(152, 304, 122, 286)","(200, 220, 239, 256)"
2328275.jpg,lying on,phones,60,89,172,374,phone,41,28,183,433,0,3,463,232,461,224,"(172, 232, 374, 463)","(183, 224, 433, 461)"
2401520.jpg,sitting on,desk,118,494,255,3,tablet,72,65,254,138,1,3,497,373,203,326,"(255, 373, 3, 497)","(254, 326, 138, 203)"
2381840.jpg,sitting on,bed,331,499,1,0,pillow,72,281,0,149,1,3,499,332,430,72,"(1, 332, 0, 499)","(0, 72, 149, 430)"
2347216.jpg,sitting on,carpet,62,498,312,1,woman,235,133,139,342,1,3,499,374,475,374,"(312, 374, 1, 499)","(139, 374, 342, 475)"
2383036.jpg,sitting on,bench,109,29,265,302,man,437,307,63,13,1,3,331,374,320,500,"(265, 374, 302, 331)","(63, 500, 13, 320)"
2382688.jpg,walking in,rain,193,479,19,13,man,179,114,134,90,0,3,492,212,204,313,"(19, 212, 13, 492)","(134, 313, 90, 204)"
2333512.jpg,sitting on,boat,97,221,142,235,man,166,118,43,239,1,3,456,239,357,209,"(142, 239, 235, 456)","(43, 209, 239, 357)"
2389099.jpg,sitting on,head,68,70,34,119,cap,53,76,34,118,1,3,189,102,194,87,"(34, 102, 119, 189)","(34, 87, 118, 194)"
1159654.jpg,wearing,coveralls,245,116,573,344,toddler,321,168,505,292,0,3,460,818,460,826,"(573, 818, 344, 460)","(505, 826, 292, 460)"
2415371.jpg,wearing,shoe,36,50,313,121,man,336,125,13,67,0,3,171,349,192,349,"(313, 349, 121, 171)","(13, 349, 67, 192)"
2415103.jpg,sitting on,wall,37,202,189,2,person,35,24,186,35,1,3,204,226,59,221,"(189, 226, 2, 204)","(186, 221, 35, 59)"
2368139.jpg,sitting on,table,200,499,131,0,bowl,255,192,30,289,1,3,499,331,481,285,"(131, 331, 0, 499)","(30, 285, 289, 481)"
2357757.jpg,sitting on,field,225,492,107,4,man,277,261,55,12,1,3,496,332,273,332,"(107, 332, 4, 496)","(55, 332, 12, 273)"
2389523.jpg,sitting on,ground,178,499,102,1,bicycle,37,30,118,364,1,3,500,280,394,155,"(102, 280, 1, 500)","(118, 155, 364, 394)"
2405968.jpg,parked on,track,50,126,257,372,train,118,279,161,116,0,3,498,307,395,279,"(257, 307, 372, 498)","(161, 279, 116, 395)"
2381462.jpg,riding,wave,68,479,157,10,surfboard,31,29,117,293,0,3,489,225,322,148,"(157, 225, 10, 489)","(117, 148, 293, 322)"
2335337.jpg,wearing,pant,115,47,257,207,man,224,55,150,200,0,3,254,372,255,374,"(257, 372, 207, 254)","(150, 374, 200, 255)"
2345135.jpg,walking on,street,112,94,152,3,person,80,62,106,90,0,3,97,264,152,186,"(152, 264, 3, 97)","(106, 186, 90, 152)"
2337778.jpg,covering,ground,149,495,222,0,grass,155,496,219,0,0,3,495,371,496,374,"(222, 371, 0, 495)","(219, 374, 0, 496)"
2369537.jpg,sitting on,bench,36,105,168,91,couple,47,42,154,100,1,3,196,204,142,201,"(168, 204, 91, 196)","(154, 201, 100, 142)"
2375188.jpg,wearing,glasses,194,101,155,173,man,278,185,116,90,0,3,274,349,275,394,"(155, 349, 173, 274)","(116, 394, 90, 275)"
2411556.jpg,wearing,shoes,34,54,290,35,man,220,71,102,20,0,3,89,324,91,322,"(290, 324, 35, 89)","(102, 322, 20, 91)"
2330201.jpg,wearing,shirt,45,60,176,311,umpire,163,89,153,292,0,3,371,221,381,316,"(176, 221, 311, 371)","(153, 316, 292, 381)"
2393343.jpg,wearing,jacket,53,97,207,69,woman,267,107,163,73,0,3,166,260,180,430,"(207, 260, 69, 166)","(163, 430, 73, 180)"
2366951.jpg,sitting on,walkway,59,121,243,284,person,75,48,145,200,1,3,405,302,248,220,"(243, 302, 284, 405)","(145, 220, 200, 248)"
2403657.jpg,sitting on,bench,198,494,106,1,statue,286,202,16,15,1,3,495,304,217,302,"(106, 304, 1, 495)","(16, 302, 15, 217)"
2370461.jpg,standing on,platform,84,117,221,379,passenger,67,25,192,452,0,3,496,305,477,259,"(221, 305, 379, 496)","(192, 259, 452, 477)"
2412097.jpg,eating,grass,167,499,207,0,sheep,50,71,190,276,0,3,499,374,347,240,"(207, 374, 0, 499)","(190, 240, 276, 347)"
2385156.jpg,sitting on,chair,132,46,131,0,umpire,81,21,97,0,1,3,46,263,21,178,"(131, 263, 0, 46)","(97, 178, 0, 21)"
2403327.jpg,sitting on,table,144,498,355,1,apple,80,78,413,176,1,3,499,499,254,493,"(355, 499, 1, 499)","(413, 493, 176, 254)"
2336762.jpg,walking on,beach,155,493,175,6,man,133,59,137,238,0,3,499,330,297,270,"(175, 330, 6, 499)","(137, 270, 238, 297)"
2001.jpg,sitting on,table,290,281,308,438,lamp,169,96,169,511,1,3,719,598,607,338,"(308, 598, 438, 719)","(169, 338, 511, 607)"
86.jpg,sitting on,train,352,450,5,44,person,113,64,170,211,1,3,494,357,275,283,"(5, 357, 44, 494)","(170, 283, 211, 275)"
2346415.jpg,sitting on,sand,156,374,343,0,tent,112,70,387,1,1,3,374,499,71,499,"(343, 499, 0, 374)","(387, 499, 1, 71)"
2372081.jpg,sitting on,counter,184,495,312,0,jar,367,109,20,345,1,3,495,496,454,387,"(312, 496, 0, 495)","(20, 387, 345, 454)"
2389464.jpg,sitting on,wall,32,76,345,102,person,16,10,340,124,1,3,178,377,134,356,"(345, 377, 102, 178)","(340, 356, 124, 134)"
2410115.jpg,sitting on,track,120,458,369,15,viewers,64,74,335,149,1,3,473,489,223,399,"(369, 489, 15, 473)","(335, 399, 149, 223)"
497995.jpg,wearing,shorts,58,102,556,432,man,297,165,425,413,0,3,534,614,578,722,"(556, 614, 432, 534)","(425, 722, 413, 578)"
2397113.jpg,wearing,pants,216,109,251,217,woman,444,171,56,182,0,3,326,467,353,500,"(251, 467, 217, 326)","(56, 500, 182, 353)"
2370902.jpg,covering,rock,28,149,158,220,spot,11,11,169,282,0,3,369,186,293,180,"(158, 186, 220, 369)","(169, 180, 282, 293)"
498301.jpg,sitting on,floor,55,822,621,200,speaker,335,85,310,915,1,3,1022,676,1000,645,"(621, 676, 200, 1022)","(310, 645, 915, 1000)"
2394190.jpg,wearing,pants,103,103,389,27,man,259,135,241,4,0,3,130,492,139,500,"(389, 492, 27, 130)","(241, 500, 4, 139)"
2358627.jpg,wearing,shirt,57,63,151,194,boy,157,88,128,186,0,3,257,208,274,285,"(151, 208, 194, 257)","(128, 285, 186, 274)"
2348607.jpg,sitting on,grass,71,329,302,134,giraffe,232,222,99,154,1,3,463,373,376,331,"(302, 373, 134, 463)","(99, 331, 154, 376)"
4418.jpg,wearing,black,160,103,267,600,man,203,98,225,597,0,3,703,427,695,428,"(267, 427, 600, 703)","(225, 428, 597, 695)"
2391141.jpg,sitting on,laptop,355,373,11,87,cat,325,236,22,81,1,3,460,366,317,347,"(11, 366, 87, 460)","(22, 347, 81, 317)"
2351509.jpg,hanging from,horse,165,284,218,52,reins,128,93,294,80,0,3,336,383,173,422,"(218, 383, 52, 336)","(294, 422, 80, 173)"
1592412.jpg,sitting on,bench,95,223,124,196,people,128,78,89,266,1,3,419,219,344,217,"(124, 219, 196, 419)","(89, 217, 266, 344)"
2361179.jpg,sitting on,countertop,159,476,112,7,fork,46,117,234,271,1,3,483,271,388,280,"(112, 271, 7, 483)","(234, 280, 271, 388)"
413.jpg,wearing,glasses,17,38,44,105,woman,85,61,14,100,0,3,143,61,161,99,"(44, 61, 105, 143)","(14, 99, 100, 161)"
2327806.jpg,wearing,jeans,88,85,285,130,boy,170,97,144,123,0,3,215,373,220,314,"(285, 373, 130, 215)","(144, 314, 123, 220)"
2315495.jpg,sitting on,habitat,155,397,90,9,boulder,87,159,231,38,1,3,406,245,197,318,"(90, 245, 9, 406)","(231, 318, 38, 197)"
2317756.jpg,sitting on,bench,58,138,215,250,man,107,72,174,203,1,3,388,273,275,281,"(215, 273, 250, 388)","(174, 281, 203, 275)"
2372056.jpg,wearing,suit,91,40,103,411,man,118,45,84,409,0,3,451,194,454,202,"(103, 194, 411, 451)","(84, 202, 409, 454)"
2378494.jpg,wearing,cap,37,27,137,304,man,236,128,137,233,0,3,331,174,361,373,"(137, 174, 304, 331)","(137, 373, 233, 361)"
2316434.jpg,wearing,wristband,13,15,174,238,player,205,125,100,157,0,3,253,187,282,305,"(174, 187, 238, 253)","(100, 305, 157, 282)"
2320839.jpg,sitting on,grass,301,496,3,2,couple,373,498,0,0,1,3,498,304,498,373,"(3, 304, 2, 498)","(0, 373, 0, 498)"
2329523.jpg,wearing,collar,30,78,278,80,cat,265,437,145,34,0,3,158,308,471,410,"(278, 308, 80, 158)","(145, 410, 34, 471)"
2316586.jpg,sitting on,couch,134,261,175,232,people,182,150,128,254,1,3,493,309,404,310,"(175, 309, 232, 493)","(128, 310, 254, 404)"
2324124.jpg,sitting on,beach,149,498,225,0,camel,107,57,167,226,1,3,498,374,283,274,"(225, 374, 0, 498)","(167, 274, 226, 283)"
2408065.jpg,sitting on,man,136,67,206,252,baby,58,38,254,265,1,3,319,342,303,312,"(206, 342, 252, 319)","(254, 312, 265, 303)"
2399057.jpg,wearing,bathrobe,253,147,63,181,man,370,146,4,181,0,3,328,316,327,374,"(63, 316, 181, 328)","(4, 374, 181, 327)"
2409506.jpg,sitting on,display,122,147,211,15,paper,103,115,229,30,1,3,162,333,145,332,"(211, 333, 15, 162)","(229, 332, 30, 145)"
2359322.jpg,standing on,rock,116,161,105,201,bird,34,29,78,270,0,3,362,221,299,112,"(105, 221, 201, 362)","(78, 112, 270, 299)"
2412222.jpg,wearing,necklace,33,13,85,369,man,188,143,72,331,0,3,382,118,474,260,"(85, 118, 369, 382)","(72, 260, 331, 474)"
2374929.jpg,sitting on,shelf,56,89,285,0,bear,95,44,204,0,1,3,89,341,44,299,"(285, 341, 0, 89)","(204, 299, 0, 44)"
2397489.jpg,sitting on,bench,20,24,257,476,man,85,52,209,413,1,3,500,277,465,294,"(257, 277, 476, 500)","(209, 294, 413, 465)"
2391618.jpg,sitting on,bed,289,470,83,17,man,271,184,66,311,1,3,487,372,495,337,"(83, 372, 17, 487)","(66, 337, 311, 495)"
2337130.jpg,sitting on,skateboard,39,124,193,120,boy,109,84,81,122,1,3,244,232,206,190,"(193, 232, 120, 244)","(81, 190, 122, 206)"
2318181.jpg,sitting on,cabinet,185,285,315,34,cat,313,200,137,100,1,3,319,500,300,450,"(315, 500, 34, 319)","(137, 450, 100, 300)"
2361907.jpg,wearing,shoe,68,46,201,447,man,199,197,10,215,0,3,493,269,412,209,"(201, 269, 447, 493)","(10, 209, 215, 412)"
2344711.jpg,sitting on,bench,239,358,255,12,man,337,164,162,1,1,3,370,494,165,499,"(255, 494, 12, 370)","(162, 499, 1, 165)"
2393201.jpg,wearing,shorts,79,149,253,170,woman,290,382,42,46,0,3,319,332,428,332,"(253, 332, 170, 319)","(42, 332, 46, 428)"
2398600.jpg,wearing,mask,36,36,236,315,umpire,167,77,235,286,0,3,351,272,363,402,"(236, 272, 315, 351)","(235, 402, 286, 363)"
2390454.jpg,growing on,bush,28,43,128,34,flower,3,3,141,45,0,3,77,156,48,144,"(128, 156, 34, 77)","(141, 144, 45, 48)"
2396603.jpg,sitting on,beach,95,229,143,4,boat,184,44,33,0,1,3,233,238,44,217,"(143, 238, 4, 233)","(33, 217, 0, 44)"
2361802.jpg,wearing,tie,67,19,112,163,man,475,156,18,102,0,3,182,179,258,493,"(112, 179, 163, 182)","(18, 493, 102, 258)"
2350212.jpg,wearing,shoes,39,177,252,245,people,258,263,32,170,0,3,422,291,433,290,"(252, 291, 245, 422)","(32, 290, 170, 433)"
2321421.jpg,sitting on,sidewalk,259,482,131,1,cat,276,333,114,151,1,3,483,390,484,390,"(131, 390, 1, 483)","(114, 390, 151, 484)"
2404416.jpg,mounted on,wall,247,451,0,3,cross,23,15,88,430,0,3,454,247,445,111,"(0, 247, 3, 454)","(88, 111, 430, 445)"
2369765.jpg,wearing,shoes,110,325,388,49,woman,480,316,18,58,0,3,374,498,374,498,"(388, 498, 49, 374)","(18, 498, 58, 374)"
2317411.jpg,sitting on,floor,181,373,317,0,stroller,309,85,48,0,1,3,373,498,85,357,"(317, 498, 0, 373)","(48, 357, 0, 85)"
2352473.jpg,sitting on,table,117,368,105,119,control,35,71,152,261,1,3,487,222,332,187,"(105, 222, 119, 487)","(152, 187, 261, 332)"
2330759.jpg,wearing,sock,10,17,224,128,man,192,140,70,26,0,3,145,234,166,262,"(224, 234, 128, 145)","(70, 262, 26, 166)"
2380143.jpg,sitting on,plate,499,499,1,1,broccoli,135,107,307,171,1,3,500,500,278,442,"(1, 500, 1, 500)","(307, 442, 171, 278)"
2342194.jpg,sitting on,bench,54,86,290,73,woman,194,86,178,79,1,3,159,344,165,372,"(290, 344, 73, 159)","(178, 372, 79, 165)"
2384007.jpg,wearing,dress,267,130,233,62,woman,369,139,131,57,0,3,192,500,196,500,"(233, 500, 62, 192)","(131, 500, 57, 196)"
2393751.jpg,wearing,shirt,53,66,142,317,man,171,89,123,312,0,3,383,195,401,294,"(142, 195, 317, 383)","(123, 294, 312, 401)"
2402226.jpg,sitting on,bench,239,146,111,353,man,210,189,8,276,1,3,499,350,465,218,"(111, 350, 353, 499)","(8, 218, 276, 465)"
2352262.jpg,sitting on,table,70,383,301,115,plates,64,97,289,271,1,3,498,371,368,353,"(301, 371, 115, 498)","(289, 353, 271, 368)"
2316419.jpg,sitting on,horse,270,202,93,177,kid,201,69,33,218,1,3,379,363,287,234,"(93, 363, 177, 379)","(33, 234, 218, 287)"
2345958.jpg,sitting on,counter,342,495,32,1,rack,287,467,87,0,1,3,496,374,467,374,"(32, 374, 1, 496)","(87, 374, 0, 467)"
2394876.jpg,sitting on,stick,222,170,110,73,bird,70,52,114,132,1,3,243,332,184,184,"(110, 332, 73, 243)","(114, 184, 132, 184)"
2398245.jpg,sitting on,grass,147,500,229,0,cow,66,104,255,362,1,3,500,376,466,321,"(229, 376, 0, 500)","(255, 321, 362, 466)"
2357547.jpg,wearing,shirt,155,121,87,2,man,274,117,32,0,0,3,123,242,117,306,"(87, 242, 2, 123)","(32, 306, 0, 117)"
2321214.jpg,wearing,shirt,18,16,264,457,man,32,19,258,457,0,3,473,282,476,290,"(264, 282, 457, 473)","(258, 290, 457, 476)"
2395071.jpg,wearing,watch,53,43,361,209,man,57,20,113,38,0,3,252,414,58,170,"(361, 414, 209, 252)","(113, 170, 38, 58)"
2411423.jpg,wearing,purse,94,33,65,171,woman,299,92,30,177,0,3,204,159,269,329,"(65, 159, 171, 204)","(30, 329, 177, 269)"
285996.jpg,sitting on,ground,91,990,672,3,rock,61,94,653,320,1,3,993,763,414,714,"(672, 763, 3, 993)","(653, 714, 320, 414)"
2335072.jpg,sitting on,table,212,149,210,213,bottle,60,22,228,267,1,3,362,422,289,288,"(210, 422, 213, 362)","(228, 288, 267, 289)"
2399492.jpg,standing on,bench,124,499,145,1,dog,114,179,134,14,0,3,500,269,193,248,"(145, 269, 1, 500)","(134, 248, 14, 193)"
2395644.jpg,parked on,curb,40,54,249,24,cars,25,58,236,28,0,3,78,289,86,261,"(249, 289, 24, 78)","(236, 261, 28, 86)"
2358614.jpg,sitting on,desk,129,72,236,415,picture,53,59,215,419,1,3,487,365,478,268,"(236, 365, 415, 487)","(215, 268, 419, 478)"
2360596.jpg,standing on,sidewalk,24,89,191,410,man,87,22,169,93,0,3,499,215,115,256,"(191, 215, 410, 499)","(169, 256, 93, 115)"
2338746.jpg,wearing,cap,91,57,39,154,man,275,290,50,107,0,3,211,130,397,325,"(39, 130, 154, 211)","(50, 325, 107, 397)"
2342426.jpg,wearing,shirt,101,212,257,248,man,157,113,123,342,0,3,460,358,455,280,"(257, 358, 248, 460)","(123, 280, 342, 455)"
2367911.jpg,parked on,road,165,494,168,0,bus,190,395,75,33,0,3,494,333,428,265,"(168, 333, 0, 494)","(75, 265, 33, 428)"
2344875.jpg,sitting on,fireplace,79,100,158,327,lamps,15,102,134,330,1,3,427,237,432,149,"(158, 237, 327, 427)","(134, 149, 330, 432)"
2402864.jpg,hanging from,ceiling,88,310,1,67,light,23,71,4,111,0,3,377,89,182,27,"(1, 89, 67, 377)","(4, 27, 111, 182)"
2366478.jpg,parked on,pavement,101,484,272,2,car,65,103,271,60,0,3,486,373,163,336,"(272, 373, 2, 486)","(271, 336, 60, 163)"
2375352.jpg,sitting on,ledge,267,317,170,24,boys,350,467,17,24,1,3,341,437,491,367,"(170, 437, 24, 341)","(17, 367, 24, 491)"
2336078.jpg,wearing,dress,117,94,135,167,lady,166,107,95,160,0,3,261,252,267,261,"(135, 252, 167, 261)","(95, 261, 160, 267)"
2351142.jpg,wearing,boots,49,43,234,91,woman,196,112,61,22,0,3,134,283,134,257,"(234, 283, 91, 134)","(61, 257, 22, 134)"
2411086.jpg,sitting on,table,69,490,305,6,sandwich,282,393,34,45,1,3,496,374,438,316,"(305, 374, 6, 496)","(34, 316, 45, 438)"
2345527.jpg,sitting on,chair,290,260,210,17,bird,85,78,137,238,1,3,277,500,316,222,"(210, 500, 17, 277)","(137, 222, 238, 316)"
1592378.jpg,sitting on,table,78,415,513,330,cup,42,26,512,573,1,3,745,591,599,554,"(513, 591, 330, 745)","(512, 554, 573, 599)"
2399079.jpg,eating,flowers,217,320,54,77,bird,149,154,118,218,0,3,397,271,372,267,"(54, 271, 77, 397)","(118, 267, 218, 372)"
2410927.jpg,wearing,pants,67,49,218,130,boy,165,62,131,127,0,3,179,285,189,296,"(218, 285, 130, 179)","(131, 296, 127, 189)"
2360867.jpg,wearing,top,36,37,54,16,person,121,45,33,7,0,3,53,90,52,154,"(54, 90, 16, 53)","(33, 154, 7, 52)"
2385750.jpg,wearing,shoe,29,46,143,331,skateboarder,152,149,22,271,0,3,377,172,420,174,"(143, 172, 331, 377)","(22, 174, 271, 420)"
2354747.jpg,sitting on,train,194,286,118,48,woman,15,15,188,193,1,3,334,312,208,203,"(118, 312, 48, 334)","(188, 203, 193, 208)"
2403956.jpg,sitting on,table,56,153,327,82,bottle,70,33,308,8,1,3,235,383,41,378,"(327, 383, 82, 235)","(308, 378, 8, 41)"
2412521.jpg,sitting on,wood,132,379,200,120,bird,173,445,39,51,1,3,499,332,496,212,"(200, 332, 120, 499)","(39, 212, 51, 496)"
2405206.jpg,sitting on,chair,86,66,345,0,man,51,40,304,0,1,3,66,431,40,355,"(345, 431, 0, 66)","(304, 355, 0, 40)"
2417169.jpg,sitting on,table,78,497,252,0,glass,91,70,211,293,1,3,497,330,363,302,"(252, 330, 0, 497)","(211, 302, 293, 363)"
2403045.jpg,sitting on,grass,318,499,55,1,man,172,132,32,368,1,3,500,373,500,204,"(55, 373, 1, 500)","(32, 204, 368, 500)"
2372355.jpg,wearing,hat,63,79,12,113,man,294,270,14,27,0,3,192,75,297,308,"(12, 75, 113, 192)","(14, 308, 27, 297)"
1593061.jpg,wearing,shirt,169,61,33,256,woman,178,76,20,238,0,3,317,202,314,198,"(33, 202, 256, 317)","(20, 198, 238, 314)"
2339324.jpg,sitting on,table,162,366,336,7,bear,287,216,166,120,1,3,373,498,336,453,"(336, 498, 7, 373)","(166, 453, 120, 336)"
2343558.jpg,wearing,belt,13,68,222,103,man,372,235,59,14,0,3,171,235,249,431,"(222, 235, 103, 171)","(59, 431, 14, 249)"
2352808.jpg,sitting on,bench,203,200,168,7,boy,271,170,69,18,1,3,207,371,188,340,"(168, 371, 7, 207)","(69, 340, 18, 188)"
2363864.jpg,using,smartphone,83,35,160,316,man,330,357,1,0,0,3,351,243,357,331,"(160, 243, 316, 351)","(1, 331, 0, 357)"
2391706.jpg,wearing,glove,41,40,152,175,catcher,169,107,138,104,0,3,215,193,211,307,"(152, 193, 175, 215)","(138, 307, 104, 211)"
2388985.jpg,sitting on,bench,26,20,348,373,woman,93,86,282,308,1,3,393,374,394,375,"(348, 374, 373, 393)","(282, 375, 308, 394)"
2411567.jpg,sitting on,table,97,250,277,224,photograph,36,52,303,237,1,3,474,374,289,339,"(277, 374, 224, 474)","(303, 339, 237, 289)"
2408572.jpg,wearing,glasses,14,25,12,96,man,125,71,2,73,0,3,121,26,144,127,"(12, 26, 96, 121)","(2, 127, 73, 144)"
2415154.jpg,using,toilet,423,251,30,66,cat,276,207,173,53,0,3,317,453,260,449,"(30, 453, 66, 317)","(173, 449, 53, 260)"
2320447.jpg,eating,grass,114,495,151,2,animal,25,26,183,96,0,3,497,265,122,208,"(151, 265, 2, 497)","(183, 208, 96, 122)"
2412326.jpg,sitting on,sand,78,498,190,2,woman,41,34,158,441,1,3,500,268,475,199,"(190, 268, 2, 500)","(158, 199, 441, 475)"
2398356.jpg,riding,waves,253,489,3,4,woman,205,297,13,2,0,3,493,256,299,218,"(3, 256, 4, 493)","(13, 218, 2, 299)"
2368586.jpg,sitting on,table,140,281,192,216,television,155,160,87,271,1,3,497,332,431,242,"(192, 332, 216, 497)","(87, 242, 271, 431)"
2345180.jpg,sitting on,pan,367,497,3,2,cake,350,450,22,35,1,3,499,370,485,372,"(3, 370, 2, 499)","(22, 372, 35, 485)"
2395634.jpg,wearing,shirt,73,38,206,459,man,151,39,175,461,0,3,497,279,500,326,"(206, 279, 459, 497)","(175, 326, 461, 500)"
2347236.jpg,wearing,jacket,50,69,133,288,man,126,71,115,288,0,3,357,183,359,241,"(133, 183, 288, 357)","(115, 241, 288, 359)"
2405010.jpg,covering,chip,11,14,122,314,lettuce,142,212,103,270,0,3,328,133,482,245,"(122, 133, 314, 328)","(103, 245, 270, 482)"
2389491.jpg,wearing,shirt,35,38,77,57,kid,92,62,56,53,0,3,95,112,115,148,"(77, 112, 57, 95)","(56, 148, 53, 115)"
2333558.jpg,sitting on,wall,312,483,60,10,cat,72,120,126,183,1,3,493,372,303,198,"(60, 372, 10, 493)","(126, 198, 183, 303)"
2378931.jpg,sitting on,counter,48,240,295,0,mixer,64,51,244,117,1,3,240,343,168,308,"(295, 343, 0, 240)","(244, 308, 117, 168)"
2413537.jpg,wearing,lanyard,148,81,0,61,person,258,244,0,13,0,3,142,148,257,258,"(0, 148, 61, 142)","(0, 258, 13, 257)"
2349068.jpg,walking on,sidewalk,75,150,257,26,people,56,75,234,101,0,3,176,332,176,290,"(257, 332, 26, 176)","(234, 290, 101, 176)"
2371045.jpg,carrying,book,15,26,201,258,boy,173,93,143,201,0,3,284,216,294,316,"(201, 216, 258, 284)","(143, 316, 201, 294)"
2395537.jpg,sitting on,terminal,232,150,109,333,airplane,81,61,124,266,1,3,483,341,327,205,"(109, 341, 333, 483)","(124, 205, 266, 327)"
2372509.jpg,parked on,grass,189,472,184,6,truck,313,334,35,79,0,3,478,373,413,348,"(184, 373, 6, 478)","(35, 348, 79, 413)"
2360400.jpg,covering,floor,242,338,130,141,tile,26,67,242,417,0,3,479,372,484,268,"(130, 372, 141, 479)","(242, 268, 417, 484)"
2362881.jpg,sitting on,nightstand,60,84,167,22,flask,24,19,152,65,1,3,106,227,84,176,"(167, 227, 22, 106)","(152, 176, 65, 84)"
2389072.jpg,wearing,tie,141,83,219,129,boy,398,364,1,5,0,3,212,360,369,399,"(219, 360, 129, 212)","(1, 399, 5, 369)"
2370464.jpg,wearing,shirt,10,32,319,6,man,24,38,305,4,0,3,38,329,42,329,"(319, 329, 6, 38)","(305, 329, 4, 42)"
2325412.jpg,sitting on,sand,40,92,289,273,man,53,48,266,59,1,3,365,329,107,319,"(289, 329, 273, 365)","(266, 319, 59, 107)"
2409919.jpg,riding,board,110,106,28,233,man,98,153,52,344,0,3,339,138,497,150,"(28, 138, 233, 339)","(52, 150, 344, 497)"
2349659.jpg,walking on,ground,90,213,318,231,bird,30,15,351,187,0,3,444,408,202,381,"(318, 408, 231, 444)","(351, 381, 187, 202)"
2389574.jpg,flying in,sky,257,486,8,7,airplane,75,192,67,179,0,3,493,265,371,142,"(8, 265, 7, 493)","(67, 142, 179, 371)"
2414498.jpg,wearing,glasses,15,49,215,291,man,165,94,188,260,0,3,340,230,354,353,"(215, 230, 291, 340)","(188, 353, 260, 354)"
2396575.jpg,mounted on,train,148,387,109,3,light,12,15,198,364,0,3,390,257,379,210,"(109, 257, 3, 390)","(198, 210, 364, 379)"
1682.jpg,sitting on,counter,278,591,318,207,tray,103,232,372,384,1,3,798,596,616,475,"(318, 596, 207, 798)","(372, 475, 384, 616)"
2356227.jpg,sitting on,face,80,88,54,140,glasses,27,78,69,137,1,3,228,134,215,96,"(54, 134, 140, 228)","(69, 96, 137, 215)"
1592870.jpg,parked on,street,572,998,1,1,motorcycle,110,101,1,810,0,3,999,573,911,111,"(1, 573, 1, 999)","(1, 111, 810, 911)"
2346538.jpg,sitting on,desk,209,245,122,2,wallet,27,45,196,12,1,3,247,331,57,223,"(122, 331, 2, 247)","(196, 223, 12, 57)"
2393260.jpg,lying on,log,85,162,86,335,snow,113,99,200,322,0,3,497,171,421,313,"(86, 171, 335, 497)","(200, 313, 322, 421)"
2415382.jpg,sitting on,sidewalk,195,386,175,17,dog,83,66,289,169,1,3,403,370,235,372,"(175, 370, 17, 403)","(289, 372, 169, 235)"
2366230.jpg,sitting on,floor,277,391,95,107,scale,47,52,325,428,1,3,498,372,480,372,"(95, 372, 107, 498)","(325, 372, 428, 480)"
2345937.jpg,wearing,shorts,81,102,236,27,woman,418,143,65,30,0,3,129,317,173,483,"(236, 317, 27, 129)","(65, 483, 30, 173)"
2315496.jpg,sitting on,platform,110,109,229,19,lamppost,244,108,17,11,1,3,128,339,119,261,"(229, 339, 19, 128)","(17, 261, 11, 119)"
2398827.jpg,lying on,bed,408,371,90,3,pillow,17,113,177,86,0,3,374,498,199,194,"(90, 498, 3, 374)","(177, 194, 86, 199)"
2401585.jpg,riding,wave,217,473,103,23,man,57,56,136,187,0,3,496,320,243,193,"(103, 320, 23, 496)","(136, 193, 187, 243)"
2409656.jpg,sitting on,motorcycle,162,202,120,32,person,147,78,112,115,1,3,234,282,193,259,"(120, 282, 32, 234)","(112, 259, 115, 193)"
2318623.jpg,covered in,snow,39,150,326,221,ground,72,139,263,21,0,3,371,365,160,335,"(326, 365, 221, 371)","(263, 335, 21, 160)"
2383334.jpg,hanging from,tree,74,141,2,0,leaf,7,6,58,40,0,3,141,76,46,65,"(2, 76, 0, 141)","(58, 65, 40, 46)"
2373008.jpg,sitting on,chair,56,32,207,230,lady,153,90,126,222,1,3,262,263,312,279,"(207, 263, 230, 262)","(126, 279, 222, 312)"
2317381.jpg,sitting on,plate,70,82,211,326,fork,21,57,241,342,1,3,408,281,399,262,"(211, 281, 326, 408)","(241, 262, 342, 399)"
2410111.jpg,carrying,umbrella,21,38,284,72,woman,83,40,286,68,0,3,110,305,108,369,"(284, 305, 72, 110)","(286, 369, 68, 108)"
2387375.jpg,sitting on,ground,119,497,255,3,woman,137,104,238,121,1,3,500,374,225,375,"(255, 374, 3, 500)","(238, 375, 121, 225)"
2404295.jpg,wearing,dress,179,79,137,3,girl,355,90,73,0,0,3,82,316,90,428,"(137, 316, 3, 82)","(73, 428, 0, 90)"
2319509.jpg,sitting on,bench,185,316,171,168,man,107,84,148,334,1,3,484,356,418,255,"(171, 356, 168, 484)","(148, 255, 334, 418)"
2392665.jpg,sitting on,horse,276,348,56,125,child,149,79,45,314,1,3,473,332,393,194,"(56, 332, 125, 473)","(45, 194, 314, 393)"
2327715.jpg,sitting on,ground,74,124,29,0,people,55,90,25,1,1,3,124,103,91,80,"(29, 103, 0, 124)","(25, 80, 1, 91)"
2342701.jpg,wearing,shorts,57,73,260,157,boy,286,189,115,120,0,3,230,317,309,401,"(260, 317, 157, 230)","(115, 401, 120, 309)"
2320626.jpg,sitting on,chair,23,17,50,122,person,49,54,36,77,1,3,139,73,131,85,"(50, 73, 122, 139)","(36, 85, 77, 131)"
2370145.jpg,walking on,street,18,112,109,386,people,20,36,102,419,0,3,498,127,455,122,"(109, 127, 386, 498)","(102, 122, 419, 455)"
2363076.jpg,sitting on,ottoman,110,144,245,66,case,95,124,244,109,1,3,210,355,233,339,"(245, 355, 66, 210)","(244, 339, 109, 233)"
150328.jpg,wearing,sock,116,49,602,156,girl,425,232,313,31,0,3,205,718,263,738,"(602, 718, 156, 205)","(313, 738, 31, 263)"
2381839.jpg,sitting on,basket,23,20,120,138,hat,24,34,103,134,1,3,158,143,168,127,"(120, 143, 138, 158)","(103, 127, 134, 168)"
2415111.jpg,sitting on,bench,184,328,157,125,person,227,96,118,192,1,3,453,341,288,345,"(157, 341, 125, 453)","(118, 345, 192, 288)"
2386891.jpg,sitting on,sidewalk,73,156,219,336,woman,55,63,202,372,1,3,492,292,435,257,"(219, 292, 336, 492)","(202, 257, 372, 435)"
2372782.jpg,sitting on,plate,206,322,94,177,donut,43,72,28,184,1,3,499,300,256,71,"(94, 300, 177, 499)","(28, 71, 184, 256)"
2343624.jpg,sitting on,floor,106,493,265,4,speaker,87,73,243,127,1,3,497,371,200,330,"(265, 371, 4, 497)","(243, 330, 127, 200)"
498113.jpg,standing on,rack,272,157,292,1,bottle,61,20,269,23,0,3,158,564,43,330,"(292, 564, 1, 158)","(269, 330, 23, 43)"
2376509.jpg,wearing,shoes,30,42,245,284,woman,152,50,129,286,0,3,326,275,336,281,"(245, 275, 284, 326)","(129, 281, 286, 336)"
2326163.jpg,wearing,shoe,38,30,253,46,man,169,124,92,41,0,3,76,291,165,261,"(253, 291, 46, 76)","(92, 261, 41, 165)"
2341351.jpg,standing on,beach,336,472,23,20,sign,169,300,158,148,0,3,492,359,448,327,"(23, 359, 20, 492)","(158, 327, 148, 448)"
1592798.jpg,sitting on,chair,231,179,245,0,woman,301,150,138,0,1,3,179,476,150,439,"(245, 476, 0, 179)","(138, 439, 0, 150)"
2404756.jpg,sitting on,elephant,267,268,96,8,person,156,339,343,34,1,3,276,363,373,499,"(96, 363, 8, 276)","(343, 499, 34, 373)"
2395642.jpg,playing,tennis,344,296,37,14,man,301,109,83,86,0,3,310,381,195,384,"(37, 381, 14, 310)","(83, 384, 86, 195)"
2329440.jpg,sitting on,grass,22,27,173,76,people,28,31,171,45,1,3,103,195,76,199,"(173, 195, 76, 103)","(171, 199, 45, 76)"
2389006.jpg,sitting on,table,49,121,92,134,lamp,119,63,2,206,1,3,255,141,269,121,"(92, 141, 134, 255)","(2, 121, 206, 269)"
2323069.jpg,standing on,tarmac,164,473,177,14,man,96,28,146,438,0,3,487,341,466,242,"(177, 341, 14, 487)","(146, 242, 438, 466)"
2372698.jpg,wearing,shirt,53,47,149,193,person,168,65,119,188,0,3,240,202,253,287,"(149, 202, 193, 240)","(119, 287, 188, 253)"
2335590.jpg,covering,window,76,61,210,374,cage,81,60,208,377,0,3,435,286,437,289,"(210, 286, 374, 435)","(208, 289, 377, 437)"
2391635.jpg,wearing,shirt,64,65,87,352,boy,106,65,41,349,0,3,417,151,414,147,"(87, 151, 352, 417)","(41, 147, 349, 414)"
2370056.jpg,wearing,glasses,16,21,137,267,girl,270,191,104,208,0,3,288,153,399,374,"(137, 153, 267, 288)","(104, 374, 208, 399)"
2365597.jpg,sitting on,table,287,498,41,1,avocado,76,149,91,89,1,3,499,328,238,167,"(41, 328, 1, 499)","(91, 167, 89, 238)"
2337719.jpg,standing on,grass,78,390,295,3,giraffe,139,84,160,87,0,3,393,373,171,299,"(295, 373, 3, 393)","(160, 299, 87, 171)"
2405611.jpg,sitting on,street,35,77,127,0,van,135,103,5,5,1,3,77,162,108,140,"(127, 162, 0, 77)","(5, 140, 5, 108)"
2354596.jpg,sitting on,steps,115,147,70,227,woman,38,20,43,343,1,3,374,185,363,81,"(70, 185, 227, 374)","(43, 81, 343, 363)"
2334911.jpg,wearing,hat,12,22,98,446,man,124,41,94,436,0,3,468,110,477,218,"(98, 110, 446, 468)","(94, 218, 436, 477)"
2382660.jpg,carrying,bag,293,118,17,132,man,376,161,107,60,0,3,250,310,221,483,"(17, 310, 132, 250)","(107, 483, 60, 221)"
2394492.jpg,sitting on,bike,486,219,12,1,cat,84,107,136,199,1,3,220,498,306,220,"(12, 498, 1, 220)","(136, 220, 199, 306)"
713492.jpg,sitting on,table,87,212,351,307,plant,100,94,260,340,1,3,519,438,434,360,"(351, 438, 307, 519)","(260, 360, 340, 434)"
2377957.jpg,hanging from,balcony,46,18,198,154,towel,57,24,185,142,0,3,172,244,166,242,"(198, 244, 154, 172)","(185, 242, 142, 166)"
2339027.jpg,wearing,hat,20,20,159,255,man,155,90,159,196,0,3,275,179,286,314,"(159, 179, 255, 275)","(159, 314, 196, 286)"
713200.jpg,wearing,top,50,89,197,433,man,78,102,158,427,0,3,522,247,529,236,"(197, 247, 433, 522)","(158, 236, 427, 529)"
2410119.jpg,wearing,shirt,5,4,141,94,person,19,7,136,93,0,3,98,146,100,155,"(141, 146, 94, 98)","(136, 155, 93, 100)"
2342032.jpg,standing on,street,42,495,179,2,pole,160,11,50,338,0,3,497,221,349,210,"(179, 221, 2, 497)","(50, 210, 338, 349)"
2402875.jpg,sitting on,bench,33,128,247,206,woman,60,27,214,229,1,3,334,280,256,274,"(247, 280, 206, 334)","(214, 274, 229, 256)"
2403990.jpg,sitting on,steps,75,244,217,0,girl,83,77,184,101,1,3,244,292,178,267,"(217, 292, 0, 244)","(184, 267, 101, 178)"
2383887.jpg,wearing,shoe,36,21,254,146,man,240,106,58,141,0,3,167,290,247,298,"(254, 290, 146, 167)","(58, 298, 141, 247)"
2321067.jpg,sitting on,concrete,413,330,85,1,person,53,22,59,45,1,3,331,498,67,112,"(85, 498, 1, 331)","(59, 112, 45, 67)"
2370961.jpg,sitting on,table,41,44,67,392,laptop,160,277,49,107,1,3,436,108,384,209,"(67, 108, 392, 436)","(49, 209, 107, 384)"
2349823.jpg,sitting on,bench,73,499,95,0,player,82,64,67,375,1,3,499,168,439,149,"(95, 168, 0, 499)","(67, 149, 375, 439)"
2326737.jpg,standing on,road,152,332,345,0,man,174,60,287,272,0,3,332,497,332,461,"(345, 497, 0, 332)","(287, 461, 272, 332)"
2408105.jpg,sitting on,table,73,88,426,192,coffee,43,47,411,225,1,3,280,499,272,454,"(426, 499, 192, 280)","(411, 454, 225, 272)"
2340968.jpg,growing on,dirt,90,62,223,371,moss,61,90,199,395,0,3,433,313,485,260,"(223, 313, 371, 433)","(199, 260, 395, 485)"
2389407.jpg,wearing,top,106,108,110,284,person,264,122,76,283,0,3,392,216,405,340,"(110, 216, 284, 392)","(76, 340, 283, 405)"
2369994.jpg,sitting on,sidewalk,41,118,146,381,girl,57,60,136,401,1,3,499,187,461,193,"(146, 187, 381, 499)","(136, 193, 401, 461)"
2406351.jpg,sitting on,boards,21,359,208,68,people,77,292,138,110,1,3,427,229,402,215,"(208, 229, 68, 427)","(138, 215, 110, 402)"
2346257.jpg,wearing,hat,42,51,56,262,lady,145,175,66,193,0,3,313,98,368,211,"(56, 98, 262, 313)","(66, 211, 193, 368)"
2388371.jpg,sitting on,bench,280,250,150,237,woman,339,244,53,130,1,3,487,430,374,392,"(150, 430, 237, 487)","(53, 392, 130, 374)"
2368140.jpg,sitting on,bench,38,38,224,45,people,51,85,212,0,1,3,83,262,85,263,"(224, 262, 45, 83)","(212, 263, 0, 85)"
2394745.jpg,carrying,bag,23,13,218,289,person,48,15,193,294,0,3,302,241,309,241,"(218, 241, 289, 302)","(193, 241, 294, 309)"
2368140.jpg,sitting on,bench,36,53,225,37,people,50,60,207,27,1,3,90,261,87,257,"(225, 261, 37, 90)","(207, 257, 27, 87)"
2402865.jpg,wearing,wig,185,128,13,192,woman,150,97,64,225,0,3,320,198,322,214,"(13, 198, 192, 320)","(64, 214, 225, 322)"
2372646.jpg,covered in,snow,12,14,171,170,mountain,49,122,152,125,0,3,184,183,247,201,"(171, 183, 170, 184)","(152, 201, 125, 247)"
2347162.jpg,lying on,desk,274,398,24,97,cat,57,225,4,176,0,3,495,298,401,61,"(24, 298, 97, 495)","(4, 61, 176, 401)"
2349420.jpg,riding,bike,94,77,340,155,couple,244,116,183,148,0,3,232,434,264,427,"(340, 434, 155, 232)","(183, 427, 148, 264)"
2323838.jpg,wearing,jeans,130,41,210,173,man,265,56,83,173,0,3,214,340,229,348,"(210, 340, 173, 214)","(83, 348, 173, 229)"
2325935.jpg,sitting on,couch,210,362,162,22,child,116,90,62,287,1,3,384,372,377,178,"(162, 372, 22, 384)","(62, 178, 287, 377)"
498397.jpg,sitting on,chair,174,112,393,728,man,374,365,185,380,1,3,840,567,745,559,"(393, 567, 728, 840)","(185, 559, 380, 745)"
2378736.jpg,wearing,sunglasses,10,33,143,194,man,384,173,99,138,0,3,227,153,311,483,"(143, 153, 194, 227)","(99, 483, 138, 311)"
2372262.jpg,using,arm,104,148,115,180,woman,301,205,31,127,0,3,328,219,332,332,"(115, 219, 180, 328)","(31, 332, 127, 332)"
2409797.jpg,sitting on,stove,106,214,182,126,spatula,51,34,206,276,1,3,340,288,310,257,"(182, 288, 126, 340)","(206, 257, 276, 310)"
2367604.jpg,sitting on,boat,62,261,222,230,men,71,158,158,314,1,3,491,284,472,229,"(222, 284, 230, 491)","(158, 229, 314, 472)"
2366985.jpg,sitting on,wire,65,430,151,0,bird,58,32,171,387,1,3,430,216,419,229,"(151, 216, 0, 430)","(171, 229, 387, 419)"
2398719.jpg,wearing,shoe,17,27,306,193,girl,234,63,88,158,0,3,220,323,221,322,"(306, 323, 193, 220)","(88, 322, 158, 221)"
2365142.jpg,sitting on,sand,114,497,214,0,items,17,31,237,331,1,3,497,328,362,254,"(214, 328, 0, 497)","(237, 254, 331, 362)"
2364648.jpg,wearing,sock,57,55,246,338,boy,317,263,6,151,0,3,393,303,414,323,"(246, 303, 338, 393)","(6, 323, 151, 414)"
2385394.jpg,sitting on,table,191,499,183,1,dollhouse,372,498,1,1,1,3,500,374,499,373,"(183, 374, 1, 500)","(1, 373, 1, 499)"
2339913.jpg,sitting on,rack,19,87,159,73,towel,43,28,165,117,1,3,160,178,145,208,"(159, 178, 73, 160)","(165, 208, 117, 145)"
2395141.jpg,sitting on,post,47,30,198,34,bird,39,34,159,35,1,3,64,245,69,198,"(198, 245, 34, 64)","(159, 198, 35, 69)"
150361.jpg,sitting on,tracks,87,513,281,444,train,279,958,72,10,1,3,957,368,968,351,"(281, 368, 444, 957)","(72, 351, 10, 968)"
2404069.jpg,sitting on,table,153,499,183,0,speaker,65,39,123,364,1,3,499,336,403,188,"(183, 336, 0, 499)","(123, 188, 364, 403)"
2369612.jpg,hanging from,mirror,88,159,395,51,object,83,125,415,61,0,3,210,483,186,498,"(395, 483, 51, 210)","(415, 498, 61, 186)"
2352341.jpg,covering,mountain,121,477,20,12,snow,32,49,41,410,0,3,489,141,459,73,"(20, 141, 12, 489)","(41, 73, 410, 459)"
895.jpg,sitting on,shelf,488,561,111,2,book,71,199,80,404,1,3,563,599,603,151,"(111, 599, 2, 563)","(80, 151, 404, 603)"
2415797.jpg,carrying,surfboard,130,431,42,50,man,255,71,75,231,0,3,481,172,302,330,"(42, 172, 50, 481)","(75, 330, 231, 302)"
2411735.jpg,sitting on,rug,154,172,176,238,person,242,166,76,252,1,3,410,330,418,318,"(176, 330, 238, 410)","(76, 318, 252, 418)"
2358898.jpg,wearing,pants,181,110,315,264,man,264,120,235,252,0,3,374,496,372,499,"(315, 496, 264, 374)","(235, 499, 252, 372)"
2373887.jpg,wearing,sunglasses,50,126,221,121,man,315,168,115,70,0,3,247,271,238,430,"(221, 271, 121, 247)","(115, 430, 70, 238)"
2360774.jpg,wearing,sunglasses,16,24,192,460,man,208,60,166,439,0,3,484,208,499,374,"(192, 208, 460, 484)","(166, 374, 439, 499)"
1592336.jpg,sitting on,couch,554,990,210,3,couple,677,850,85,3,1,3,993,764,853,762,"(210, 764, 3, 993)","(85, 762, 3, 853)"
2407507.jpg,wearing,glass,14,41,54,341,man,275,204,41,273,0,3,382,68,477,316,"(54, 68, 341, 382)","(41, 316, 273, 477)"
2355445.jpg,walking in,field,154,333,70,1,horse,170,144,103,210,0,3,334,224,354,273,"(70, 224, 1, 334)","(103, 273, 210, 354)"
2406973.jpg,hanging from,pole,2,22,4,436,banner,25,19,7,438,0,3,458,6,457,32,"(4, 6, 436, 458)","(7, 32, 438, 457)"
2348098.jpg,sitting on,table,79,486,294,12,glass,74,39,300,299,1,3,498,373,338,374,"(294, 373, 12, 498)","(300, 374, 299, 338)"
2413247.jpg,wearing,shirt,20,31,33,444,fan,30,27,21,447,0,3,475,53,474,51,"(33, 53, 444, 475)","(21, 51, 447, 474)"
115.jpg,sitting on,couch,75,255,93,1,man,195,120,26,1,1,3,256,168,121,221,"(93, 168, 1, 256)","(26, 221, 1, 121)"
2345465.jpg,sitting on,beach,43,329,293,3,people,10,11,298,87,1,3,332,336,98,308,"(293, 336, 3, 332)","(298, 308, 87, 98)"
2410944.jpg,sitting on,raft,452,211,37,91,bird,75,53,380,187,1,3,302,489,240,455,"(37, 489, 91, 302)","(380, 455, 187, 240)"
2373365.jpg,wearing,trenchcoat,100,73,144,165,person,158,73,144,165,0,3,238,244,238,302,"(144, 244, 165, 238)","(144, 302, 165, 238)"
2334675.jpg,parked on,sidewalk,61,46,368,2,moped,86,50,307,16,0,3,48,429,66,393,"(368, 429, 2, 48)","(307, 393, 16, 66)"
2335891.jpg,sitting on,table,328,371,167,0,orange,104,113,109,189,1,3,371,495,302,213,"(167, 495, 0, 371)","(109, 213, 189, 302)"
2406451.jpg,sitting on,beach,298,500,76,0,man,64,35,140,74,1,3,500,374,109,204,"(76, 374, 0, 500)","(140, 204, 74, 109)"
2328879.jpg,wearing,shirt,46,74,26,108,woman,73,120,1,101,0,3,182,72,221,74,"(26, 72, 108, 182)","(1, 74, 101, 221)"
2410531.jpg,wearing,shorts,128,128,372,63,man,410,213,87,7,0,3,191,500,220,497,"(372, 500, 63, 191)","(87, 497, 7, 220)"
2409020.jpg,sitting on,bench,155,26,160,180,lady,196,83,132,195,1,3,206,315,278,328,"(160, 315, 180, 206)","(132, 328, 195, 278)"
2348191.jpg,sitting on,counter,148,261,241,0,shampoo,25,13,265,113,1,3,261,389,126,290,"(241, 389, 0, 261)","(265, 290, 113, 126)"
2363218.jpg,sitting on,counter,248,373,251,1,glass,237,124,94,57,1,3,374,499,181,331,"(251, 499, 1, 374)","(94, 331, 57, 181)"
2403201.jpg,sitting on,desk,127,500,246,0,laptop,341,480,1,16,1,3,500,373,496,342,"(246, 373, 0, 500)","(1, 342, 16, 496)"
2394611.jpg,standing on,beach,171,493,163,5,woman,60,14,134,481,0,3,498,334,495,194,"(163, 334, 5, 498)","(134, 194, 481, 495)"
2321007.jpg,painted on,sign,217,483,76,1,line,7,288,182,175,0,3,484,293,463,189,"(76, 293, 1, 484)","(182, 189, 175, 463)"
2376132.jpg,wearing,shirt,291,226,139,4,player,473,287,26,2,0,3,230,430,289,499,"(139, 430, 4, 230)","(26, 499, 2, 289)"
2371421.jpg,sitting on,ledge,100,233,231,25,person,35,17,248,132,1,3,258,331,149,283,"(231, 331, 25, 258)","(248, 283, 132, 149)"
2392335.jpg,wearing,shoes,59,75,407,93,man,379,122,90,93,0,3,168,466,215,469,"(407, 466, 93, 168)","(90, 469, 93, 215)"
635.jpg,carrying,bags,54,39,489,716,man,127,60,419,725,0,3,755,543,785,546,"(489, 543, 716, 755)","(419, 546, 725, 785)"
2356099.jpg,sitting on,desk,235,195,237,0,laptop,72,94,206,33,1,3,195,472,127,278,"(237, 472, 0, 195)","(206, 278, 33, 127)"
2412886.jpg,wearing,tie,104,98,230,41,lady,324,240,7,3,0,3,139,334,243,331,"(230, 334, 41, 139)","(7, 331, 3, 243)"
2351592.jpg,painted on,street,146,398,229,0,line,10,397,291,1,0,3,398,375,398,301,"(229, 375, 0, 398)","(291, 301, 1, 398)"
2343686.jpg,sitting on,beach,30,423,298,70,man,27,23,272,270,1,3,493,328,293,299,"(298, 328, 70, 493)","(272, 299, 270, 293)"
2379642.jpg,wearing,bracelet,35,28,255,371,person,446,341,17,131,0,3,399,290,472,463,"(255, 290, 371, 399)","(17, 463, 131, 472)"
2354628.jpg,wearing,pants,63,35,155,452,person,128,62,95,427,0,3,487,218,489,223,"(155, 218, 452, 487)","(95, 223, 427, 489)"
2332222.jpg,wearing,hat,28,42,92,194,she,88,37,98,185,0,3,236,120,222,186,"(92, 120, 194, 236)","(98, 186, 185, 222)"
2402528.jpg,standing on,hill,155,500,177,0,cow,160,84,88,264,0,3,500,332,348,248,"(177, 332, 0, 500)","(88, 248, 264, 348)"
1079.jpg,hanging from,ceiling,43,321,3,177,light,18,15,1,434,0,3,498,46,449,19,"(3, 46, 177, 498)","(1, 19, 434, 449)"
2320625.jpg,covering,mountain,242,255,19,230,snow,235,243,26,240,0,3,485,261,483,261,"(19, 261, 230, 485)","(26, 261, 240, 483)"
2366049.jpg,sitting on,sidewalk,172,72,47,426,backpack,27,46,26,398,1,3,498,219,444,53,"(47, 219, 426, 498)","(26, 53, 398, 444)"
2381345.jpg,sitting on,desk,41,105,235,185,object,6,6,251,255,1,3,290,276,261,257,"(235, 276, 185, 290)","(251, 257, 255, 261)"
2359071.jpg,carrying,packages,29,31,152,131,man,126,50,135,119,0,3,162,181,169,261,"(152, 181, 131, 162)","(135, 261, 119, 169)"
2387263.jpg,eating,bark,8,13,215,206,bear,118,119,120,96,0,3,219,223,215,238,"(215, 223, 206, 219)","(120, 238, 96, 215)"
2392714.jpg,sitting on,steps,140,349,196,2,man,253,121,46,169,1,3,351,336,290,299,"(196, 336, 2, 351)","(46, 299, 169, 290)"
2367414.jpg,sitting on,shelf,53,109,273,265,purse,51,45,331,273,1,3,374,326,318,382,"(273, 326, 265, 374)","(331, 382, 273, 318)"
2396213.jpg,wearing,trunks,63,55,149,141,man,139,126,138,140,0,3,196,212,266,277,"(149, 212, 141, 196)","(138, 277, 140, 266)"
2404383.jpg,sitting on,sidewalk,34,216,258,0,person,26,42,249,132,1,3,216,292,174,275,"(258, 292, 0, 216)","(249, 275, 132, 174)"
2394220.jpg,sitting on,street,159,497,212,3,sign,29,31,212,365,1,3,500,371,396,241,"(212, 371, 3, 500)","(212, 241, 365, 396)"
2315383.jpg,watching,kites,132,289,56,41,people,44,176,297,5,0,3,330,188,181,341,"(56, 188, 41, 330)","(297, 341, 5, 181)"
2397075.jpg,sitting on,table,233,333,261,4,bottle,140,42,218,66,1,3,337,494,108,358,"(261, 494, 4, 337)","(218, 358, 66, 108)"
2400701.jpg,sitting on,chair,63,58,175,52,guy,128,87,111,51,1,3,110,238,138,239,"(175, 238, 52, 110)","(111, 239, 51, 138)"
2347924.jpg,sitting on,bus,211,291,40,139,passenger,32,23,96,188,1,3,430,251,211,128,"(40, 251, 139, 430)","(96, 128, 188, 211)"
2319591.jpg,sitting on,desk,88,457,285,2,lamp,173,63,149,369,1,3,459,373,432,322,"(285, 373, 2, 459)","(149, 322, 369, 432)"
2412176.jpg,wearing,top,85,100,184,200,girl,206,249,28,230,0,3,300,269,479,234,"(184, 269, 200, 300)","(28, 234, 230, 479)"
2373650.jpg,riding,wave,53,479,171,15,man,128,82,54,210,0,3,494,224,292,182,"(171, 224, 15, 494)","(54, 182, 210, 292)"
2316039.jpg,sitting on,bed,201,393,164,34,luggage,191,169,127,2,1,3,427,365,171,318,"(164, 365, 34, 427)","(127, 318, 2, 171)"
2343422.jpg,standing on,ground,248,458,229,24,horse,213,237,196,171,0,3,482,477,408,409,"(229, 477, 24, 482)","(196, 409, 171, 408)"
1662.jpg,sitting on,bookshelf,388,269,115,161,book,66,18,282,186,1,3,430,503,204,348,"(115, 503, 161, 430)","(282, 348, 186, 204)"
2322299.jpg,sitting on,floor,137,137,361,129,bottle,33,11,339,184,1,3,266,498,195,372,"(361, 498, 129, 266)","(339, 372, 184, 195)"
2395408.jpg,wearing,pants,85,50,299,156,man,199,58,206,157,0,3,206,384,215,405,"(299, 384, 156, 206)","(206, 405, 157, 215)"
2349887.jpg,sitting on,step,32,257,373,0,people,72,24,298,239,1,3,257,405,263,370,"(373, 405, 0, 257)","(298, 370, 239, 263)"
1592073.jpg,wearing,cap,21,31,108,356,man,55,40,106,347,0,3,387,129,387,161,"(108, 129, 356, 387)","(106, 161, 347, 387)"
619.jpg,using,crosswalk,179,174,315,1,person,52,11,247,1,0,3,175,494,12,299,"(315, 494, 1, 175)","(247, 299, 1, 12)"
2341314.jpg,sitting on,table,102,99,214,33,remote,14,14,223,84,1,3,132,316,98,237,"(214, 316, 33, 132)","(223, 237, 84, 98)"
2396042.jpg,wearing,jeans,149,116,264,6,man,380,151,71,3,0,3,122,413,154,451,"(264, 413, 6, 122)","(71, 451, 3, 154)"
2397131.jpg,sitting on,branch,99,499,164,0,bird,114,73,81,83,1,3,499,263,156,195,"(164, 263, 0, 499)","(81, 195, 83, 156)"
2328337.jpg,carrying,umbrella,48,139,226,2,person,237,112,260,12,0,3,141,274,124,497,"(226, 274, 2, 141)","(260, 497, 12, 124)"
2390511.jpg,sitting on,bench,93,176,106,303,man,173,206,41,193,1,3,479,199,399,214,"(106, 199, 303, 479)","(41, 214, 193, 399)"
2417628.jpg,sitting on,elephant,198,309,112,155,man,214,141,36,48,1,3,464,310,189,250,"(112, 310, 155, 464)","(36, 250, 48, 189)"
2385527.jpg,wearing,suit,173,46,132,271,man,207,64,106,255,0,3,317,305,319,313,"(132, 305, 271, 317)","(106, 313, 255, 319)"
2381201.jpg,wearing,shorts,29,41,23,104,person,55,75,1,84,0,3,145,52,159,56,"(23, 52, 104, 145)","(1, 56, 84, 159)"
2397925.jpg,covered in,dirt,92,362,401,11,cleats,100,292,360,21,0,3,373,493,313,460,"(401, 493, 11, 373)","(360, 460, 21, 313)"
2322511.jpg,wearing,slipper,22,24,218,255,man,185,122,56,162,0,3,279,240,284,241,"(218, 240, 255, 279)","(56, 241, 162, 284)"
2378982.jpg,sitting on,chair,44,52,170,158,person,117,51,95,158,1,3,210,214,209,212,"(170, 214, 158, 210)","(95, 212, 158, 209)"
2344473.jpg,sitting on,fence,122,499,157,0,bird,80,71,113,403,1,3,499,279,474,193,"(157, 279, 0, 499)","(113, 193, 403, 474)"
2345265.jpg,sitting on,couch,127,174,212,306,child,136,82,204,334,1,3,480,339,416,340,"(212, 339, 306, 480)","(204, 340, 334, 416)"
2412363.jpg,sitting on,table,293,499,79,0,plate,177,407,136,1,1,3,499,372,408,313,"(79, 372, 0, 499)","(136, 313, 1, 408)"
2387915.jpg,sitting on,table,84,481,373,9,glasses,199,465,248,34,1,3,490,457,499,447,"(373, 457, 9, 490)","(248, 447, 34, 499)"
1592137.jpg,sitting on,bench,228,258,485,80,people,228,258,485,80,1,3,338,713,338,713,"(485, 713, 80, 338)","(485, 713, 80, 338)"
2320801.jpg,sitting on,court,363,466,10,13,person,28,48,346,301,1,3,479,373,349,374,"(10, 373, 13, 479)","(346, 374, 301, 349)"
2376070.jpg,sitting on,cart,32,44,182,205,man,30,22,175,228,1,3,249,214,250,205,"(182, 214, 205, 249)","(175, 205, 228, 250)"
2323143.jpg,hanging from,tree,64,263,14,37,branches,48,63,11,244,0,3,300,78,307,59,"(14, 78, 37, 300)","(11, 59, 244, 307)"
178.jpg,sitting on,bench,24,25,50,31,man,48,42,29,45,1,3,56,74,87,77,"(50, 74, 31, 56)","(29, 77, 45, 87)"
2404256.jpg,wearing,hat,20,21,190,191,man,189,68,174,158,0,3,212,210,226,363,"(190, 210, 191, 212)","(174, 363, 158, 226)"
2388010.jpg,sitting on,hood,95,104,158,314,cat,34,32,139,309,1,3,418,253,341,173,"(158, 253, 314, 418)","(139, 173, 309, 341)"
2342799.jpg,hanging from,bar,6,222,22,86,banana,27,12,69,160,0,3,308,28,172,96,"(22, 28, 86, 308)","(69, 96, 160, 172)"
2386346.jpg,wearing,pads,64,42,277,338,catcher,158,147,187,313,0,3,380,341,460,345,"(277, 341, 338, 380)","(187, 345, 313, 460)"
2341333.jpg,standing on,slab,106,473,393,0,elephant,462,370,7,57,0,3,473,499,427,469,"(393, 499, 0, 473)","(7, 469, 57, 427)"
2354820.jpg,riding,skateboard,92,40,124,187,man,179,94,34,190,0,3,227,216,284,213,"(124, 216, 187, 227)","(34, 213, 190, 284)"
2417113.jpg,wearing,glove,54,69,185,68,batter,351,315,7,70,0,3,137,239,385,358,"(185, 239, 68, 137)","(7, 358, 70, 385)"
2371464.jpg,wearing,sunglasses,12,15,79,240,man,96,106,64,224,0,3,255,91,330,160,"(79, 91, 240, 255)","(64, 160, 224, 330)"
807.jpg,sitting on,road,67,254,340,474,car,35,49,332,654,1,3,728,407,703,367,"(340, 407, 474, 728)","(332, 367, 654, 703)"
2358373.jpg,sitting on,table,42,33,202,385,lamp,91,73,104,388,1,3,418,244,461,195,"(202, 244, 385, 418)","(104, 195, 388, 461)"
2411011.jpg,wearing,cap,22,22,128,216,man,102,118,128,177,0,3,238,150,295,230,"(128, 150, 216, 238)","(128, 230, 177, 295)"
2320562.jpg,wearing,helmet,32,50,15,359,man,187,139,5,313,0,3,409,47,452,192,"(15, 47, 359, 409)","(5, 192, 313, 452)"
2394298.jpg,wearing,goggles,17,30,150,174,man,294,135,107,109,0,3,204,167,244,401,"(150, 167, 174, 204)","(107, 401, 109, 244)"
2338082.jpg,wearing,watch,18,8,232,348,man,207,183,124,220,0,3,356,250,403,331,"(232, 250, 348, 356)","(124, 331, 220, 403)"
4270.jpg,hanging from,pole,102,13,42,212,wire,47,212,45,4,0,3,225,144,216,92,"(42, 144, 212, 225)","(45, 92, 4, 216)"
2396865.jpg,wearing,glove,38,51,197,40,man,387,304,112,11,0,3,91,235,315,499,"(197, 235, 40, 91)","(112, 499, 11, 315)"
2370694.jpg,sitting on,bench,50,108,187,171,boy,68,50,168,193,1,3,279,237,243,236,"(187, 237, 171, 279)","(168, 236, 193, 243)"
2403045.jpg,sitting on,grass,318,499,55,1,woman,210,419,105,24,1,3,500,373,443,315,"(55, 373, 1, 500)","(105, 315, 24, 443)"
2402606.jpg,sitting on,cloth,371,499,2,0,plate,318,421,44,39,1,3,499,373,460,362,"(2, 373, 0, 499)","(44, 362, 39, 460)"
2381189.jpg,sitting on,counter,188,319,308,55,vase,192,49,274,161,1,3,374,496,210,466,"(308, 496, 55, 374)","(274, 466, 161, 210)"
2416400.jpg,sitting on,table,114,276,332,38,dog,270,221,97,94,1,3,314,446,315,367,"(332, 446, 38, 314)","(97, 367, 94, 315)"
2329097.jpg,sitting on,bed,163,493,167,5,girl,214,135,116,298,1,3,498,330,433,330,"(167, 330, 5, 498)","(116, 330, 298, 433)"
2385198.jpg,sitting on,desk,238,463,136,33,phone,61,28,94,121,1,3,496,374,149,155,"(136, 374, 33, 496)","(94, 155, 121, 149)"
3987.jpg,sitting on,balcony,344,434,1,1,chair,47,46,172,59,1,3,435,345,105,219,"(1, 345, 1, 435)","(172, 219, 59, 105)"
2382338.jpg,sitting on,bench,89,391,242,32,man,236,130,93,40,1,3,423,331,170,329,"(242, 331, 32, 423)","(93, 329, 40, 170)"
2388874.jpg,wearing,shirt,173,130,202,366,man,247,194,128,303,0,3,496,375,497,375,"(202, 375, 366, 496)","(128, 375, 303, 497)"
2381206.jpg,standing on,sand,174,500,200,0,person,285,106,79,269,0,3,500,374,375,364,"(200, 374, 0, 500)","(79, 364, 269, 375)"
2404069.jpg,sitting on,table,153,499,183,0,mouse,39,40,234,399,1,3,499,336,439,273,"(183, 336, 0, 499)","(234, 273, 399, 439)"
2387227.jpg,wearing,pants,67,33,242,289,woman,112,43,202,281,0,3,322,309,324,314,"(242, 309, 289, 322)","(202, 314, 281, 324)"
2360513.jpg,standing on,bench,68,493,264,2,cat,330,487,2,5,0,3,495,332,492,332,"(264, 332, 2, 495)","(2, 332, 5, 492)"
713283.jpg,sitting on,chair,135,65,598,411,person,64,77,354,639,1,3,476,733,716,418,"(598, 733, 411, 476)","(354, 418, 639, 716)"
2377862.jpg,wearing,shorts,52,106,114,194,boy,166,252,57,106,0,3,300,166,358,223,"(114, 166, 194, 300)","(57, 223, 106, 358)"
2389003.jpg,standing on,sidewalk,121,332,378,0,man,96,24,303,31,0,3,332,499,55,399,"(378, 499, 0, 332)","(303, 399, 31, 55)"
2383873.jpg,sitting on,bed,184,377,180,2,woman,273,182,44,39,1,3,379,364,221,317,"(180, 364, 2, 379)","(44, 317, 39, 221)"
2398416.jpg,says,california,81,128,81,292,signs,72,321,93,95,0,3,420,162,416,165,"(81, 162, 292, 420)","(93, 165, 95, 416)"
2319576.jpg,wearing,suit,89,45,180,110,man,92,46,179,108,0,3,155,269,154,271,"(180, 269, 110, 155)","(179, 271, 108, 154)"
2366985.jpg,sitting on,wire,65,430,151,0,bird,35,28,128,100,1,3,430,216,128,163,"(151, 216, 0, 430)","(128, 163, 100, 128)"
713775.jpg,sitting on,road,405,1014,274,8,boots,53,65,392,565,1,3,1022,679,630,445,"(274, 679, 8, 1022)","(392, 445, 565, 630)"
2357473.jpg,sitting on,bus,379,370,0,3,woman,270,144,24,217,1,3,373,379,361,294,"(0, 379, 3, 373)","(24, 294, 217, 361)"
2395003.jpg,sitting on,street,190,488,310,5,skateboard,47,92,423,2,1,3,493,500,94,470,"(310, 500, 5, 493)","(423, 470, 2, 94)"
2341088.jpg,sitting on,bench,22,27,193,268,guy,38,27,165,273,1,3,295,215,300,203,"(193, 215, 268, 295)","(165, 203, 273, 300)"
2403355.jpg,sitting on,sofa,157,226,174,274,man,82,126,161,298,1,3,500,331,424,243,"(174, 331, 274, 500)","(161, 243, 298, 424)"
2380128.jpg,wearing,wetsuit,30,57,151,265,man,109,71,94,241,0,3,322,181,312,203,"(151, 181, 265, 322)","(94, 203, 241, 312)"
2328719.jpg,wearing,jacket,37,50,27,265,person,50,42,11,269,0,3,315,64,311,61,"(27, 64, 265, 315)","(11, 61, 269, 311)"
2349651.jpg,riding,surfboard,37,117,221,242,man,124,114,102,237,0,3,359,258,351,226,"(221, 258, 242, 359)","(102, 226, 237, 351)"
2359472.jpg,wearing,shorts,30,53,198,272,girl,100,44,37,223,0,3,325,228,267,137,"(198, 228, 272, 325)","(37, 137, 223, 267)"
2351169.jpg,sitting on,bench,120,145,130,255,man,160,70,77,320,1,3,400,250,390,237,"(130, 250, 255, 400)","(77, 237, 320, 390)"
2342113.jpg,sitting on,ground,142,383,158,2,hay,106,128,102,143,1,3,385,300,271,208,"(158, 300, 2, 385)","(102, 208, 143, 271)"
2411799.jpg,wearing,hat,33,38,199,173,person,251,92,207,144,0,3,211,232,236,458,"(199, 232, 173, 211)","(207, 458, 144, 236)"
2355653.jpg,wearing,shorts,26,33,257,218,man,120,51,205,208,0,3,251,283,259,325,"(257, 283, 218, 251)","(205, 325, 208, 259)"
2400256.jpg,sitting on,corner,38,234,177,264,can,61,48,131,313,1,3,498,215,361,192,"(177, 215, 264, 498)","(131, 192, 313, 361)"
2316036.jpg,sitting on,bench,170,277,155,194,person,181,110,123,192,1,3,471,325,302,304,"(155, 325, 194, 471)","(123, 304, 192, 302)"
2351310.jpg,covering,cake,184,198,118,56,glaze,181,197,119,55,0,3,254,302,252,300,"(118, 302, 56, 254)","(119, 300, 55, 252)"
2374749.jpg,wearing,ring,7,13,286,152,man,179,167,118,69,0,3,165,293,236,297,"(286, 293, 152, 165)","(118, 297, 69, 236)"
2317609.jpg,covered in,snow,63,160,437,168,skies,56,78,438,104,0,3,328,500,182,494,"(437, 500, 168, 328)","(438, 494, 104, 182)"
2392152.jpg,wearing,glasses,12,25,65,372,person,272,88,43,348,0,3,397,77,436,315,"(65, 77, 372, 397)","(43, 315, 348, 436)"
2404969.jpg,wearing,pants,71,57,259,442,woman,226,84,106,414,0,3,499,330,498,332,"(259, 330, 442, 499)","(106, 332, 414, 498)"
286019.jpg,walking in,park,500,506,141,482,man,67,44,219,693,0,3,988,641,737,286,"(141, 641, 482, 988)","(219, 286, 693, 737)"
2353901.jpg,sitting on,table,139,141,359,189,bottle,113,47,318,282,1,3,330,498,329,431,"(359, 498, 189, 330)","(318, 431, 282, 329)"
2415306.jpg,sitting on,counter,208,448,165,42,bottles,292,432,27,24,1,3,490,373,456,319,"(165, 373, 42, 490)","(27, 319, 24, 456)"
2388942.jpg,sitting on,elephant,288,153,175,85,man,110,157,96,97,1,3,238,463,254,206,"(175, 463, 85, 238)","(96, 206, 97, 254)"
2326337.jpg,sitting on,skateboard,49,238,288,1,boy,235,188,75,0,1,3,239,337,188,310,"(288, 337, 1, 239)","(75, 310, 0, 188)"
2393966.jpg,sitting on,tarmac,54,493,112,6,cargo,13,21,107,206,1,3,499,166,227,120,"(112, 166, 6, 499)","(107, 120, 206, 227)"
2391027.jpg,wearing,goggles,28,24,151,286,person,170,145,141,171,0,3,310,179,316,311,"(151, 179, 286, 310)","(141, 311, 171, 316)"
2397069.jpg,sitting on,range,42,175,180,287,lid,14,41,169,362,1,3,462,222,403,183,"(180, 222, 287, 462)","(169, 183, 362, 403)"
2352447.jpg,flying in,sky,35,53,89,213,kite,39,30,82,263,0,3,266,124,293,121,"(89, 124, 213, 266)","(82, 121, 263, 293)"
2316684.jpg,parked on,road,192,494,179,5,cars,22,81,178,24,0,3,499,371,105,200,"(179, 371, 5, 499)","(178, 200, 24, 105)"
2350204.jpg,wearing,socks,26,17,207,306,man,276,198,1,281,0,3,323,233,479,277,"(207, 233, 306, 323)","(1, 277, 281, 479)"
2364286.jpg,wearing,shirt,25,35,139,462,woman,88,40,118,457,0,3,497,164,497,206,"(139, 164, 462, 497)","(118, 206, 457, 497)"
713283.jpg,sitting on,chair,148,91,597,387,person,344,443,394,20,1,3,478,745,463,738,"(597, 745, 387, 478)","(394, 738, 20, 463)"
2362252.jpg,sitting on,beach,148,499,170,1,towel,28,173,225,327,1,3,500,318,500,253,"(170, 318, 1, 500)","(225, 253, 327, 500)"
2341343.jpg,flying in,sky,82,133,12,322,plane,385,483,32,11,0,3,455,94,494,417,"(12, 94, 322, 455)","(32, 417, 11, 494)"
2374886.jpg,sitting on,road,24,376,253,1,suv,51,113,206,261,1,3,377,277,374,257,"(253, 277, 1, 377)","(206, 257, 261, 374)"
2413067.jpg,sitting on,elephant,170,144,131,82,man,72,89,53,178,1,3,226,301,267,125,"(131, 301, 82, 226)","(53, 125, 178, 267)"
2411469.jpg,wearing,pants,17,12,20,120,person,37,19,5,115,0,3,132,37,134,42,"(20, 37, 120, 132)","(5, 42, 115, 134)"
2325747.jpg,sitting on,hill,90,496,240,2,person,176,238,85,138,1,3,498,330,376,261,"(240, 330, 2, 498)","(85, 261, 138, 376)"
2328188.jpg,wearing,pants,95,66,135,178,man,122,37,60,298,0,3,244,230,335,182,"(135, 230, 178, 244)","(60, 182, 298, 335)"
2392502.jpg,says,xcel,18,26,177,287,suit,131,110,152,244,0,3,313,195,354,283,"(177, 195, 287, 313)","(152, 283, 244, 354)"
2347257.jpg,wearing,hat,81,72,78,241,statue,483,288,14,28,0,3,313,159,316,497,"(78, 159, 241, 313)","(14, 497, 28, 316)"
2363361.jpg,wearing,helmet,55,79,20,193,batter,410,223,20,78,0,3,272,75,301,430,"(20, 75, 193, 272)","(20, 430, 78, 301)"
2378044.jpg,sitting on,bridge,66,415,118,1,train,60,405,57,5,1,3,416,184,410,117,"(118, 184, 1, 416)","(57, 117, 5, 410)"
2367579.jpg,sitting on,boat,370,495,1,0,man,226,172,109,206,1,3,495,371,378,335,"(1, 371, 0, 495)","(109, 335, 206, 378)"
2400846.jpg,wearing,shirt,34,29,83,246,man,84,45,45,232,0,3,275,117,277,129,"(83, 117, 246, 275)","(45, 129, 232, 277)"
2375562.jpg,sitting on,birdbath,258,484,240,15,bird,85,142,168,226,1,3,499,498,368,253,"(240, 498, 15, 499)","(168, 253, 226, 368)"
2381172.jpg,riding,skateboard,31,49,282,175,child,99,110,197,110,0,3,224,313,220,296,"(282, 313, 175, 224)","(197, 296, 110, 220)"
2412398.jpg,sitting on,sofa,245,493,84,3,boy,300,336,32,46,1,3,496,329,382,332,"(84, 329, 3, 496)","(32, 332, 46, 382)"
2346778.jpg,sitting on,desk,309,179,183,0,laptop,112,95,178,0,1,3,179,492,95,290,"(183, 492, 0, 179)","(178, 290, 0, 95)"
4059.jpg,sitting on,desk,223,251,218,341,laptop,83,79,188,397,1,3,592,441,476,271,"(218, 441, 341, 592)","(188, 271, 397, 476)"
2412220.jpg,sitting on,bench,100,58,315,5,man,116,72,302,36,1,3,63,415,108,418,"(315, 415, 5, 63)","(302, 418, 36, 108)"
2350022.jpg,sitting on,head,11,17,171,239,hat,15,20,160,236,1,3,256,182,256,175,"(171, 182, 239, 256)","(160, 175, 236, 256)"
1593209.jpg,mounted on,building,83,72,24,679,balcony,16,18,35,692,0,3,751,107,710,51,"(24, 107, 679, 751)","(35, 51, 692, 710)"
2350689.jpg,standing on,sidewalk,38,147,411,13,pedestrians,43,21,385,112,0,3,160,449,133,428,"(411, 449, 13, 160)","(385, 428, 112, 133)"
2389372.jpg,sitting on,shelf,12,114,118,137,clock,30,29,88,208,1,3,251,130,237,118,"(118, 130, 137, 251)","(88, 118, 208, 237)"
2361054.jpg,sitting on,desk,85,449,90,0,phone,30,40,120,3,1,3,449,175,43,150,"(90, 175, 0, 449)","(120, 150, 3, 43)"
2343851.jpg,sitting on,pan,359,141,15,338,pizza,373,439,0,1,1,3,479,374,440,373,"(15, 374, 338, 479)","(0, 373, 1, 440)"
2343461.jpg,wearing,shorts,49,36,144,20,man,224,70,34,3,0,3,56,193,73,258,"(144, 193, 20, 56)","(34, 258, 3, 73)"
2346635.jpg,growing on,arm,139,160,357,164,hair,14,74,431,157,0,3,324,496,231,445,"(357, 496, 164, 324)","(431, 445, 157, 231)"
2407550.jpg,sitting on,shelf,6,91,159,291,bowl,15,30,144,332,1,3,382,165,362,159,"(159, 165, 291, 382)","(144, 159, 332, 362)"
2404470.jpg,wearing,jacket,200,154,102,137,child,482,166,13,138,0,3,291,302,304,495,"(102, 302, 137, 291)","(13, 495, 138, 304)"
2352171.jpg,sitting on,shelf,10,29,49,356,box,56,38,54,297,1,3,385,59,335,110,"(49, 59, 356, 385)","(54, 110, 297, 335)"
2346960.jpg,wearing,shorts,25,47,397,100,kid,134,65,334,87,0,3,147,422,152,468,"(397, 422, 100, 147)","(334, 468, 87, 152)"
2398143.jpg,painted on,road,93,496,239,2,line,80,181,253,309,0,3,498,332,490,333,"(239, 332, 2, 498)","(253, 333, 309, 490)"
3391.jpg,sitting on,chair,114,192,6,577,person,114,136,6,633,1,3,769,120,769,120,"(6, 120, 577, 769)","(6, 120, 633, 769)"
2366969.jpg,says,fall,33,127,226,13,train,246,402,77,2,0,3,140,259,404,323,"(226, 259, 13, 140)","(77, 323, 2, 404)"
3770.jpg,wearing,jeans,176,113,420,268,man,494,168,103,217,0,3,381,596,385,597,"(420, 596, 268, 381)","(103, 597, 217, 385)"
2380218.jpg,wearing,sunglasses,11,16,54,383,woman,192,67,45,357,0,3,399,65,424,237,"(54, 65, 383, 399)","(45, 237, 357, 424)"
713775.jpg,sitting on,ground,394,1010,284,7,backpack,189,148,454,312,1,3,1017,678,460,643,"(284, 678, 7, 1017)","(454, 643, 312, 460)"
2357136.jpg,sitting on,desk,342,497,31,1,mouse,62,59,155,393,1,3,498,373,452,217,"(31, 373, 1, 498)","(155, 217, 393, 452)"
2396008.jpg,wearing,suit,149,96,142,303,conductor,169,105,124,304,0,3,399,291,409,293,"(142, 291, 303, 399)","(124, 293, 304, 409)"
2320456.jpg,hanging from,pole,21,345,95,108,bananas,34,33,140,167,0,3,453,116,200,174,"(95, 116, 108, 453)","(140, 174, 167, 200)"
2382013.jpg,wearing,jacket,66,45,192,222,skier,147,62,181,217,0,3,267,258,279,328,"(192, 258, 222, 267)","(181, 328, 217, 279)"
2355541.jpg,wearing,shirt,41,77,153,314,woman,25,17,120,27,0,3,391,194,44,145,"(153, 194, 314, 391)","(120, 145, 27, 44)"
2403968.jpg,wearing,blouse,63,42,142,170,woman,47,44,113,173,0,3,212,205,217,160,"(142, 205, 170, 212)","(113, 160, 173, 217)"
2359502.jpg,wearing,hat,68,115,37,264,man,289,199,39,264,0,3,379,105,463,328,"(37, 105, 264, 379)","(39, 328, 264, 463)"
2214.jpg,sitting on,table,268,358,318,233,print,77,145,433,248,1,3,591,586,393,510,"(318, 586, 233, 591)","(433, 510, 248, 393)"
2373967.jpg,wearing,shirt,198,245,177,1,woman,309,359,66,1,0,3,246,375,360,375,"(177, 375, 1, 246)","(66, 375, 1, 360)"
2392019.jpg,sitting on,table,66,63,161,35,flowers,25,28,128,74,1,3,98,227,102,153,"(161, 227, 35, 98)","(128, 153, 74, 102)"
2357779.jpg,wearing,pants,130,52,190,424,man,259,76,80,416,0,3,476,320,492,339,"(190, 320, 424, 476)","(80, 339, 416, 492)"
2862.jpg,wearing,shirt,40,34,405,119,person,96,42,394,112,0,3,153,445,154,490,"(405, 445, 119, 153)","(394, 490, 112, 154)"
3023.jpg,sitting on,banister,356,401,215,192,bowl,43,75,214,495,1,3,593,571,570,257,"(215, 571, 192, 593)","(214, 257, 495, 570)"
2405139.jpg,sitting on,ledge,29,79,226,58,cleopatra,139,108,159,32,1,3,137,255,140,298,"(226, 255, 58, 137)","(159, 298, 32, 140)"
2333703.jpg,sitting on,bench,243,263,254,67,dog,346,180,92,96,1,3,330,497,276,438,"(254, 497, 67, 330)","(92, 438, 96, 276)"
2340448.jpg,sitting on,plate,72,142,299,0,food,6,7,350,20,1,3,142,371,27,356,"(299, 371, 0, 142)","(350, 356, 20, 27)"
2357199.jpg,sitting on,building,291,427,73,45,chimney,67,55,13,368,1,3,472,364,423,80,"(73, 364, 45, 472)","(13, 80, 368, 423)"
2364711.jpg,wearing,boot,30,23,157,363,person,196,95,1,321,0,3,386,187,416,197,"(157, 187, 363, 386)","(1, 197, 321, 416)"
2324383.jpg,wearing,cap,28,39,58,390,man,66,83,57,384,0,3,429,86,467,123,"(58, 86, 390, 429)","(57, 123, 384, 467)"
2387128.jpg,wearing,backpack,38,29,55,94,person,103,35,39,85,0,3,123,93,120,142,"(55, 93, 94, 123)","(39, 142, 85, 120)"
2410029.jpg,wearing,vest,129,31,100,79,man,469,150,11,13,0,3,110,229,163,480,"(100, 229, 79, 110)","(11, 480, 13, 163)"
2407831.jpg,sitting on,stand,45,69,230,93,tv,42,71,184,90,1,3,162,275,161,226,"(230, 275, 93, 162)","(184, 226, 90, 161)"
2364344.jpg,sitting on,bench,182,443,250,20,woman,267,181,148,54,1,3,463,432,235,415,"(250, 432, 20, 463)","(148, 415, 54, 235)"
2387037.jpg,sitting on,counter,103,248,2,0,plate,40,136,9,92,1,3,248,105,228,49,"(2, 105, 0, 248)","(9, 49, 92, 228)"
2357473.jpg,sitting on,chair,92,110,240,257,woman,270,144,24,217,1,3,367,332,361,294,"(240, 332, 257, 367)","(24, 294, 217, 361)"
2323161.jpg,sitting on,ground,87,480,36,18,people,34,32,60,176,1,3,498,123,208,94,"(36, 123, 18, 498)","(60, 94, 176, 208)"
2417499.jpg,sitting on,beach,103,496,88,3,person,15,9,119,262,1,3,499,191,271,134,"(88, 191, 3, 499)","(119, 134, 262, 271)"
2372820.jpg,sitting on,plate,125,210,107,286,bread,115,202,72,289,1,3,496,232,491,187,"(107, 232, 286, 496)","(72, 187, 289, 491)"
2380375.jpg,walking in,street,295,497,102,0,man,95,30,163,2,0,3,497,397,32,258,"(102, 397, 0, 497)","(163, 258, 2, 32)"
2405866.jpg,playing,frisbee,36,59,118,159,guy,311,115,1,125,0,3,218,154,240,312,"(118, 154, 159, 218)","(1, 312, 125, 240)"
2362441.jpg,sitting on,counter,117,496,117,3,skull,48,58,149,396,1,3,499,234,454,197,"(117, 234, 3, 499)","(149, 197, 396, 454)"
2366606.jpg,wearing,sunglasses,15,40,40,138,woman,141,113,14,125,0,3,178,55,238,155,"(40, 55, 138, 178)","(14, 155, 125, 238)"
2381026.jpg,wearing,jacket,145,99,149,165,kid,345,152,110,165,0,3,264,294,317,455,"(149, 294, 165, 264)","(110, 455, 165, 317)"
2368845.jpg,playing,tennis,229,484,14,11,woman,233,88,12,119,0,3,495,243,207,245,"(14, 243, 11, 495)","(12, 245, 119, 207)"
285665.jpg,carrying,purse,221,208,547,334,woman,328,284,440,334,0,3,542,768,618,768,"(547, 768, 334, 542)","(440, 768, 334, 618)"
2386891.jpg,wearing,short,34,27,210,460,person,108,46,154,440,0,3,487,244,486,262,"(210, 244, 460, 487)","(154, 262, 440, 486)"
2417148.jpg,wearing,shirt,107,110,264,373,man,151,106,217,392,0,3,483,371,498,368,"(264, 371, 373, 483)","(217, 368, 392, 498)"
2405661.jpg,wearing,sunglasses,37,70,55,218,woman,225,194,24,157,0,3,288,92,351,249,"(55, 92, 218, 288)","(24, 249, 157, 351)"
2365971.jpg,standing on,grass,242,492,85,5,animal,75,44,170,152,0,3,497,327,196,245,"(85, 327, 5, 497)","(170, 245, 152, 196)"
2385142.jpg,sitting on,arm,102,170,256,272,parrot,267,174,37,271,1,3,442,358,445,304,"(256, 358, 272, 442)","(37, 304, 271, 445)"
2343541.jpg,sitting on,table,101,320,363,136,board,70,221,354,61,1,3,456,464,282,424,"(363, 464, 136, 456)","(354, 424, 61, 282)"
2409261.jpg,wearing,ribbon,78,39,237,374,man,137,134,196,330,0,3,413,315,464,333,"(237, 315, 374, 413)","(196, 333, 330, 464)"
2387622.jpg,sitting on,sidewalk,468,373,31,0,bench,499,360,0,13,1,3,373,499,373,499,"(31, 499, 0, 373)","(0, 499, 13, 373)"
2334203.jpg,sitting on,boat,281,497,50,0,bird,28,30,196,121,1,3,497,331,151,224,"(50, 331, 0, 497)","(196, 224, 121, 151)"
2399611.jpg,eating,ball,99,122,185,261,bear,331,351,16,78,0,3,383,284,429,347,"(185, 284, 261, 383)","(16, 347, 78, 429)"
2345340.jpg,standing on,leg,25,10,275,71,horse,122,119,205,63,0,3,81,300,182,327,"(275, 300, 71, 81)","(205, 327, 63, 182)"
2363956.jpg,covering,building,386,308,20,58,roof,39,167,7,64,0,3,366,406,231,46,"(20, 406, 58, 366)","(7, 46, 64, 231)"
2355093.jpg,sitting on,bench,206,177,160,30,man,370,230,54,249,1,3,207,366,479,424,"(160, 366, 30, 207)","(54, 424, 249, 479)"
2412291.jpg,wearing,shirt,171,127,174,269,man,163,187,96,221,0,3,396,345,408,259,"(174, 345, 269, 396)","(96, 259, 221, 408)"
2324099.jpg,sitting on,desk,181,335,129,98,head,227,78,65,93,1,3,433,310,171,292,"(129, 310, 98, 433)","(65, 292, 93, 171)"
2340237.jpg,wearing,shirt,12,19,160,230,man,41,21,156,232,0,3,249,172,253,197,"(160, 172, 230, 249)","(156, 197, 232, 253)"
2317675.jpg,hanging from,wall,261,404,1,2,pans,50,186,167,26,0,3,406,262,212,217,"(1, 262, 2, 406)","(167, 217, 26, 212)"
2381636.jpg,sitting on,grass,38,53,461,153,people,11,24,428,351,1,3,206,499,375,439,"(461, 499, 153, 206)","(428, 439, 351, 375)"
2358214.jpg,sitting on,shelf,139,425,193,1,basket,42,100,169,306,1,3,426,332,406,211,"(193, 332, 1, 426)","(169, 211, 306, 406)"
2403710.jpg,watching,dogs,193,454,38,0,woman,188,246,143,254,0,3,454,231,500,331,"(38, 231, 0, 454)","(143, 331, 254, 500)"
2408256.jpg,wearing,shorts,42,59,204,216,man,185,87,120,194,0,3,275,246,281,305,"(204, 246, 216, 275)","(120, 305, 194, 281)"
2328885.jpg,wearing,collar,29,14,151,220,dog,108,228,137,183,0,3,234,180,411,245,"(151, 180, 220, 234)","(137, 245, 183, 411)"
2365256.jpg,mounted on,pole,257,40,102,384,sign,36,37,154,314,0,3,424,359,351,190,"(102, 359, 384, 424)","(154, 190, 314, 351)"
2380389.jpg,sitting on,sign,15,84,57,130,bird,19,26,41,170,1,3,214,72,196,60,"(57, 72, 130, 214)","(41, 60, 170, 196)"
2410260.jpg,wearing,shirt,41,36,110,175,umpire,106,37,100,177,0,3,211,151,214,206,"(110, 151, 175, 211)","(100, 206, 177, 214)"
2405433.jpg,wearing,jeans,178,142,320,31,boy,462,322,36,35,0,3,173,498,357,498,"(320, 498, 31, 173)","(36, 498, 35, 357)"
2354224.jpg,wearing,headphones,31,35,119,323,woman,179,79,115,304,0,3,358,150,383,294,"(119, 150, 323, 358)","(115, 294, 304, 383)"
2316586.jpg,sitting on,floor,185,500,188,0,woman,142,72,178,69,1,3,500,373,141,320,"(188, 373, 0, 500)","(178, 320, 69, 141)"
2362589.jpg,covered in,leaves,128,110,17,374,tree,198,157,0,341,0,3,484,145,498,198,"(17, 145, 374, 484)","(0, 198, 341, 498)"
2403786.jpg,wearing,shoe,34,26,327,145,girl,350,139,25,70,0,3,171,361,209,375,"(327, 361, 145, 171)","(25, 375, 70, 209)"
2376806.jpg,painted on,road,21,303,310,0,stripe,5,65,326,0,0,3,303,331,65,331,"(310, 331, 0, 303)","(326, 331, 0, 65)"
2390898.jpg,sitting on,table,181,498,201,2,apple,64,65,222,100,1,3,500,382,165,286,"(201, 382, 2, 500)","(222, 286, 100, 165)"
2362876.jpg,wearing,earring,16,8,207,41,woman,210,119,123,2,0,3,49,223,121,333,"(207, 223, 41, 49)","(123, 333, 2, 121)"
2336351.jpg,sitting on,counter,33,60,301,11,pizza,69,46,355,174,1,3,71,334,220,424,"(301, 334, 11, 71)","(355, 424, 174, 220)"
2360374.jpg,sitting on,table,151,188,169,132,cloth,101,141,207,20,1,3,320,320,161,308,"(169, 320, 132, 320)","(207, 308, 20, 161)"
2324103.jpg,sitting on,bench,120,434,200,1,vase,104,92,103,335,1,3,435,320,427,207,"(200, 320, 1, 435)","(103, 207, 335, 427)"
2334591.jpg,sitting on,rocks,188,398,184,0,people,43,42,158,69,1,3,398,372,111,201,"(184, 372, 0, 398)","(158, 201, 69, 111)"
2355055.jpg,covered in,snow,178,468,197,6,ground,245,494,121,0,0,3,474,375,494,366,"(197, 375, 6, 474)","(121, 366, 0, 494)"
2366013.jpg,sitting on,ground,141,500,192,0,child,19,12,233,74,1,3,500,333,86,252,"(192, 333, 0, 500)","(233, 252, 74, 86)"
2383577.jpg,wearing,shirt,111,103,49,251,man,306,189,2,199,0,3,354,160,388,308,"(49, 160, 251, 354)","(2, 308, 199, 388)"
2372441.jpg,standing on,field,104,215,380,37,giraffe,405,186,53,53,0,3,252,484,239,458,"(380, 484, 37, 252)","(53, 458, 53, 239)"
2323625.jpg,wearing,sock,37,29,280,241,boy,271,140,44,160,0,3,270,317,300,315,"(280, 317, 241, 270)","(44, 315, 160, 300)"
2409858.jpg,wearing,red,25,22,232,237,girl,68,25,219,235,0,3,259,257,260,287,"(232, 257, 237, 259)","(219, 287, 235, 260)"
2333992.jpg,sitting on,bench,23,59,187,440,man,37,21,170,306,1,3,499,210,327,207,"(187, 210, 440, 499)","(170, 207, 306, 327)"
2340946.jpg,sitting on,refrigerator,342,200,131,71,bowl,16,35,115,61,1,3,271,473,96,131,"(131, 473, 71, 271)","(115, 131, 61, 96)"
2387377.jpg,wearing,wetsuit,19,28,142,321,person,27,33,138,317,0,3,349,161,350,165,"(142, 161, 321, 349)","(138, 165, 317, 350)"
2321528.jpg,wearing,shirt,200,115,83,384,woman,358,170,16,327,0,3,499,283,497,374,"(83, 283, 384, 499)","(16, 374, 327, 497)"
2339182.jpg,walking in,grass,244,487,130,10,sheep,40,29,117,324,0,3,497,374,353,157,"(130, 374, 10, 497)","(117, 157, 324, 353)"
2336952.jpg,wearing,shirt,110,130,98,166,man,253,216,63,126,0,3,296,208,342,316,"(98, 208, 166, 296)","(63, 316, 126, 342)"
2407131.jpg,wearing,shorts,16,39,124,313,man,110,42,82,307,0,3,352,140,349,192,"(124, 140, 313, 352)","(82, 192, 307, 349)"
2361363.jpg,wearing,hat,13,31,37,107,man,141,73,34,90,0,3,138,50,163,175,"(37, 50, 107, 138)","(34, 175, 90, 163)"
2414747.jpg,wearing,sneaker,13,36,321,305,man,246,75,99,293,0,3,341,334,368,345,"(321, 334, 305, 341)","(99, 345, 293, 368)"
2384320.jpg,watching,cows,84,162,97,258,man,90,35,92,434,0,3,420,181,469,182,"(97, 181, 258, 420)","(92, 182, 434, 469)"
2392617.jpg,sitting on,plate,110,292,210,59,sandwich,147,335,122,29,1,3,351,320,364,269,"(210, 320, 59, 351)","(122, 269, 29, 364)"
2334870.jpg,covered in,ad,69,39,119,233,wall,180,323,106,3,0,3,272,188,326,286,"(119, 188, 233, 272)","(106, 286, 3, 326)"
2398083.jpg,hanging from,ceiling,69,291,2,5,lights,79,195,4,89,0,3,296,71,284,83,"(2, 71, 5, 296)","(4, 83, 89, 284)"
2376097.jpg,sitting on,tree,245,101,0,60,bird,92,89,67,69,1,3,161,245,158,159,"(0, 245, 60, 161)","(67, 159, 69, 158)"
2358481.jpg,sitting on,plate,180,342,113,117,fork,62,324,193,71,1,3,459,293,395,255,"(113, 293, 117, 459)","(193, 255, 71, 395)"
2349080.jpg,sitting on,surfboard,21,125,237,173,man,22,22,234,417,1,3,298,258,439,256,"(237, 258, 173, 298)","(234, 256, 417, 439)"
2320945.jpg,playing,person,254,157,76,169,person,152,94,27,246,0,3,326,330,340,179,"(76, 330, 169, 326)","(27, 179, 246, 340)"
2328775.jpg,sitting on,counter,6,128,172,150,mug,15,14,161,155,1,3,278,178,169,176,"(172, 178, 150, 278)","(161, 176, 155, 169)"
2335978.jpg,sitting on,stool,142,60,231,90,man,318,128,55,67,1,3,150,373,195,373,"(231, 373, 90, 150)","(55, 373, 67, 195)"
2382678.jpg,sitting on,skateboard,64,127,185,89,guy,213,248,35,73,1,3,216,249,321,248,"(185, 249, 89, 216)","(35, 248, 73, 321)"
2365323.jpg,sitting on,stand,325,470,2,29,banana,295,310,28,58,1,3,499,327,368,323,"(2, 327, 29, 499)","(28, 323, 58, 368)"
2322880.jpg,sitting on,bench,42,122,229,150,person,63,44,206,149,1,3,272,271,193,269,"(229, 271, 150, 272)","(206, 269, 149, 193)"
2416526.jpg,sitting on,steps,207,280,156,92,bag,141,59,113,314,1,3,372,363,373,254,"(156, 363, 92, 372)","(113, 254, 314, 373)"
2406321.jpg,sitting on,laptop,231,303,85,178,cat,232,419,55,0,1,3,481,316,419,287,"(85, 316, 178, 481)","(55, 287, 0, 419)"
2394800.jpg,sitting on,beach,38,498,226,1,people,14,16,245,225,1,3,499,264,241,259,"(226, 264, 1, 499)","(245, 259, 225, 241)"
2398674.jpg,wearing,shirt,16,33,218,296,kid,87,60,204,294,0,3,329,234,354,291,"(218, 234, 296, 329)","(204, 291, 294, 354)"
2367604.jpg,sitting on,water,52,91,225,96,boat,62,261,222,230,1,3,187,277,491,284,"(225, 277, 96, 187)","(222, 284, 230, 491)"
2322719.jpg,sitting on,bike,20,35,298,84,person,29,10,287,97,1,3,119,318,107,316,"(298, 318, 84, 119)","(287, 316, 97, 107)"
2353688.jpg,standing on,hill,63,479,55,18,sheep,30,55,47,194,0,3,497,118,249,77,"(55, 118, 18, 497)","(47, 77, 194, 249)"
2348643.jpg,wearing,shirt,44,30,132,349,person,90,43,115,344,0,3,379,176,387,205,"(132, 176, 349, 379)","(115, 205, 344, 387)"
2342047.jpg,wearing,sweater,79,79,263,105,doll,243,135,189,71,0,3,184,342,206,432,"(263, 342, 105, 184)","(189, 432, 71, 206)"
2363886.jpg,wearing,jacket,75,93,201,206,woman,182,84,169,216,0,3,299,276,300,351,"(201, 276, 206, 299)","(169, 351, 216, 300)"
2378546.jpg,wearing,pants,91,82,340,147,boy,376,165,90,108,0,3,229,431,273,466,"(340, 431, 147, 229)","(90, 466, 108, 273)"
2317913.jpg,wearing,skis,44,74,205,175,person,129,103,111,179,0,3,249,249,282,240,"(205, 249, 175, 249)","(111, 240, 179, 282)"
2380515.jpg,sitting on,bench,118,195,207,164,woman,269,111,34,116,1,3,359,325,227,303,"(207, 325, 164, 359)","(34, 303, 116, 227)"
2355844.jpg,sitting on,stand,223,142,29,357,television,63,97,0,403,1,3,499,252,500,63,"(29, 252, 357, 499)","(0, 63, 403, 500)"
2352747.jpg,wearing,pants,57,43,120,193,person,101,63,86,187,0,3,236,177,250,187,"(120, 177, 193, 236)","(86, 187, 187, 250)"
2356985.jpg,sitting on,armchair,250,225,115,39,microwave,90,136,175,89,1,3,264,365,225,265,"(115, 365, 39, 264)","(175, 265, 89, 225)"
2409698.jpg,wearing,shirt,54,191,3,308,person,154,316,3,183,0,3,499,57,499,157,"(3, 57, 308, 499)","(3, 157, 183, 499)"
2358481.jpg,sitting on,plate,180,342,113,117,dessert,169,189,66,185,1,3,459,293,374,235,"(113, 293, 117, 459)","(66, 235, 185, 374)"
2351996.jpg,sitting on,desk,240,172,240,61,paper,52,127,378,79,1,3,233,480,206,430,"(240, 480, 61, 233)","(378, 430, 79, 206)"
1960.jpg,sitting on,steps,37,46,424,601,man,24,20,419,609,1,3,647,461,629,443,"(424, 461, 601, 647)","(419, 443, 609, 629)"
1593220.jpg,sitting on,chair,711,1186,245,90,man,905,1280,14,0,1,3,1276,956,1280,919,"(245, 956, 90, 1276)","(14, 919, 0, 1280)"
2363487.jpg,sitting on,couch,236,498,22,1,cat,90,132,49,96,1,3,499,258,228,139,"(22, 258, 1, 499)","(49, 139, 96, 228)"
2396825.jpg,wearing,tie,12,11,208,206,man,130,61,185,181,0,3,217,220,242,315,"(208, 220, 206, 217)","(185, 315, 181, 242)"
2395227.jpg,standing on,park,329,492,40,1,dog,166,155,200,135,0,3,493,369,290,366,"(40, 369, 1, 493)","(200, 366, 135, 290)"
2383137.jpg,wearing,shoe,22,44,299,152,umpire,174,115,145,83,0,3,196,321,198,319,"(299, 321, 152, 196)","(145, 319, 83, 198)"
2364568.jpg,wearing,sweatshirt,53,52,97,152,man,133,54,80,153,0,3,204,150,207,213,"(97, 150, 152, 204)","(80, 213, 153, 207)"
2399974.jpg,wearing,vest,41,31,152,267,man,59,72,140,227,0,3,298,193,299,199,"(152, 193, 267, 298)","(140, 199, 227, 299)"
2389075.jpg,sitting on,pizza,286,281,44,87,spinach,75,62,214,159,1,3,368,330,221,289,"(44, 330, 87, 368)","(214, 289, 159, 221)"
2388335.jpg,playing,tennis,230,320,33,149,woman,301,176,15,57,0,3,469,263,233,316,"(33, 263, 149, 469)","(15, 316, 57, 233)"
2404843.jpg,sitting on,floor,138,498,235,2,couch,158,394,215,76,1,3,500,373,470,373,"(235, 373, 2, 500)","(215, 373, 76, 470)"
2356490.jpg,painted on,store,18,63,135,65,lettering,6,49,134,74,0,3,128,153,123,140,"(135, 153, 65, 128)","(134, 140, 74, 123)"
2316707.jpg,sitting on,bleacher,32,320,115,178,person,106,37,33,340,1,3,498,147,377,139,"(115, 147, 178, 498)","(33, 139, 340, 377)"
2394891.jpg,sitting on,floor,42,208,312,143,person,63,184,236,139,1,3,351,354,323,299,"(312, 354, 143, 351)","(236, 299, 139, 323)"
2351224.jpg,sitting on,ground,270,477,59,14,girls,204,168,102,143,1,3,491,329,311,306,"(59, 329, 14, 491)","(102, 306, 143, 311)"
2356985.jpg,sitting on,microwave,90,136,175,89,pinata,151,61,27,89,1,3,225,265,150,178,"(175, 265, 89, 225)","(27, 178, 89, 150)"
2340066.jpg,sitting on,chair,7,11,154,186,man,78,52,101,184,1,3,197,161,236,179,"(154, 161, 186, 197)","(101, 179, 184, 236)"
2371774.jpg,sitting on,garage,135,116,127,236,people,46,45,213,282,1,3,352,262,327,259,"(127, 262, 236, 352)","(213, 259, 282, 327)"
2351144.jpg,wearing,sweatsuit,222,200,100,133,woman,263,233,69,118,0,3,333,322,351,332,"(100, 322, 133, 333)","(69, 332, 118, 351)"
2326003.jpg,wearing,hat,21,25,133,289,man,155,119,132,224,0,3,314,154,343,287,"(133, 154, 289, 314)","(132, 287, 224, 343)"
2412050.jpg,eating,grass,184,488,145,8,cow,19,27,149,260,0,3,496,329,287,168,"(145, 329, 8, 496)","(149, 168, 260, 287)"
2319827.jpg,sitting on,bench,32,285,104,86,player,91,47,67,173,1,3,371,136,220,158,"(104, 136, 86, 371)","(67, 158, 173, 220)"
2334861.jpg,sitting on,cabinet,79,113,225,145,lamp,50,26,179,160,1,3,258,304,186,229,"(225, 304, 145, 258)","(179, 229, 160, 186)"
2354689.jpg,sitting on,table,18,41,190,383,plate,36,32,176,427,1,3,424,208,459,212,"(190, 208, 383, 424)","(176, 212, 427, 459)"
2403040.jpg,sitting on,chair,35,36,262,147,woman,55,36,239,141,1,3,183,297,177,294,"(262, 297, 147, 183)","(239, 294, 141, 177)"
2405171.jpg,wearing,uniform,112,59,91,355,batter,132,61,81,356,0,3,414,203,417,213,"(91, 203, 355, 414)","(81, 213, 356, 417)"
2360114.jpg,sitting on,beach,146,483,186,1,man,36,33,178,158,1,3,484,332,191,214,"(186, 332, 1, 484)","(178, 214, 158, 191)"
2362985.jpg,wearing,jeans,109,69,200,406,man,233,84,84,409,0,3,475,309,493,317,"(200, 309, 406, 475)","(84, 317, 409, 493)"
2361300.jpg,sitting on,chair,170,137,137,323,lady,189,138,123,307,1,3,460,307,445,312,"(137, 307, 323, 460)","(123, 312, 307, 445)"
2389814.jpg,wearing,helmet,91,102,48,149,batter,300,167,59,128,0,3,251,139,295,359,"(48, 139, 149, 251)","(59, 359, 128, 295)"
2384610.jpg,wearing,shoe,61,31,403,38,man,462,189,13,34,0,3,69,464,223,475,"(403, 464, 38, 69)","(13, 475, 34, 223)"
2391160.jpg,wearing,shirt,16,13,183,168,man,24,25,179,140,0,3,181,199,165,203,"(183, 199, 168, 181)","(179, 203, 140, 165)"
2349444.jpg,sitting on,box,122,88,294,291,person,350,202,80,247,1,3,379,416,449,430,"(294, 416, 291, 379)","(80, 430, 247, 449)"
2390145.jpg,wearing,pants,73,114,257,224,woman,250,196,11,195,0,3,338,330,391,261,"(257, 330, 224, 338)","(11, 261, 195, 391)"
2331700.jpg,sitting on,couch,69,236,261,262,kid,101,120,229,300,1,3,498,330,420,330,"(261, 330, 262, 498)","(229, 330, 300, 420)"
2414396.jpg,sitting on,bench,100,247,209,173,girl,118,89,191,192,1,3,420,309,281,309,"(209, 309, 173, 420)","(191, 309, 192, 281)"
2405138.jpg,sitting on,dugout,135,337,76,2,player,67,50,117,252,1,3,339,211,302,184,"(76, 211, 2, 339)","(117, 184, 252, 302)"
2381788.jpg,sitting on,bench,103,499,165,0,man,239,152,115,347,1,3,499,268,499,354,"(165, 268, 0, 499)","(115, 354, 347, 499)"
1592606.jpg,standing on,sidewalk,211,422,472,585,person,256,53,233,931,0,3,1007,683,984,489,"(472, 683, 585, 1007)","(233, 489, 931, 984)"
1592295.jpg,sitting on,bench,104,130,575,890,woman,119,80,556,924,1,3,1020,679,1004,675,"(575, 679, 890, 1020)","(556, 675, 924, 1004)"
2328955.jpg,sitting on,step,149,54,224,0,book,25,32,309,8,1,3,54,373,40,334,"(224, 373, 0, 54)","(309, 334, 8, 40)"
2407093.jpg,sitting on,table,329,499,2,0,glass,81,61,0,168,1,3,499,331,229,81,"(2, 331, 0, 499)","(0, 81, 168, 229)"
2388921.jpg,sitting on,porch,157,492,217,5,woman,348,326,26,56,1,3,497,374,382,374,"(217, 374, 5, 497)","(26, 374, 56, 382)"
2325858.jpg,carrying,bowl,60,60,367,54,person,81,47,302,50,0,3,114,427,97,383,"(367, 427, 54, 114)","(302, 383, 50, 97)"
2384400.jpg,sitting on,counter,255,477,1,1,bowl,275,267,48,48,1,3,478,256,315,323,"(1, 256, 1, 478)","(48, 323, 48, 315)"
2363325.jpg,sitting on,bench,266,312,221,60,man,242,280,117,68,1,3,372,487,348,359,"(221, 487, 60, 372)","(117, 359, 68, 348)"
2330336.jpg,wearing,jacket,140,122,150,0,child,185,127,101,0,0,3,122,290,127,286,"(150, 290, 0, 122)","(101, 286, 0, 127)"
2321889.jpg,growing on,root,60,140,165,170,spine,45,43,174,238,0,3,310,225,281,219,"(165, 225, 170, 310)","(174, 219, 238, 281)"
2390985.jpg,sitting on,table,138,307,236,191,laptops,143,265,177,206,1,3,498,374,471,320,"(236, 374, 191, 498)","(177, 320, 206, 471)"
2385439.jpg,lying on,bed,329,491,1,9,cape,223,341,109,158,0,3,500,330,499,332,"(1, 330, 9, 500)","(109, 332, 158, 499)"
2397958.jpg,sitting on,chair,15,33,300,353,man,54,39,270,349,1,3,386,315,388,324,"(300, 315, 353, 386)","(270, 324, 349, 388)"
2411679.jpg,walking on,snow,250,365,250,9,person,111,45,233,170,0,3,374,500,215,344,"(250, 500, 9, 374)","(233, 344, 170, 215)"
2397017.jpg,standing on,grass,496,463,2,1,bird,418,292,61,54,0,3,464,498,346,479,"(2, 498, 1, 464)","(61, 479, 54, 346)"
2391709.jpg,sitting on,couch,102,113,127,231,cat,408,196,92,67,1,3,344,229,263,500,"(127, 229, 231, 344)","(92, 500, 67, 263)"
2389526.jpg,walking on,sidewalk,50,212,305,6,woman,284,136,64,8,0,3,218,355,144,348,"(305, 355, 6, 218)","(64, 348, 8, 144)"
2411049.jpg,sitting on,bus,239,415,50,60,man,38,27,112,376,1,3,475,289,403,150,"(50, 289, 60, 475)","(112, 150, 376, 403)"
2399789.jpg,sitting on,couch,132,133,198,365,man,150,130,138,362,1,3,498,330,492,288,"(198, 330, 365, 498)","(138, 288, 362, 492)"
2416238.jpg,sitting on,rug,170,408,203,69,couch,133,203,240,295,1,3,477,373,498,373,"(203, 373, 69, 477)","(240, 373, 295, 498)"
2407148.jpg,sitting on,bed,200,497,130,0,woman,160,105,65,100,1,3,497,330,205,225,"(130, 330, 0, 497)","(65, 225, 100, 205)"
3563.jpg,sitting on,shelf,43,318,403,480,book,88,30,333,624,1,3,798,446,654,421,"(403, 446, 480, 798)","(333, 421, 624, 654)"
2391291.jpg,wearing,coat,140,120,134,61,man,323,155,108,61,0,3,181,274,216,431,"(134, 274, 61, 181)","(108, 431, 61, 216)"
2345469.jpg,wearing,belt,17,48,229,159,man,304,154,70,115,0,3,207,246,269,374,"(229, 246, 159, 207)","(70, 374, 115, 269)"
2403806.jpg,eating,pizza,86,146,170,96,boy,211,227,12,273,0,3,242,256,500,223,"(170, 256, 96, 242)","(12, 223, 273, 500)"
2385480.jpg,sitting on,grass,145,495,207,4,three,122,271,219,117,1,3,499,352,388,341,"(207, 352, 4, 499)","(219, 341, 117, 388)"
2366843.jpg,wearing,shorts,21,24,157,243,man,85,55,124,230,0,3,267,178,285,209,"(157, 178, 243, 267)","(124, 209, 230, 285)"
2384007.jpg,wearing,shirt,281,183,179,190,man,419,183,81,190,0,3,373,460,373,500,"(179, 460, 190, 373)","(81, 500, 190, 373)"
2396668.jpg,sitting on,sand,119,489,227,4,boat,309,325,29,46,1,3,493,346,371,338,"(227, 346, 4, 493)","(29, 338, 46, 371)"
1591790.jpg,wearing,jeans,247,291,349,98,man,584,376,83,50,0,3,389,596,426,667,"(349, 596, 98, 389)","(83, 667, 50, 426)"
2336704.jpg,sitting on,desk,242,480,129,15,laptop,182,180,127,192,1,3,495,371,372,309,"(129, 371, 15, 495)","(127, 309, 192, 372)"
2358354.jpg,sitting on,bench,101,132,146,135,man,272,161,0,144,1,3,267,247,305,272,"(146, 247, 135, 267)","(0, 272, 144, 305)"
2387667.jpg,wearing,shorts,44,77,263,76,man,147,192,185,32,0,3,153,307,224,332,"(263, 307, 76, 153)","(185, 332, 32, 224)"
2339238.jpg,sitting on,chair,247,303,251,29,dog,458,240,21,53,1,3,332,498,293,479,"(251, 498, 29, 332)","(21, 479, 53, 293)"
107921.jpg,standing on,surfboard,55,175,329,379,man,72,68,286,457,0,3,554,384,525,358,"(329, 384, 379, 554)","(286, 358, 457, 525)"
2361936.jpg,sitting on,blanket,54,57,179,263,man,86,64,113,257,1,3,320,233,321,199,"(179, 233, 263, 320)","(113, 199, 257, 321)"
2333782.jpg,wearing,helmet,103,108,0,209,person,329,274,2,132,0,3,317,103,406,331,"(0, 103, 209, 317)","(2, 331, 132, 406)"
2342236.jpg,wearing,coat,39,29,149,281,man,72,56,139,272,0,3,310,188,328,211,"(149, 188, 281, 310)","(139, 211, 272, 328)"
2396311.jpg,sitting on,grass,66,462,48,0,person,11,17,78,199,1,3,462,114,216,89,"(48, 114, 0, 462)","(78, 89, 199, 216)"
2349602.jpg,sitting on,plate,280,360,0,55,meat,202,200,77,192,1,3,415,280,392,279,"(0, 280, 55, 415)","(77, 279, 192, 392)"
2322227.jpg,sitting on,tracks,66,33,326,109,train,136,50,110,156,1,3,142,392,206,246,"(326, 392, 109, 142)","(110, 246, 156, 206)"
2401221.jpg,wearing,white,18,18,248,178,man,308,135,191,84,0,3,196,266,219,499,"(248, 266, 178, 196)","(191, 499, 84, 219)"
2353760.jpg,sitting on,desk,155,490,214,7,dog,44,30,194,224,1,3,497,369,254,238,"(214, 369, 7, 497)","(194, 238, 224, 254)"
2335758.jpg,sitting on,motorcycle,147,117,145,134,man,60,57,90,175,1,3,251,292,232,150,"(145, 292, 134, 251)","(90, 150, 175, 232)"
2349410.jpg,sitting on,bleachers,87,450,89,48,people,25,12,120,398,1,3,498,176,410,145,"(89, 176, 48, 498)","(120, 145, 398, 410)"
2408294.jpg,sitting on,bench,185,429,82,2,person,81,88,3,214,1,3,431,267,302,84,"(82, 267, 2, 431)","(3, 84, 214, 302)"
2331313.jpg,sitting on,bench,191,171,307,24,man,284,274,190,36,1,3,195,498,310,474,"(307, 498, 24, 195)","(190, 474, 36, 310)"
2315648.jpg,wearing,hat,16,23,42,36,man,149,72,39,22,0,3,59,58,94,188,"(42, 58, 36, 59)","(39, 188, 22, 94)"
2398772.jpg,wearing,hat,28,20,109,247,person,109,84,110,199,0,3,267,137,283,219,"(109, 137, 247, 267)","(110, 219, 199, 283)"
2381446.jpg,sitting on,bench,250,216,119,60,woman,231,237,117,16,1,3,276,369,253,348,"(119, 369, 60, 276)","(117, 348, 16, 253)"
2324229.jpg,wearing,glasses,19,95,132,60,man,252,159,79,5,0,3,155,151,164,331,"(132, 151, 60, 155)","(79, 331, 5, 164)"
640.jpg,wearing,shirt,58,37,278,523,man,132,58,256,508,0,3,560,336,566,388,"(278, 336, 523, 560)","(256, 388, 508, 566)"
2353185.jpg,wearing,pants,117,82,85,280,boy,181,178,20,189,0,3,362,202,367,201,"(85, 202, 280, 362)","(20, 201, 189, 367)"
2376977.jpg,sitting on,table,321,467,3,7,glass,72,85,177,192,1,3,474,324,277,249,"(3, 324, 7, 474)","(177, 249, 192, 277)"
2362458.jpg,wearing,shoes,32,44,314,235,man,173,119,21,197,0,3,279,346,316,194,"(314, 346, 235, 279)","(21, 194, 197, 316)"
2389812.jpg,wearing,tie,111,25,167,317,man,93,94,81,259,0,3,342,278,353,174,"(167, 278, 317, 342)","(81, 174, 259, 353)"
2384766.jpg,covered in,tattoos,111,128,302,319,arm,238,144,183,306,0,3,447,413,450,421,"(302, 413, 319, 447)","(183, 421, 306, 450)"
1159373.jpg,sitting on,leg,223,53,413,538,dog,223,197,264,469,1,3,591,636,666,487,"(413, 636, 538, 591)","(264, 487, 469, 666)"
2405153.jpg,wearing,shirt,186,248,187,252,boy,373,378,1,121,0,3,500,373,499,374,"(187, 373, 252, 500)","(1, 374, 121, 499)"
2417444.jpg,sitting on,motorcycle,116,267,210,197,man,271,124,94,294,1,3,464,326,418,365,"(210, 326, 197, 464)","(94, 365, 294, 418)"
2315606.jpg,sitting on,ground,57,329,261,0,man,48,53,229,50,1,3,329,318,103,277,"(261, 318, 0, 329)","(229, 277, 50, 103)"
2395623.jpg,sitting on,couch,183,131,164,0,person,76,156,113,7,1,3,131,347,163,189,"(164, 347, 0, 131)","(113, 189, 7, 163)"
2334100.jpg,sitting on,tarmac,170,499,159,0,plane,128,445,121,54,1,3,499,329,499,249,"(159, 329, 0, 499)","(121, 249, 54, 499)"
2411892.jpg,eating,bamboo,28,168,56,331,panda,228,225,30,197,0,3,499,84,422,258,"(56, 84, 331, 499)","(30, 258, 197, 422)"
1759.jpg,sitting on,bench,34,66,402,423,people,43,48,390,430,1,3,489,436,478,433,"(402, 436, 423, 489)","(390, 433, 430, 478)"
2373454.jpg,riding,horse,191,97,151,127,man,142,120,83,118,0,3,224,342,238,225,"(151, 342, 127, 224)","(83, 225, 118, 238)"
2389203.jpg,wearing,outfit,15,10,319,435,child,22,10,314,435,0,3,445,334,445,336,"(319, 334, 435, 445)","(314, 336, 435, 445)"
2344955.jpg,sitting on,bench,22,235,196,138,man,237,88,75,76,1,3,373,218,164,312,"(196, 218, 138, 373)","(75, 312, 76, 164)"
2393409.jpg,carrying,purse,69,51,121,72,woman,292,115,37,73,0,3,123,190,188,329,"(121, 190, 72, 123)","(37, 329, 73, 188)"
2412393.jpg,sitting on,table,40,95,209,248,ball,24,27,83,275,1,3,343,249,302,107,"(209, 249, 248, 343)","(83, 107, 275, 302)"
631.jpg,wearing,jacket,127,68,447,154,man,194,95,403,136,0,3,222,574,231,597,"(447, 574, 154, 222)","(403, 597, 136, 231)"
2332167.jpg,wearing,hat,23,32,111,467,man,100,40,114,459,0,3,499,134,499,214,"(111, 134, 467, 499)","(114, 214, 459, 499)"
2323249.jpg,wearing,shoe,16,10,298,330,man,110,40,182,297,0,3,340,314,337,292,"(298, 314, 330, 340)","(182, 292, 297, 337)"
2397299.jpg,sitting on,seat,69,48,135,29,man,108,50,88,23,1,3,77,204,73,196,"(135, 204, 29, 77)","(88, 196, 23, 73)"
2320060.jpg,painted on,road,67,98,210,347,crosswalk,20,101,192,345,0,3,445,277,446,212,"(210, 277, 347, 445)","(192, 212, 345, 446)"
2351560.jpg,riding,skateboard,83,265,142,96,boy,236,396,28,94,0,3,361,225,490,264,"(142, 225, 96, 361)","(28, 264, 94, 490)"
2349728.jpg,wearing,jeans,116,104,246,7,man,351,112,10,0,0,3,111,362,112,361,"(246, 362, 7, 111)","(10, 361, 0, 112)"
2324463.jpg,sitting on,field,147,490,180,4,plane,55,176,180,318,1,3,494,327,494,235,"(180, 327, 4, 494)","(180, 235, 318, 494)"
2412197.jpg,wearing,uniform,46,30,42,303,woman,92,35,30,294,0,3,333,88,329,122,"(42, 88, 303, 333)","(30, 122, 294, 329)"
2381028.jpg,growing on,hill,116,500,47,0,trees,213,498,44,1,0,3,500,163,499,257,"(47, 163, 0, 500)","(44, 257, 1, 499)"
2383422.jpg,wearing,hat,22,27,16,302,man,234,101,17,256,0,3,329,38,357,251,"(16, 38, 302, 329)","(17, 251, 256, 357)"
2395238.jpg,standing on,wall,98,239,261,0,man,65,24,207,48,0,3,239,359,72,272,"(261, 359, 0, 239)","(207, 272, 48, 72)"
2386084.jpg,wearing,socks,55,63,260,72,player,272,108,59,55,0,3,135,315,163,331,"(260, 315, 72, 135)","(59, 331, 55, 163)"
2347824.jpg,sitting on,rug,196,326,208,172,girl,401,300,4,199,1,3,498,404,499,405,"(208, 404, 172, 498)","(4, 405, 199, 499)"
2351502.jpg,wearing,pants,131,110,243,226,man,301,165,72,191,0,3,336,374,356,373,"(243, 374, 226, 336)","(72, 373, 191, 356)"
2383932.jpg,wearing,eyeglasses,22,48,47,372,man,153,164,25,314,0,3,420,69,478,178,"(47, 69, 372, 420)","(25, 178, 314, 478)"
2373197.jpg,wearing,shirt,46,46,286,357,man,43,50,290,359,0,3,403,332,409,333,"(286, 332, 357, 403)","(290, 333, 359, 409)"
2345136.jpg,sitting on,chair,58,40,244,193,man,182,94,152,164,1,3,233,302,258,334,"(244, 302, 193, 233)","(152, 334, 164, 258)"
2379776.jpg,wearing,jacket,178,434,193,64,girl,330,442,42,54,0,3,498,371,496,372,"(193, 371, 64, 498)","(42, 372, 54, 496)"
2355974.jpg,using,cellphone,149,108,2,61,woman,279,494,51,4,0,3,169,151,498,330,"(2, 151, 61, 169)","(51, 330, 4, 498)"
2347186.jpg,sitting on,beach,116,498,211,0,cooler,50,81,233,15,1,3,498,327,96,283,"(211, 327, 0, 498)","(233, 283, 15, 96)"
2343513.jpg,sitting on,bench,241,126,258,170,lady,203,127,216,32,1,3,296,499,159,419,"(258, 499, 170, 296)","(216, 419, 32, 159)"
2401880.jpg,sitting on,tray,419,359,0,2,doughnut,130,134,241,67,1,3,361,419,201,371,"(0, 419, 2, 361)","(241, 371, 67, 201)"
2338711.jpg,covering,ground,72,362,424,0,brick,17,54,480,103,0,3,362,496,157,497,"(424, 496, 0, 362)","(480, 497, 103, 157)"
2392219.jpg,wearing,hat,52,99,34,161,man,282,149,44,167,0,3,260,86,316,326,"(34, 86, 161, 260)","(44, 326, 167, 316)"
2363395.jpg,painted on,plate,336,482,1,17,horse,129,114,93,338,0,3,499,337,452,222,"(1, 337, 17, 499)","(93, 222, 338, 452)"
2388003.jpg,wearing,shirt,149,122,183,274,girl,268,155,64,244,0,3,396,332,399,332,"(183, 332, 274, 396)","(64, 332, 244, 399)"
2371646.jpg,sitting on,plate,75,119,296,305,breakfast,75,113,182,110,1,3,424,371,223,257,"(296, 371, 305, 424)","(182, 257, 110, 223)"
2414383.jpg,sitting on,counter,99,322,228,92,plant,63,140,198,223,1,3,414,327,363,261,"(228, 327, 92, 414)","(198, 261, 223, 363)"
2398542.jpg,sitting on,grass,132,473,351,14,people,73,82,310,55,1,3,487,483,137,383,"(351, 483, 14, 487)","(310, 383, 55, 137)"
2396455.jpg,sitting on,ground,127,497,241,1,mug,258,347,112,35,1,3,498,368,382,370,"(241, 368, 1, 498)","(112, 370, 35, 382)"
2399395.jpg,wearing,shirt,159,232,170,82,man,196,254,133,78,0,3,314,329,332,329,"(170, 329, 82, 314)","(133, 329, 78, 332)"
2392152.jpg,sitting on,blanket,98,355,175,97,man,113,65,149,177,1,3,452,273,242,262,"(175, 273, 97, 452)","(149, 262, 177, 242)"
2399749.jpg,sitting on,benches,32,52,205,8,people,45,50,190,2,1,3,60,237,52,235,"(205, 237, 8, 60)","(190, 235, 2, 52)"
2404129.jpg,wearing,glasses,91,58,137,119,man,319,403,94,75,0,3,177,228,478,413,"(137, 228, 119, 177)","(94, 413, 75, 478)"
2390517.jpg,sitting on,field,150,497,181,2,homebase,18,57,293,261,1,3,499,331,318,311,"(181, 331, 2, 499)","(293, 311, 261, 318)"
2412090.jpg,painted on,pole,417,32,0,28,circle,13,14,354,41,0,3,60,417,55,367,"(0, 417, 28, 60)","(354, 367, 41, 55)"
2397530.jpg,wearing,hat,17,34,32,40,man,175,74,29,31,0,3,74,49,105,204,"(32, 49, 40, 74)","(29, 204, 31, 105)"
2358766.jpg,sitting on,table,120,500,254,0,cup,31,81,338,173,1,3,500,374,254,369,"(254, 374, 0, 500)","(338, 369, 173, 254)"
2397573.jpg,sitting on,sink,77,106,172,25,cup,19,16,168,40,1,3,131,249,56,187,"(172, 249, 25, 131)","(168, 187, 40, 56)"
2325897.jpg,sitting on,chair,75,63,144,0,person,218,72,10,0,1,3,63,219,72,228,"(144, 219, 0, 63)","(10, 228, 0, 72)"
2377308.jpg,parked on,street,39,131,244,42,car,17,22,235,49,0,3,173,283,71,252,"(244, 283, 42, 173)","(235, 252, 49, 71)"
713472.jpg,sitting on,couch,244,327,426,87,pillow,114,165,378,204,1,3,414,670,369,492,"(426, 670, 87, 414)","(378, 492, 204, 369)"
2349829.jpg,sitting on,table,62,170,175,37,sculpture,32,32,163,134,1,3,207,237,166,195,"(175, 237, 37, 207)","(163, 195, 134, 166)"
2410858.jpg,wearing,hat,42,61,29,164,person,262,178,18,128,0,3,225,71,306,280,"(29, 71, 164, 225)","(18, 280, 128, 306)"
2373041.jpg,wearing,capris,89,35,156,97,lady,258,122,56,71,0,3,132,245,193,314,"(156, 245, 97, 132)","(56, 314, 71, 193)"
2414284.jpg,sitting on,bench,81,93,136,1,woman,109,76,109,13,1,3,94,217,89,218,"(136, 217, 1, 94)","(109, 218, 13, 89)"
2328574.jpg,sitting on,chair,134,101,291,195,woman,401,228,61,84,1,3,296,425,312,462,"(291, 425, 195, 296)","(61, 462, 84, 312)"
1593077.jpg,wearing,shirt,44,40,439,380,man,53,35,428,385,0,3,420,483,420,481,"(439, 483, 380, 420)","(428, 481, 385, 420)"
2375327.jpg,sitting on,sofa,306,472,51,23,cat,58,67,160,306,1,3,495,357,373,218,"(51, 357, 23, 495)","(160, 218, 306, 373)"
2355133.jpg,wearing,jeans,114,76,297,255,person,89,76,144,255,0,3,331,411,331,233,"(297, 411, 255, 331)","(144, 233, 255, 331)"
2378324.jpg,growing on,tree,495,321,1,1,branch,43,67,47,265,0,3,322,496,332,90,"(1, 496, 1, 322)","(47, 90, 265, 332)"
2348044.jpg,sitting on,wood,495,497,4,1,seed,26,24,442,356,1,3,498,499,380,468,"(4, 499, 1, 498)","(442, 468, 356, 380)"
2394555.jpg,wearing,jumper,112,71,220,328,woman,176,218,156,267,0,3,399,332,485,332,"(220, 332, 328, 399)","(156, 332, 267, 485)"
713867.jpg,painted on,fridge,260,163,196,46,number,83,46,226,157,0,3,209,456,203,309,"(196, 456, 46, 209)","(226, 309, 157, 203)"
2394650.jpg,wearing,scarf,67,73,209,410,man,197,147,164,335,0,3,483,276,482,361,"(209, 276, 410, 483)","(164, 361, 335, 482)"
2341692.jpg,wearing,shirt,107,76,129,294,man,328,130,82,248,0,3,370,236,378,410,"(129, 236, 294, 370)","(82, 410, 248, 378)"
2411055.jpg,playing,tennis,71,65,0,156,man,240,94,33,211,0,3,221,71,305,273,"(0, 71, 156, 221)","(33, 273, 211, 305)"
2341298.jpg,sitting on,ground,172,325,148,171,man,62,35,148,464,1,3,496,320,499,210,"(148, 320, 171, 496)","(148, 210, 464, 499)"
2408079.jpg,sitting on,snow,285,499,87,0,people,262,478,112,19,1,3,499,372,497,374,"(87, 372, 0, 499)","(112, 374, 19, 497)"
2355628.jpg,sitting on,bench,92,407,331,45,people,142,161,244,178,1,3,452,423,339,386,"(331, 423, 45, 452)","(244, 386, 178, 339)"
2341312.jpg,sitting on,stairs,172,363,245,9,person,47,53,203,301,1,3,372,417,354,250,"(245, 417, 9, 372)","(203, 250, 301, 354)"
2320460.jpg,sitting on,shelf,21,36,126,338,book,72,14,63,357,1,3,374,147,371,135,"(126, 147, 338, 374)","(63, 135, 357, 371)"
2414453.jpg,sitting on,benches,36,211,157,281,people,83,206,83,272,1,3,492,193,478,166,"(157, 193, 281, 492)","(83, 166, 272, 478)"
2362379.jpg,sitting on,ground,145,490,183,8,lady,63,56,210,167,1,3,498,328,223,273,"(183, 328, 8, 498)","(210, 273, 167, 223)"
2334316.jpg,sitting on,grass,119,495,213,4,spectators,53,81,194,21,1,3,499,332,102,247,"(213, 332, 4, 499)","(194, 247, 21, 102)"
2368662.jpg,wearing,shoe,15,15,145,316,person,128,79,35,268,0,3,331,160,347,163,"(145, 160, 316, 331)","(35, 163, 268, 347)"
2323641.jpg,sitting on,chair,112,200,169,0,cat,228,218,270,12,1,3,200,281,230,498,"(169, 281, 0, 200)","(270, 498, 12, 230)"
2323528.jpg,covering,bush,72,103,316,32,snow,23,52,319,57,0,3,135,388,109,342,"(316, 388, 32, 135)","(319, 342, 57, 109)"
2373732.jpg,wearing,hat,23,46,80,188,man,385,123,92,122,0,3,234,103,245,477,"(80, 103, 188, 234)","(92, 477, 122, 245)"
1159391.jpg,wearing,glasses,39,78,76,216,man,322,182,29,129,0,3,294,115,311,351,"(76, 115, 216, 294)","(29, 351, 129, 311)"
2387317.jpg,sitting on,chair,207,224,13,273,man,332,482,1,16,1,3,497,220,498,333,"(13, 220, 273, 497)","(1, 333, 16, 498)"
286053.jpg,sitting on,bench,121,89,453,721,woman,103,76,420,652,1,3,810,574,728,523,"(453, 574, 721, 810)","(420, 523, 652, 728)"
2399307.jpg,sitting on,plate,37,113,367,18,cake,45,69,347,46,1,3,131,404,115,392,"(367, 404, 18, 131)","(347, 392, 46, 115)"
2332066.jpg,painted on,road,84,483,246,1,line,80,483,244,1,0,3,484,330,484,324,"(246, 330, 1, 484)","(244, 324, 1, 484)"
2371322.jpg,walking in,grass,332,499,1,1,zebra,242,437,71,46,0,3,500,333,483,313,"(1, 333, 1, 500)","(71, 313, 46, 483)"
2358529.jpg,wearing,cap,32,30,32,238,man,181,74,33,224,0,3,268,64,298,214,"(32, 64, 238, 268)","(33, 214, 224, 298)"
285710.jpg,sitting on,stool,208,199,553,311,laptop,128,292,493,250,1,3,510,761,542,621,"(553, 761, 311, 510)","(493, 621, 250, 542)"
2395060.jpg,sitting on,bed,248,497,125,3,baby,361,239,14,150,1,3,500,373,389,375,"(125, 373, 3, 500)","(14, 375, 150, 389)"
2412966.jpg,wearing,scarf,277,243,6,95,woman,288,219,1,119,0,3,338,283,338,289,"(6, 283, 95, 338)","(1, 289, 119, 338)"
2362399.jpg,sitting on,hill,58,495,150,4,house,87,207,86,80,1,3,499,208,287,173,"(150, 208, 4, 499)","(86, 173, 80, 287)"
2414898.jpg,sitting on,dirt,52,258,272,28,bench,136,275,190,19,1,3,286,324,294,326,"(272, 324, 28, 286)","(190, 326, 19, 294)"
2390093.jpg,sitting on,desk,221,499,104,0,laptop,70,113,83,359,1,3,499,325,472,153,"(104, 325, 0, 499)","(83, 153, 359, 472)"
2363632.jpg,wearing,sneaker,25,39,339,143,boy,257,93,110,98,0,3,182,364,191,367,"(339, 364, 143, 182)","(110, 367, 98, 191)"
2367985.jpg,sitting on,bench,26,75,472,139,person,18,33,479,49,1,3,214,498,82,497,"(472, 498, 139, 214)","(479, 497, 49, 82)"
2400408.jpg,sitting on,bench,107,231,392,142,woman,301,196,198,40,1,3,373,499,236,499,"(392, 499, 142, 373)","(198, 499, 40, 236)"
2321054.jpg,walking on,trail,9,294,406,0,person,18,10,393,66,0,3,294,415,76,411,"(406, 415, 0, 294)","(393, 411, 66, 76)"
2366716.jpg,wearing,skirt,126,94,242,149,man,273,96,133,146,0,3,243,368,242,406,"(242, 368, 149, 243)","(133, 406, 146, 242)"
2379995.jpg,wearing,hat,26,26,69,326,man,201,104,67,309,0,3,352,95,413,268,"(69, 95, 326, 352)","(67, 268, 309, 413)"
2317571.jpg,sitting on,seat,284,308,90,191,man,368,292,4,201,1,3,499,374,493,372,"(90, 374, 191, 499)","(4, 372, 201, 493)"
2327469.jpg,standing on,shelf,16,108,302,215,book,45,27,266,250,0,3,323,318,277,311,"(302, 318, 215, 323)","(266, 311, 250, 277)"
2396717.jpg,lying on,couch,326,487,5,7,kitten,190,238,36,49,0,3,494,331,287,226,"(5, 331, 7, 494)","(36, 226, 49, 287)"
2401320.jpg,sitting on,surfboard,34,36,237,251,woman,41,39,218,291,1,3,287,271,330,259,"(237, 271, 251, 287)","(218, 259, 291, 330)"
2378415.jpg,sitting on,bench,23,30,282,81,woman,31,35,272,80,1,3,111,305,115,303,"(282, 305, 81, 111)","(272, 303, 80, 115)"
2338569.jpg,sitting on,plate,236,152,104,12,lemon,70,55,240,91,1,3,164,340,146,310,"(104, 340, 12, 164)","(240, 310, 91, 146)"
2412197.jpg,wearing,shoes,82,38,239,344,woman,305,132,16,327,0,3,382,321,459,321,"(239, 321, 344, 382)","(16, 321, 327, 459)"
2366333.jpg,wearing,shirt,23,25,111,247,boy,40,56,100,223,0,3,272,134,279,140,"(111, 134, 247, 272)","(100, 140, 223, 279)"
2382977.jpg,sitting on,paper,108,205,265,279,cat,234,270,109,179,1,3,484,373,449,343,"(265, 373, 279, 484)","(109, 343, 179, 449)"
2365985.jpg,sitting on,carriage,165,271,87,23,person,82,70,57,42,1,3,294,252,112,139,"(87, 252, 23, 294)","(57, 139, 42, 112)"
2317053.jpg,watching,skateboarder,178,54,2,265,person,92,32,30,11,0,3,319,180,43,122,"(2, 180, 265, 319)","(30, 122, 11, 43)"
2371259.jpg,sitting on,paper,328,226,44,114,donut,137,185,104,102,1,3,340,372,287,241,"(44, 372, 114, 340)","(104, 241, 102, 287)"
2358172.jpg,sitting on,headboard,128,243,194,52,picture,26,20,167,220,1,3,295,322,240,193,"(194, 322, 52, 295)","(167, 193, 220, 240)"
2356585.jpg,wearing,glasses,16,46,188,453,man,175,62,158,437,0,3,499,204,499,333,"(188, 204, 453, 499)","(158, 333, 437, 499)"
2393833.jpg,sitting on,table,107,347,225,151,apple,182,103,84,321,1,3,498,332,424,266,"(225, 332, 151, 498)","(84, 266, 321, 424)"
2391954.jpg,sitting on,bottom,45,494,221,3,bird,49,33,198,227,1,3,497,266,260,247,"(221, 266, 3, 497)","(198, 247, 227, 260)"
2359505.jpg,sitting on,table,159,498,162,1,laptop,205,361,69,94,1,3,499,321,455,274,"(162, 321, 1, 499)","(69, 274, 94, 455)"
2344387.jpg,wearing,sunglasses,4,9,191,173,man,170,55,179,144,0,3,182,195,199,349,"(191, 195, 173, 182)","(179, 349, 144, 199)"
2380791.jpg,mounted on,wall,248,270,1,1,phone,38,16,49,201,0,3,271,249,217,87,"(1, 249, 1, 271)","(49, 87, 201, 217)"
2351529.jpg,sitting on,couch,232,320,85,178,man,242,192,63,94,1,3,498,317,286,305,"(85, 317, 178, 498)","(63, 305, 94, 286)"
2387100.jpg,sitting on,lap,155,401,177,97,laptop,287,353,0,145,1,3,498,332,498,287,"(177, 332, 97, 498)","(0, 287, 145, 498)"
2377917.jpg,wearing,sunglasses,6,6,156,252,man,80,30,150,249,0,3,258,162,279,230,"(156, 162, 252, 258)","(150, 230, 249, 279)"
2328039.jpg,covering,ground,176,458,110,16,snow,203,419,102,55,0,3,474,286,474,305,"(110, 286, 16, 474)","(102, 305, 55, 474)"
2349173.jpg,sitting on,block,62,73,246,24,silverware,33,29,249,53,1,3,97,308,82,282,"(246, 308, 24, 97)","(249, 282, 53, 82)"
2329197.jpg,wearing,shirt,36,78,173,6,person,68,60,151,24,0,3,84,209,84,219,"(173, 209, 6, 84)","(151, 219, 24, 84)"
2413670.jpg,sitting on,grass,245,499,130,0,couch,285,409,57,46,1,3,499,375,455,342,"(130, 375, 0, 499)","(57, 342, 46, 455)"
2388738.jpg,sitting on,bed,226,497,148,1,dog,142,210,103,178,1,3,498,374,388,245,"(148, 374, 1, 498)","(103, 245, 178, 388)"
2361030.jpg,wearing,pants,84,65,201,19,man,137,85,111,27,0,3,84,285,112,248,"(201, 285, 19, 84)","(111, 248, 27, 112)"
2358227.jpg,wearing,jacket,58,65,148,337,doll,183,194,102,252,0,3,402,206,446,285,"(148, 206, 337, 402)","(102, 285, 252, 446)"
2346188.jpg,sitting on,seat,70,52,135,282,person,27,38,159,283,1,3,334,205,321,186,"(135, 205, 282, 334)","(159, 186, 283, 321)"
2403459.jpg,sitting on,desk,90,499,210,0,cup,54,28,191,334,1,3,499,300,362,245,"(210, 300, 0, 499)","(191, 245, 334, 362)"
2388439.jpg,wearing,shirt,89,93,69,184,girl,305,191,23,86,0,3,277,158,277,328,"(69, 158, 184, 277)","(23, 328, 86, 277)"
2350701.jpg,sitting on,grass,25,99,245,32,boat,107,126,143,2,1,3,131,270,128,250,"(245, 270, 32, 131)","(143, 250, 2, 128)"
2369538.jpg,watching,tennis,324,237,111,48,spectators,98,328,2,3,0,3,285,435,331,100,"(111, 435, 48, 285)","(2, 100, 3, 331)"
2335595.jpg,covering,field,72,322,425,1,grass,69,322,429,1,0,3,323,497,323,498,"(425, 497, 1, 323)","(429, 498, 1, 323)"
2396091.jpg,wearing,jeans,59,27,100,162,man,126,32,30,159,0,3,189,159,191,156,"(100, 159, 162, 189)","(30, 156, 159, 191)"
2383743.jpg,carrying,merchandise,16,12,144,143,truck,231,363,65,78,0,3,155,160,441,296,"(144, 160, 143, 155)","(65, 296, 78, 441)"
2318012.jpg,wearing,socks,18,39,396,128,man,192,57,250,124,0,3,167,414,181,442,"(396, 414, 128, 167)","(250, 442, 124, 181)"
2382355.jpg,hanging from,hydrant,333,202,7,169,chain,63,31,150,189,0,3,371,340,220,213,"(7, 340, 169, 371)","(150, 213, 189, 220)"
2383415.jpg,wearing,scarf,37,42,106,264,woman,354,145,70,238,0,3,306,143,383,424,"(106, 143, 264, 306)","(70, 424, 238, 383)"
2407451.jpg,sitting on,desk,84,499,339,0,lamp,398,196,0,3,1,3,499,423,199,398,"(339, 423, 0, 499)","(0, 398, 3, 199)"
2337017.jpg,wearing,goggles,25,34,77,205,man,206,200,34,42,0,3,239,102,242,240,"(77, 102, 205, 239)","(34, 240, 42, 242)"
1674.jpg,sitting on,desk,138,65,442,625,computer,327,337,75,158,1,3,690,580,495,402,"(442, 580, 625, 690)","(75, 402, 158, 495)"
2385390.jpg,eating,rope,122,194,132,304,elephant,167,234,93,122,0,3,498,254,356,260,"(132, 254, 304, 498)","(93, 260, 122, 356)"
2358439.jpg,sitting on,table,291,500,77,0,headphones,83,96,164,349,1,3,500,368,445,247,"(77, 368, 0, 500)","(164, 247, 349, 445)"
2346618.jpg,covering,shoulder,161,100,336,66,gravel,124,86,354,77,0,3,166,497,163,478,"(336, 497, 66, 166)","(354, 478, 77, 163)"
2390929.jpg,sitting on,bench,44,47,127,65,man,64,39,112,74,1,3,112,171,113,176,"(127, 171, 65, 112)","(112, 176, 74, 113)"
2349219.jpg,sitting on,bench,95,215,233,261,man,58,82,180,293,1,3,476,328,375,238,"(233, 328, 261, 476)","(180, 238, 293, 375)"
2362375.jpg,riding,motorcycle,73,112,226,291,person,28,24,209,305,0,3,403,299,329,237,"(226, 299, 291, 403)","(209, 237, 305, 329)"
2387150.jpg,sitting on,wall,293,497,206,2,boy,317,120,67,248,1,3,499,499,368,384,"(206, 499, 2, 499)","(67, 384, 248, 368)"
2368873.jpg,wearing,shoe,14,21,276,226,batter,112,85,179,230,0,3,247,290,315,291,"(276, 290, 226, 247)","(179, 291, 230, 315)"
2398750.jpg,sitting on,stairs,278,376,51,122,man,284,178,59,166,1,3,498,329,344,343,"(51, 329, 122, 498)","(59, 343, 166, 344)"
2374648.jpg,sitting on,wall,340,159,105,48,can,27,20,93,89,1,3,207,445,109,120,"(105, 445, 48, 207)","(93, 120, 89, 109)"
2407541.jpg,sitting on,ground,326,495,2,0,giraffe,120,212,104,85,1,3,495,328,297,224,"(2, 328, 0, 495)","(104, 224, 85, 297)"
2332323.jpg,wearing,shirt,55,41,214,342,girl,123,44,191,340,0,3,383,269,384,314,"(214, 269, 342, 383)","(191, 314, 340, 384)"
2352152.jpg,sitting on,gravel,100,497,305,2,boat,273,335,99,139,1,3,499,405,474,372,"(305, 405, 2, 499)","(99, 372, 139, 474)"
2337276.jpg,sitting on,bench,16,12,259,407,man,23,22,236,394,1,3,419,275,416,259,"(259, 275, 407, 419)","(236, 259, 394, 416)"
713913.jpg,wearing,coat,80,141,383,830,woman,163,160,305,811,0,3,971,463,971,468,"(383, 463, 830, 971)","(305, 468, 811, 971)"
2376552.jpg,parked on,street,35,41,162,219,car,15,10,162,244,0,3,260,197,254,177,"(162, 197, 219, 260)","(162, 177, 244, 254)"
2393913.jpg,sitting on,benches,88,189,63,310,crowd,110,141,30,356,1,3,499,151,497,140,"(63, 151, 310, 499)","(30, 140, 356, 497)"
2404730.jpg,wearing,socks,33,61,428,180,kid,305,110,158,140,0,3,241,461,250,463,"(428, 461, 180, 241)","(158, 463, 140, 250)"
2341172.jpg,sitting on,grass,94,82,110,67,dog,299,191,66,205,1,3,149,204,396,365,"(110, 204, 67, 149)","(66, 365, 205, 396)"
2324382.jpg,sitting on,tub,110,196,210,61,soap,18,6,203,236,1,3,257,320,242,221,"(210, 320, 61, 257)","(203, 221, 236, 242)"
2378758.jpg,carrying,skateboard,323,107,7,122,people,325,263,8,62,0,3,229,330,325,333,"(7, 330, 122, 229)","(8, 333, 62, 325)"
2396954.jpg,sitting on,counter,120,334,254,164,cup,45,25,298,384,1,3,498,374,409,343,"(254, 374, 164, 498)","(298, 343, 384, 409)"
2363283.jpg,wearing,ski,44,56,394,198,person,202,81,217,166,0,3,254,438,247,419,"(394, 438, 198, 254)","(217, 419, 166, 247)"
2337548.jpg,sitting on,keyboard,82,350,240,86,cat,326,472,5,15,1,3,436,322,487,331,"(240, 322, 86, 436)","(5, 331, 15, 487)"
2347042.jpg,sitting on,ottoman,73,107,152,391,children,84,101,97,397,1,3,498,225,498,181,"(152, 225, 391, 498)","(97, 181, 397, 498)"
2348329.jpg,standing on,field,172,476,159,6,person,107,65,113,234,0,3,482,331,299,220,"(159, 331, 6, 482)","(113, 220, 234, 299)"
2322616.jpg,sitting on,platform,331,497,0,2,person,311,195,20,63,1,3,499,331,258,331,"(0, 331, 2, 499)","(20, 331, 63, 258)"
2416897.jpg,wearing,pant,96,106,150,60,boy,182,145,73,33,0,3,166,246,178,255,"(150, 246, 60, 166)","(73, 255, 33, 178)"
2355762.jpg,wearing,jacket,143,119,110,139,girl,269,119,60,138,0,3,258,253,257,329,"(110, 253, 139, 258)","(60, 329, 138, 257)"
2374507.jpg,sitting on,bed,242,370,255,1,child,288,162,79,38,1,3,371,497,200,367,"(255, 497, 1, 371)","(79, 367, 38, 200)"
1682.jpg,sitting on,counter,335,193,263,3,cup,48,42,285,7,1,3,196,598,49,333,"(263, 598, 3, 196)","(285, 333, 7, 49)"
2343815.jpg,wearing,shirt,44,66,89,178,man,135,94,62,179,0,3,244,133,273,197,"(89, 133, 178, 244)","(62, 197, 179, 273)"
2354393.jpg,sitting on,roof,17,289,233,64,man,94,70,148,112,1,3,353,250,182,242,"(233, 250, 64, 353)","(148, 242, 112, 182)"
2326839.jpg,wearing,shirt,14,37,29,115,person,29,40,11,115,0,3,152,43,155,40,"(29, 43, 115, 152)","(11, 40, 115, 155)"
3676.jpg,carrying,bag,89,60,239,120,lady,76,59,244,133,0,3,180,328,192,320,"(239, 328, 120, 180)","(244, 320, 133, 192)"
2412553.jpg,sitting on,chair,69,102,211,0,people,93,107,152,0,1,3,102,280,107,245,"(211, 280, 0, 102)","(152, 245, 0, 107)"
2389603.jpg,wearing,shorts,17,34,235,21,man,97,49,175,12,0,3,55,252,61,272,"(235, 252, 21, 55)","(175, 272, 12, 61)"
2399537.jpg,sitting on,field,312,499,43,0,person,38,29,58,192,1,3,499,355,221,96,"(43, 355, 0, 499)","(58, 96, 192, 221)"
2386006.jpg,sitting on,ground,156,238,77,260,kite,86,92,100,275,1,3,498,233,367,186,"(77, 233, 260, 498)","(100, 186, 275, 367)"
2389166.jpg,painted on,sign,113,14,86,68,3,9,7,88,70,0,3,82,199,77,97,"(86, 199, 68, 82)","(88, 97, 70, 77)"
2390243.jpg,wearing,sunglasses,8,22,115,54,woman,185,70,104,25,0,3,76,123,95,289,"(115, 123, 54, 76)","(104, 289, 25, 95)"
2410278.jpg,wearing,hat,13,15,188,484,man,63,20,187,480,0,3,499,201,500,250,"(188, 201, 484, 499)","(187, 250, 480, 500)"
2321125.jpg,wearing,outfit,36,17,180,359,pedestrian,63,16,166,359,0,3,376,216,375,229,"(180, 216, 359, 376)","(166, 229, 359, 375)"
2358602.jpg,sitting on,ledge,30,51,256,192,couple,96,57,212,171,1,3,243,286,228,308,"(256, 286, 192, 243)","(212, 308, 171, 228)"
2374370.jpg,sitting on,counter,54,217,182,142,bowl,27,47,181,232,1,3,359,236,279,208,"(182, 236, 142, 359)","(181, 208, 232, 279)"
2316476.jpg,wearing,shoe,23,42,222,16,girl,216,65,28,17,0,3,58,245,82,244,"(222, 245, 16, 58)","(28, 244, 17, 82)"
2412466.jpg,wearing,earring,17,14,213,64,girl,374,442,0,3,0,3,78,230,445,374,"(213, 230, 64, 78)","(0, 374, 3, 445)"
2383270.jpg,sitting on,table,322,370,177,2,plate,38,123,168,140,1,3,372,499,263,206,"(177, 499, 2, 372)","(168, 206, 140, 263)"
2395936.jpg,sitting on,truck,113,239,164,28,man,141,64,89,215,1,3,267,277,279,230,"(164, 277, 28, 267)","(89, 230, 215, 279)"
2391708.jpg,walking on,road,119,467,82,31,elephants,102,115,26,321,0,3,498,201,436,128,"(82, 201, 31, 498)","(26, 128, 321, 436)"
2365078.jpg,walking on,sidewalk,87,90,224,399,people,77,77,202,417,0,3,489,311,494,279,"(224, 311, 399, 489)","(202, 279, 417, 494)"
2363727.jpg,sitting on,hay,40,395,287,97,cow,91,215,197,33,1,3,492,327,248,288,"(287, 327, 97, 492)","(197, 288, 33, 248)"
2352814.jpg,wearing,shirt,45,60,122,210,girl,129,76,107,203,0,3,270,167,279,236,"(122, 167, 210, 270)","(107, 236, 203, 279)"
2353752.jpg,wearing,jeans,110,46,377,64,man,210,81,288,39,0,3,110,487,120,498,"(377, 487, 64, 110)","(288, 498, 39, 120)"
2400685.jpg,sitting on,couch,213,419,161,80,men,264,362,110,137,1,3,499,374,499,374,"(161, 374, 80, 499)","(110, 374, 137, 499)"
61563.jpg,wearing,hat,16,28,17,367,man,116,46,20,354,0,3,395,33,400,136,"(17, 33, 367, 395)","(20, 136, 354, 400)"
2335202.jpg,sitting on,railroad,26,479,184,6,cart,178,212,30,221,1,3,485,210,433,208,"(184, 210, 6, 485)","(30, 208, 221, 433)"
2336467.jpg,standing on,grass,370,498,1,1,cow,30,34,91,379,0,3,499,371,413,121,"(1, 371, 1, 499)","(91, 121, 379, 413)"
2338897.jpg,sitting on,pad,38,380,233,116,bench,192,381,63,68,1,3,496,271,449,255,"(233, 271, 116, 496)","(63, 255, 68, 449)"
2323688.jpg,wearing,swimsuit,40,63,187,76,girl,62,102,165,35,0,3,139,227,137,227,"(187, 227, 76, 139)","(165, 227, 35, 137)"
2381596.jpg,sitting on,tarmac,226,498,148,1,airplane,221,463,25,0,1,3,499,374,463,246,"(148, 374, 1, 499)","(25, 246, 0, 463)"
2361073.jpg,wearing,shorts,37,67,216,2,man,155,126,104,2,0,3,69,253,128,259,"(216, 253, 2, 69)","(104, 259, 2, 128)"
2349127.jpg,sitting on,chair,50,58,270,3,tv,75,51,196,0,1,3,61,320,51,271,"(270, 320, 3, 61)","(196, 271, 0, 51)"
2316198.jpg,growing on,tree,169,47,12,82,needle,4,1,14,105,0,3,129,181,106,18,"(12, 181, 82, 129)","(14, 18, 105, 106)"
2416156.jpg,sitting on,bench,242,118,130,38,girl,224,191,39,307,1,3,156,372,498,263,"(130, 372, 38, 156)","(39, 263, 307, 498)"
2349080.jpg,sitting on,surfboard,21,125,237,173,man,28,24,232,214,1,3,298,258,238,260,"(237, 258, 173, 298)","(232, 260, 214, 238)"
2350894.jpg,wearing,glasses,16,42,134,51,woman,416,204,81,128,0,3,93,150,332,497,"(134, 150, 51, 93)","(81, 497, 128, 332)"
2347532.jpg,sitting on,wall,100,489,132,6,people,171,72,56,244,1,3,495,232,316,227,"(132, 232, 6, 495)","(56, 227, 244, 316)"
2349343.jpg,wearing,glasses,42,115,50,68,man,497,293,1,2,0,3,183,92,295,498,"(50, 92, 68, 183)","(1, 498, 2, 295)"
2380921.jpg,wearing,shorts,44,39,92,12,woman,150,60,35,2,0,3,51,136,62,185,"(92, 136, 12, 51)","(35, 185, 2, 62)"
2351676.jpg,sitting on,bleachers,105,319,3,3,person,30,39,1,137,1,3,322,108,176,31,"(3, 108, 3, 322)","(1, 31, 137, 176)"
2379055.jpg,wearing,sweater,179,82,152,356,woman,275,210,57,260,0,3,438,331,470,332,"(152, 331, 356, 438)","(57, 332, 260, 470)"
2362505.jpg,sitting on,bench,64,315,258,183,person,160,105,176,285,1,3,498,322,390,336,"(258, 322, 183, 498)","(176, 336, 285, 390)"
2351529.jpg,sitting on,couch,267,357,49,142,person,140,107,174,389,1,3,499,316,496,314,"(49, 316, 142, 499)","(174, 314, 389, 496)"
2325798.jpg,growing on,bush,315,241,155,30,leaf,10,10,296,122,0,3,271,470,132,306,"(155, 470, 30, 271)","(296, 306, 122, 132)"
2404766.jpg,sitting on,suitcase,99,123,172,299,guy,272,148,19,262,1,3,422,271,410,291,"(172, 271, 299, 422)","(19, 291, 262, 410)"
2366410.jpg,sitting on,bench,47,26,128,271,woman,67,50,119,233,1,3,297,175,283,186,"(128, 175, 271, 297)","(119, 186, 233, 283)"
2403302.jpg,wearing,boots,37,61,313,419,person,137,55,218,416,0,3,480,350,471,355,"(313, 350, 419, 480)","(218, 355, 416, 471)"
2388855.jpg,wearing,t-shirt,19,40,157,191,boy,229,94,73,126,0,3,231,176,220,302,"(157, 176, 191, 231)","(73, 302, 126, 220)"
2342199.jpg,sitting on,floor,313,278,61,4,cat,125,177,203,34,1,3,282,374,211,328,"(61, 374, 4, 282)","(203, 328, 34, 211)"
2372008.jpg,sitting on,luggage,115,263,196,135,cats,240,276,11,129,1,3,398,311,405,251,"(196, 311, 135, 398)","(11, 251, 129, 405)"
2403607.jpg,sitting on,platform,98,280,178,0,plant,29,22,166,257,1,3,280,276,279,195,"(178, 276, 0, 280)","(166, 195, 257, 279)"
2350854.jpg,wearing,helmet,25,38,5,230,female,253,93,6,213,0,3,268,30,306,259,"(5, 30, 230, 268)","(6, 259, 213, 306)"
2403942.jpg,wearing,jeans,112,331,353,25,girl,458,331,21,28,0,3,356,465,359,479,"(353, 465, 25, 356)","(21, 479, 28, 359)"
2318288.jpg,sitting on,brick,5,19,226,416,object,5,5,225,424,1,3,435,231,429,230,"(226, 231, 416, 435)","(225, 230, 424, 429)"
1592214.jpg,sitting on,chair,228,502,435,518,man,546,550,117,446,1,3,1020,663,996,663,"(435, 663, 518, 1020)","(117, 663, 446, 996)"
2393350.jpg,wearing,eyeglasses,13,30,32,118,man,341,98,12,79,0,3,148,45,177,353,"(32, 45, 118, 148)","(12, 353, 79, 177)"
2341656.jpg,wearing,shirt,84,62,111,281,boy,193,57,73,283,0,3,343,195,340,266,"(111, 195, 281, 343)","(73, 266, 283, 340)"
2354497.jpg,sitting on,grass,74,498,259,1,dog,296,487,34,13,1,3,499,333,500,330,"(259, 333, 1, 499)","(34, 330, 13, 500)"
2337548.jpg,sitting on,laptop,299,420,32,43,cat,326,472,5,15,1,3,463,331,487,331,"(32, 331, 43, 463)","(5, 331, 15, 487)"
2396412.jpg,wearing,coat,205,98,65,90,man,320,103,13,91,0,3,188,270,194,333,"(65, 270, 90, 188)","(13, 333, 91, 194)"
2342194.jpg,sitting on,bench,86,75,287,76,woman,194,86,178,79,1,3,151,373,165,372,"(287, 373, 76, 151)","(178, 372, 79, 165)"
2417501.jpg,sitting on,elephant,41,66,213,400,people,32,35,186,414,1,3,466,254,449,218,"(213, 254, 400, 466)","(186, 218, 414, 449)"
2343017.jpg,wearing,collar,16,20,204,257,dog,200,375,118,31,0,3,277,220,406,318,"(204, 220, 257, 277)","(118, 318, 31, 406)"
2324101.jpg,lying on,ground,365,495,5,2,grass,140,284,163,213,0,3,497,370,497,303,"(5, 370, 2, 497)","(163, 303, 213, 497)"
2415817.jpg,walking in,driveway,77,164,183,38,man,62,22,175,104,0,3,202,260,126,237,"(183, 260, 38, 202)","(175, 237, 104, 126)"
2430.jpg,wearing,skirt,48,24,321,263,woman,141,45,263,256,0,3,287,369,301,404,"(321, 369, 263, 287)","(263, 404, 256, 301)"
2358546.jpg,wearing,headband,38,52,73,119,man,296,230,63,52,0,3,171,111,282,359,"(73, 111, 119, 171)","(63, 359, 52, 282)"
2376977.jpg,sitting on,table,321,467,3,7,jewelry,93,112,58,3,1,3,474,324,115,151,"(3, 324, 7, 474)","(58, 151, 3, 115)"
1592636.jpg,sitting on,train,450,858,119,14,man,81,29,374,698,1,3,872,569,727,455,"(119, 569, 14, 872)","(374, 455, 698, 727)"
2355655.jpg,sitting on,bench,51,365,242,133,person,157,82,112,302,1,3,498,293,384,269,"(242, 293, 133, 498)","(112, 269, 302, 384)"
2360114.jpg,sitting on,beach,128,277,205,214,chair,30,28,174,221,1,3,491,333,249,204,"(205, 333, 214, 491)","(174, 204, 221, 249)"
2399569.jpg,wearing,sunglasses,6,11,246,196,woman,49,36,238,174,0,3,207,252,210,287,"(246, 252, 196, 207)","(238, 287, 174, 210)"
2320649.jpg,wearing,pants,36,21,177,260,woman,74,27,140,257,0,3,281,213,284,214,"(177, 213, 260, 281)","(140, 214, 257, 284)"
2398811.jpg,sitting on,bench,121,127,127,5,woman,368,128,2,163,1,3,132,248,291,370,"(127, 248, 5, 132)","(2, 370, 163, 291)"
2404843.jpg,sitting on,table,86,90,213,408,book,12,35,215,412,1,3,498,299,447,227,"(213, 299, 408, 498)","(215, 227, 412, 447)"
2412692.jpg,wearing,clothes,252,239,121,216,man,323,269,51,187,0,3,455,373,456,374,"(121, 373, 216, 455)","(51, 374, 187, 456)"
2352839.jpg,walking on,sidewalk,46,173,153,323,couple,53,46,121,354,0,3,496,199,400,174,"(153, 199, 323, 496)","(121, 174, 354, 400)"
2351057.jpg,sitting on,pizza,136,245,45,14,olive,16,16,134,62,1,3,259,181,78,150,"(45, 181, 14, 259)","(134, 150, 62, 78)"
2366985.jpg,sitting on,wire,65,430,151,0,bird,36,35,124,45,1,3,430,216,80,160,"(151, 216, 0, 430)","(124, 160, 45, 80)"
2363987.jpg,sitting on,couch,180,253,279,115,guy,185,85,266,288,1,3,368,459,373,451,"(279, 459, 115, 368)","(266, 451, 288, 373)"
2385201.jpg,wearing,sweater,161,255,170,198,woman,270,330,62,121,0,3,453,331,451,332,"(170, 331, 198, 453)","(62, 332, 121, 451)"
2356564.jpg,wearing,jeans,71,128,52,117,woman,177,160,33,85,0,3,245,123,245,210,"(52, 123, 117, 245)","(33, 210, 85, 245)"
2320407.jpg,covering,foot,36,36,441,208,sand,36,35,442,210,0,3,244,477,245,478,"(441, 477, 208, 244)","(442, 478, 210, 245)"
2348184.jpg,standing on,leg,66,40,190,313,zebra,166,245,17,168,0,3,353,256,413,183,"(190, 256, 313, 353)","(17, 183, 168, 413)"
2336626.jpg,sitting on,bench,163,294,216,37,person,202,99,154,64,1,3,331,379,163,356,"(216, 379, 37, 331)","(154, 356, 64, 163)"
2394700.jpg,sitting on,branch,136,315,171,1,bird,245,263,51,44,1,3,316,307,307,296,"(171, 307, 1, 316)","(51, 296, 44, 307)"
2329553.jpg,sitting on,nest,162,383,142,10,bird,172,248,46,143,1,3,393,304,391,218,"(142, 304, 10, 393)","(46, 218, 143, 391)"
2412184.jpg,sitting on,motorcycle,285,331,215,1,man,313,234,103,27,1,3,332,500,261,416,"(215, 500, 1, 332)","(103, 416, 27, 261)"
2372080.jpg,sitting on,bench,142,193,200,136,bag,99,89,219,239,1,3,329,342,328,318,"(200, 342, 136, 329)","(219, 318, 239, 328)"
2319256.jpg,hanging from,tree,325,165,3,329,bananas,321,395,9,10,0,3,494,328,405,330,"(3, 328, 329, 494)","(9, 330, 10, 405)"
2384341.jpg,sitting on,grass,167,498,210,0,shed,10,14,240,370,1,3,498,377,384,250,"(210, 377, 0, 498)","(240, 250, 370, 384)"
2361307.jpg,sitting on,ground,70,482,88,2,child,24,17,107,217,1,3,484,158,234,131,"(88, 158, 2, 484)","(107, 131, 217, 234)"
2326176.jpg,sitting on,cake,497,370,2,2,elephant,111,101,388,169,1,3,372,499,270,499,"(2, 499, 2, 372)","(388, 499, 169, 270)"
2329089.jpg,sitting on,bench,136,111,195,1,man,271,226,59,28,1,3,112,331,254,330,"(195, 331, 1, 112)","(59, 330, 28, 254)"
2412217.jpg,painted on,pavement,338,492,2,2,motorcycle,291,289,23,176,0,3,494,340,465,314,"(2, 340, 2, 494)","(23, 314, 176, 465)"
2368164.jpg,sitting on,sofa,374,497,0,1,cat,311,256,62,141,1,3,498,374,397,373,"(0, 374, 1, 498)","(62, 373, 141, 397)"
2396856.jpg,sitting on,floor,127,350,226,3,man,221,292,131,29,1,3,353,353,321,352,"(226, 353, 3, 353)","(131, 352, 29, 321)"
2417113.jpg,wearing,pants,144,205,214,164,man,348,302,8,71,0,3,369,358,373,356,"(214, 358, 164, 369)","(8, 356, 71, 373)"
2362299.jpg,sitting on,table,125,355,207,108,tray,16,76,211,271,1,3,463,332,347,227,"(207, 332, 108, 463)","(211, 227, 271, 347)"
2364605.jpg,hanging from,ceiling,47,56,42,379,wire,87,48,59,137,0,3,435,89,185,146,"(42, 89, 379, 435)","(59, 146, 137, 185)"
498025.jpg,sitting on,table,242,1008,517,3,bowl,90,168,547,85,1,3,1011,759,253,637,"(517, 759, 3, 1011)","(547, 637, 85, 253)"
2367699.jpg,sitting on,bench,101,137,365,39,person,69,46,377,23,1,3,176,466,69,446,"(365, 466, 39, 176)","(377, 446, 23, 69)"
2335278.jpg,sitting on,table,86,493,233,1,tray,195,440,155,50,1,3,494,319,490,350,"(233, 319, 1, 494)","(155, 350, 50, 490)"
1592922.jpg,sitting on,couch,121,87,446,471,guy,713,364,52,129,1,3,558,567,493,765,"(446, 567, 471, 558)","(52, 765, 129, 493)"
2318630.jpg,sitting on,elephant,184,304,146,187,person,95,38,91,357,1,3,491,330,395,186,"(146, 330, 187, 491)","(91, 186, 357, 395)"
2321841.jpg,wearing,pants,215,160,238,12,lady,438,174,30,0,0,3,172,453,174,468,"(238, 453, 12, 172)","(30, 468, 0, 174)"
2323197.jpg,sitting on,wall,109,319,260,0,person,100,55,240,92,1,3,319,369,147,340,"(260, 369, 0, 319)","(240, 340, 92, 147)"
2373727.jpg,wearing,shirt,138,120,182,83,lady,239,207,97,71,0,3,203,320,278,336,"(182, 320, 83, 203)","(97, 336, 71, 278)"
2389356.jpg,sitting on,table,315,498,0,1,vase,190,197,68,183,1,3,499,315,380,258,"(0, 315, 1, 499)","(68, 258, 183, 380)"
2370846.jpg,wearing,shirt,18,23,191,14,man,47,23,182,14,0,3,37,209,37,229,"(191, 209, 14, 37)","(182, 229, 14, 37)"
2395377.jpg,sitting on,paper,340,395,20,58,pizza,328,355,27,69,1,3,453,360,424,355,"(20, 360, 58, 453)","(27, 355, 69, 424)"
2408710.jpg,standing on,grass,242,493,83,5,sheep,77,95,203,118,0,3,498,325,213,280,"(83, 325, 5, 498)","(203, 280, 118, 213)"
2385243.jpg,wearing,helmet,51,76,18,130,kid,122,104,12,115,0,3,206,69,219,134,"(18, 69, 130, 206)","(12, 134, 115, 219)"
2374171.jpg,wearing,glasses,11,17,230,54,man,77,60,215,27,0,3,71,241,87,292,"(230, 241, 54, 71)","(215, 292, 27, 87)"
2397975.jpg,sitting on,table,329,498,4,1,pizza,264,469,37,27,1,3,499,333,496,301,"(4, 333, 1, 499)","(37, 301, 27, 496)"
2329177.jpg,sitting on,box,128,235,127,153,ball,32,24,142,330,1,3,388,255,354,174,"(127, 255, 153, 388)","(142, 174, 330, 354)"
2377664.jpg,sitting on,bench,194,347,125,139,girl,241,140,71,60,1,3,486,319,200,312,"(125, 319, 139, 486)","(71, 312, 60, 200)"
2395965.jpg,sitting on,bench,256,254,193,32,man,349,319,97,21,1,3,286,449,340,446,"(193, 449, 32, 286)","(97, 446, 21, 340)"
2315648.jpg,sitting on,horse,134,157,84,341,person,74,80,60,419,1,3,498,218,499,134,"(84, 218, 341, 498)","(60, 134, 419, 499)"
1767.jpg,sitting on,wall,56,316,400,440,person,72,40,374,554,1,3,756,456,594,446,"(400, 456, 440, 756)","(374, 446, 554, 594)"
2339718.jpg,sitting on,coaster,21,40,299,372,cup,67,48,250,369,1,3,412,320,417,317,"(299, 320, 372, 412)","(250, 317, 369, 417)"
2402324.jpg,walking on,path,354,166,145,166,dog,144,92,209,175,0,3,332,499,267,353,"(145, 499, 166, 332)","(209, 353, 175, 267)"
2365593.jpg,covering,trees,215,119,0,80,snow,216,188,3,4,0,3,199,215,192,219,"(0, 215, 80, 199)","(3, 219, 4, 192)"
2404770.jpg,sitting on,bench,47,93,366,3,girl,490,373,9,6,1,3,96,413,379,499,"(366, 413, 3, 96)","(9, 499, 6, 379)"
2336095.jpg,wearing,sock,10,18,489,215,man,216,65,283,191,0,3,233,499,256,499,"(489, 499, 215, 233)","(283, 499, 191, 256)"
2371312.jpg,wearing,pants,40,22,147,204,man,118,62,111,188,0,3,226,187,250,229,"(147, 187, 204, 226)","(111, 229, 188, 250)"
2377254.jpg,sitting on,couch,225,429,101,70,man,246,138,85,310,1,3,499,326,448,331,"(101, 326, 70, 499)","(85, 331, 310, 448)"
2407580.jpg,standing on,rug,87,250,412,0,man,445,176,39,36,0,3,250,499,212,484,"(412, 499, 0, 250)","(39, 484, 36, 212)"
2344759.jpg,sitting on,floor,68,333,430,0,vase,189,119,269,105,1,3,333,498,224,458,"(430, 498, 0, 333)","(269, 458, 105, 224)"
2361454.jpg,wearing,pants,210,151,287,145,man,445,235,48,96,0,3,296,497,331,493,"(287, 497, 145, 296)","(48, 493, 96, 331)"
2354132.jpg,wearing,pants,58,104,193,302,person,125,121,137,301,0,3,406,251,422,262,"(193, 251, 302, 406)","(137, 262, 301, 422)"
2353942.jpg,wearing,tag,18,16,236,298,cat,115,116,151,272,0,3,314,254,388,266,"(236, 254, 298, 314)","(151, 266, 272, 388)"
2382717.jpg,wearing,white,52,49,330,121,person,134,56,306,122,0,3,170,382,178,440,"(330, 382, 121, 170)","(306, 440, 122, 178)"
2381952.jpg,sitting on,grass,294,499,80,0,dog,233,273,141,18,1,3,499,374,291,374,"(80, 374, 0, 499)","(141, 374, 18, 291)"
2339026.jpg,wearing,eyeglasses,20,57,77,359,man,292,167,40,331,0,3,416,97,498,332,"(77, 97, 359, 416)","(40, 332, 331, 498)"
2385484.jpg,sitting on,couch,320,217,54,263,man,178,164,26,227,1,3,480,374,391,204,"(54, 374, 263, 480)","(26, 204, 227, 391)"
2326550.jpg,sitting on,patio,113,481,385,2,chair,68,49,410,154,1,3,483,498,203,478,"(385, 498, 2, 483)","(410, 478, 154, 203)"
2382819.jpg,sitting on,plate,373,499,1,0,broccoli,137,112,2,269,1,3,499,374,381,139,"(1, 374, 0, 499)","(2, 139, 269, 381)"
2398618.jpg,sitting on,chair,250,426,124,0,cat,288,153,58,158,1,3,426,374,311,346,"(124, 374, 0, 426)","(58, 346, 158, 311)"
2399144.jpg,wearing,sunglasses,6,12,78,482,person,119,37,60,462,0,3,494,84,499,179,"(78, 84, 482, 494)","(60, 179, 462, 499)"
2392671.jpg,eating,food,35,75,221,240,people,137,186,171,225,0,3,315,256,411,308,"(221, 256, 240, 315)","(171, 308, 225, 411)"
2359174.jpg,wearing,necklace,30,43,183,317,woman,294,242,72,244,0,3,360,213,486,366,"(183, 213, 317, 360)","(72, 366, 244, 486)"
2382606.jpg,wearing,shirt,12,9,449,103,child,42,18,440,98,0,3,112,461,116,482,"(449, 461, 103, 112)","(440, 482, 98, 116)"
2334189.jpg,sitting on,ground,125,431,205,1,vase,192,140,37,218,1,3,432,330,358,229,"(205, 330, 1, 432)","(37, 229, 218, 358)"
1592094.jpg,sitting on,shelf,115,362,649,42,phonograph,273,213,417,78,1,3,404,764,291,690,"(649, 764, 42, 404)","(417, 690, 78, 291)"
2370821.jpg,standing on,snow,193,498,160,0,people,24,17,243,443,0,3,498,353,460,267,"(160, 353, 0, 498)","(243, 267, 443, 460)"
2375585.jpg,wearing,jacket,132,105,82,256,man,335,137,30,224,0,3,361,214,361,365,"(82, 214, 256, 361)","(30, 365, 224, 361)"
1591983.jpg,sitting on,chair,195,139,124,723,male,268,158,9,723,1,3,862,319,881,277,"(124, 319, 723, 862)","(9, 277, 723, 881)"
2383010.jpg,wearing,mask,22,12,79,365,umpire,104,69,80,366,0,3,377,101,435,184,"(79, 101, 365, 377)","(80, 184, 366, 435)"
2391582.jpg,sitting on,floor,131,468,196,11,ball,12,11,263,452,1,3,479,327,463,275,"(196, 327, 11, 479)","(263, 275, 452, 463)"
2369701.jpg,wearing,jacket,37,22,202,416,man,98,27,188,413,0,3,438,239,440,286,"(202, 239, 416, 438)","(188, 286, 413, 440)"
2403571.jpg,carrying,child,242,115,86,54,woman,437,164,62,89,0,3,169,328,253,499,"(86, 328, 54, 169)","(62, 499, 89, 253)"
2349624.jpg,wearing,cap,15,18,82,114,person,106,53,83,89,0,3,132,97,142,189,"(82, 97, 114, 132)","(83, 189, 89, 142)"
2380683.jpg,sitting on,laptop,262,261,183,55,cat,405,188,6,109,1,3,316,445,297,411,"(183, 445, 55, 316)","(6, 411, 109, 297)"
2416983.jpg,carrying,bag,25,31,144,70,guy,42,16,138,77,0,3,101,169,93,180,"(144, 169, 70, 101)","(138, 180, 77, 93)"
498248.jpg,wearing,cap,65,89,258,429,man,329,161,258,413,0,3,518,323,574,587,"(258, 323, 429, 518)","(258, 587, 413, 574)"
2318999.jpg,sitting on,bench,333,380,39,60,boy,325,193,46,175,1,3,440,372,368,371,"(39, 372, 60, 440)","(46, 371, 175, 368)"
2358481.jpg,sitting on,table,331,499,1,0,dish,56,146,8,10,1,3,499,332,156,64,"(1, 332, 0, 499)","(8, 64, 10, 156)"
2338546.jpg,sitting on,wall,231,446,143,53,person,29,21,121,55,1,3,499,374,76,150,"(143, 374, 53, 499)","(121, 150, 55, 76)"
2403797.jpg,wearing,boots,47,73,453,87,snowboarder,284,158,216,69,0,3,160,500,227,500,"(453, 500, 87, 160)","(216, 500, 69, 227)"
2334244.jpg,wearing,hat,11,20,180,165,man,123,30,177,162,0,3,185,191,192,300,"(180, 191, 165, 185)","(177, 300, 162, 192)"
2347842.jpg,wearing,shirt,24,29,82,248,person,74,37,66,240,0,3,277,106,277,140,"(82, 106, 248, 277)","(66, 140, 240, 277)"
2388878.jpg,sitting on,toilet,61,173,271,202,cat,127,154,175,198,1,3,375,332,352,302,"(271, 332, 202, 375)","(175, 302, 198, 352)"
2372496.jpg,walking on,grass,19,30,184,249,zebra,94,134,78,198,0,3,279,203,332,172,"(184, 203, 249, 279)","(78, 172, 198, 332)"
2328137.jpg,sitting on,table,103,440,230,1,laptop,113,152,195,220,1,3,441,333,372,308,"(230, 333, 1, 441)","(195, 308, 220, 372)"
2336001.jpg,sitting on,corner,144,255,224,143,cat,291,161,32,163,1,3,398,368,324,323,"(224, 368, 143, 398)","(32, 323, 163, 324)"
2352798.jpg,carrying,surfboard,63,95,255,133,man,237,78,197,119,0,3,228,318,197,434,"(255, 318, 133, 228)","(197, 434, 119, 197)"
713167.jpg,wearing,shirt,24,18,335,959,person,29,18,338,963,0,3,977,359,981,367,"(335, 359, 959, 977)","(338, 367, 963, 981)"
2330065.jpg,sitting on,bench,40,147,214,131,person,94,54,171,147,1,3,278,254,201,265,"(214, 254, 131, 278)","(171, 265, 147, 201)"
2417315.jpg,sitting on,counter,369,371,130,2,girl,377,347,0,5,1,3,373,499,352,377,"(130, 499, 2, 373)","(0, 377, 5, 352)"
286094.jpg,wearing,hat,146,233,73,254,man,768,528,60,66,0,3,487,219,594,828,"(73, 219, 254, 487)","(60, 828, 66, 594)"
2401965.jpg,sitting on,saucer,45,105,304,390,teacup,65,83,271,410,1,3,495,349,493,336,"(304, 349, 390, 495)","(271, 336, 410, 493)"
2394876.jpg,sitting on,stick,222,170,110,73,bird,45,71,137,55,1,3,243,332,126,182,"(110, 332, 73, 243)","(137, 182, 55, 126)"
2365389.jpg,wearing,pants,91,95,189,156,woman,273,130,34,133,0,3,251,280,263,307,"(189, 280, 156, 251)","(34, 307, 133, 263)"
2376379.jpg,sitting on,building,367,498,0,0,bird,117,151,118,200,1,3,498,367,351,235,"(0, 367, 0, 498)","(118, 235, 200, 351)"
4826.jpg,sitting on,tray,340,491,33,4,cup,126,90,3,406,1,3,495,373,496,129,"(33, 373, 4, 495)","(3, 129, 406, 496)"
2344383.jpg,wearing,shorts,19,23,314,33,man,71,28,260,35,0,3,56,333,63,331,"(314, 333, 33, 56)","(260, 331, 35, 63)"
2337477.jpg,sitting on,bed,277,332,220,0,woman,132,120,249,0,1,3,332,497,120,381,"(220, 497, 0, 332)","(249, 381, 0, 120)"
2367271.jpg,sitting on,horse,162,184,168,163,man,131,74,132,224,1,3,347,330,298,263,"(168, 330, 163, 347)","(132, 263, 224, 298)"
1592636.jpg,sitting on,train,398,863,148,11,man,111,81,318,199,1,3,874,546,280,429,"(148, 546, 11, 874)","(318, 429, 199, 280)"
2356329.jpg,sitting on,beach,312,498,125,1,people,32,240,138,0,1,3,499,437,240,170,"(125, 437, 1, 499)","(138, 170, 0, 240)"
2397861.jpg,sitting on,counter,134,104,195,358,toothbrush,25,12,237,392,1,3,462,329,404,262,"(195, 329, 358, 462)","(237, 262, 392, 404)"
1159897.jpg,wearing,shoe,33,58,590,841,girl,345,155,290,756,0,3,899,623,911,635,"(590, 623, 841, 899)","(290, 635, 756, 911)"
2357510.jpg,riding,bicycle,96,139,190,180,man,145,137,133,179,0,3,319,286,316,278,"(190, 286, 180, 319)","(133, 278, 179, 316)"
2344671.jpg,riding,snowboard,53,163,253,194,child,239,103,62,229,0,3,357,306,332,301,"(253, 306, 194, 357)","(62, 301, 229, 332)"
285903.jpg,sitting on,tabletop,67,1001,697,20,cake,167,238,532,706,1,3,1021,764,944,699,"(697, 764, 20, 1021)","(532, 699, 706, 944)"
2362060.jpg,wearing,shirt,85,105,5,216,man,92,113,1,217,0,3,321,90,330,93,"(5, 90, 216, 321)","(1, 93, 217, 330)"
2385479.jpg,sitting on,bed,117,184,236,124,pillow,23,29,239,141,1,3,308,353,170,262,"(236, 353, 124, 308)","(239, 262, 141, 170)"
150286.jpg,wearing,shirt,56,180,1,4,person,64,288,2,5,0,3,184,57,293,66,"(1, 57, 4, 184)","(2, 66, 5, 293)"
2379258.jpg,standing on,sidewalk,161,344,213,0,person,31,10,198,321,0,3,344,374,331,229,"(213, 374, 0, 344)","(198, 229, 321, 331)"
150262.jpg,sitting on,table,511,577,64,10,cabbage,222,147,10,277,1,3,587,575,424,232,"(64, 575, 10, 587)","(10, 232, 277, 424)"
2384962.jpg,sitting on,pavement,122,497,253,2,bus,156,153,170,93,1,3,499,375,246,326,"(253, 375, 2, 499)","(170, 326, 93, 246)"
2344273.jpg,sitting on,bench,254,430,220,16,woman,244,187,170,285,1,3,446,474,472,414,"(220, 474, 16, 446)","(170, 414, 285, 472)"
1159426.jpg,wearing,shirt,203,275,167,462,woman,463,482,53,249,0,3,737,370,731,516,"(167, 370, 462, 737)","(53, 516, 249, 731)"
2385999.jpg,wearing,jeans,111,49,165,396,woman,183,51,92,393,0,3,445,276,444,275,"(165, 276, 396, 445)","(92, 275, 393, 444)"
2413826.jpg,wearing,goggles,30,52,18,83,instructor,361,125,6,40,0,3,135,48,165,367,"(18, 48, 83, 135)","(6, 367, 40, 165)"
2320734.jpg,sitting on,bench,83,88,213,225,lady,135,90,134,215,1,3,313,296,305,269,"(213, 296, 225, 313)","(134, 269, 215, 305)"
2373354.jpg,sitting on,elephant,238,427,97,43,man,137,86,64,249,1,3,470,335,335,201,"(97, 335, 43, 470)","(64, 201, 249, 335)"
2393056.jpg,wearing,tie,228,45,272,135,man,439,306,59,50,0,3,180,500,356,498,"(272, 500, 135, 180)","(59, 498, 50, 356)"
2325938.jpg,growing on,tree,348,228,0,271,leaf,8,6,76,291,0,3,499,348,297,84,"(0, 348, 271, 499)","(76, 84, 291, 297)"
2393900.jpg,sitting on,rug,171,446,201,25,chair,205,141,40,47,1,3,471,372,188,245,"(201, 372, 25, 471)","(40, 245, 47, 188)"
2393751.jpg,wearing,shirt,27,24,89,184,man,72,23,77,185,0,3,208,116,208,149,"(89, 116, 184, 208)","(77, 149, 185, 208)"
2347396.jpg,wearing,jacket,95,50,122,332,woman,109,50,106,333,0,3,382,217,383,215,"(122, 217, 332, 382)","(106, 215, 333, 383)"
1592087.jpg,wearing,bag,70,57,418,859,man,199,91,377,840,0,3,916,488,931,576,"(418, 488, 859, 916)","(377, 576, 840, 931)"
2371476.jpg,wearing,shirt,38,29,127,266,man,47,60,112,236,0,3,295,165,296,159,"(127, 165, 266, 295)","(112, 159, 236, 296)"
2372251.jpg,standing on,skis,42,53,253,26,person,134,65,149,24,0,3,79,295,89,283,"(253, 295, 26, 79)","(149, 283, 24, 89)"
2348846.jpg,growing on,rod,150,25,2,58,moss,66,29,87,54,0,3,83,152,83,153,"(2, 152, 58, 83)","(87, 153, 54, 83)"
2373885.jpg,sitting on,counter,301,494,29,4,banana,84,68,14,18,1,3,498,330,86,98,"(29, 330, 4, 498)","(14, 98, 18, 86)"
2379484.jpg,standing on,trail,151,196,217,50,dog,153,79,186,110,0,3,246,368,189,339,"(217, 368, 50, 246)","(186, 339, 110, 189)"
2412076.jpg,wearing,glasses,22,13,49,324,man,264,175,10,232,0,3,337,71,407,274,"(49, 71, 324, 337)","(10, 274, 232, 407)"
2360268.jpg,hanging from,handle,97,194,4,156,helmet,92,160,36,115,0,3,350,101,275,128,"(4, 101, 156, 350)","(36, 128, 115, 275)"
2398325.jpg,wearing,hat,30,32,173,217,player,98,202,174,63,0,3,249,203,265,272,"(173, 203, 217, 249)","(174, 272, 63, 265)"
2377182.jpg,parked on,runway,59,451,198,27,jet,136,460,98,23,0,3,478,257,483,234,"(198, 257, 27, 478)","(98, 234, 23, 483)"
2365815.jpg,sitting on,grass,83,185,317,18,man,45,48,320,134,1,3,203,400,182,365,"(317, 400, 18, 203)","(320, 365, 134, 182)"
2375859.jpg,standing on,sand,56,498,318,0,man,74,22,258,68,0,3,498,374,90,332,"(318, 374, 0, 498)","(258, 332, 68, 90)"
2345934.jpg,sitting on,snow,297,498,101,2,person,169,191,175,266,1,3,500,398,457,344,"(101, 398, 2, 500)","(175, 344, 266, 457)"
2392715.jpg,sitting on,paper,461,344,8,18,bear,145,118,66,166,1,3,362,469,284,211,"(8, 469, 18, 362)","(66, 211, 166, 284)"
2393173.jpg,wearing,shirt,51,39,53,397,woman,140,53,37,391,0,3,436,104,444,177,"(53, 104, 397, 436)","(37, 177, 391, 444)"
2358708.jpg,sitting on,saddle,163,97,274,74,woman,430,256,51,28,1,3,171,437,284,481,"(274, 437, 74, 171)","(51, 481, 28, 284)"
2366715.jpg,wearing,shirt,28,21,239,216,man,66,25,230,215,0,3,237,267,240,296,"(239, 267, 216, 237)","(230, 296, 215, 240)"
2360125.jpg,sitting on,bed,115,485,190,11,person,124,115,62,307,1,3,496,305,422,186,"(190, 305, 11, 496)","(62, 186, 307, 422)"
2410387.jpg,sitting on,tarmac,107,486,212,12,airplane,215,488,39,5,1,3,498,319,493,254,"(212, 319, 12, 498)","(39, 254, 5, 493)"
2331888.jpg,wearing,hat,35,29,97,232,boy,173,73,98,201,0,3,261,132,274,271,"(97, 132, 232, 261)","(98, 271, 201, 274)"
2348611.jpg,sitting on,bleachers,47,314,293,93,player,165,62,184,133,1,3,407,340,195,349,"(293, 340, 93, 407)","(184, 349, 133, 195)"
2339245.jpg,sitting on,train,238,295,50,202,people,33,87,155,333,1,3,497,288,420,188,"(50, 288, 202, 497)","(155, 188, 333, 420)"
2351063.jpg,wearing,shirt,64,61,180,365,guy,73,24,171,393,0,3,426,244,417,244,"(180, 244, 365, 426)","(171, 244, 393, 417)"
2384583.jpg,wearing,tie,49,68,249,223,cat,385,156,99,116,0,3,291,298,272,484,"(249, 298, 223, 291)","(99, 484, 116, 272)"
2360821.jpg,sitting on,steps,135,481,65,16,person,68,27,18,219,1,3,497,200,246,86,"(65, 200, 16, 497)","(18, 86, 219, 246)"
150433.jpg,wearing,cap,19,20,239,410,person,59,49,236,393,0,3,430,258,442,295,"(239, 258, 410, 430)","(236, 295, 393, 442)"
2333736.jpg,wearing,sneaker,47,48,336,195,man,325,152,56,92,0,3,243,383,244,381,"(336, 383, 195, 243)","(56, 381, 92, 244)"
2376664.jpg,riding,moped,21,34,177,217,person,40,13,157,230,0,3,251,198,243,197,"(177, 198, 217, 251)","(157, 197, 230, 243)"
2352179.jpg,sitting on,stairs,202,184,91,265,people,317,301,10,75,1,3,449,293,376,327,"(91, 293, 265, 449)","(10, 327, 75, 376)"
2375816.jpg,wearing,pants,39,20,205,277,woman,153,62,58,240,0,3,297,244,302,211,"(205, 244, 277, 297)","(58, 211, 240, 302)"
2352151.jpg,sitting on,bench,223,259,133,32,man,289,243,93,47,1,3,291,356,290,382,"(133, 356, 32, 291)","(93, 382, 47, 290)"
2381629.jpg,sitting on,street,183,326,193,173,bike,153,110,162,319,1,3,499,376,429,315,"(193, 376, 173, 499)","(162, 315, 319, 429)"
2379072.jpg,walking on,beach,207,498,61,0,horse,8,12,137,247,0,3,498,268,259,145,"(61, 268, 0, 498)","(137, 145, 247, 259)"
2362379.jpg,sitting on,bench,70,64,212,307,person,86,50,177,267,1,3,371,282,317,263,"(212, 282, 307, 371)","(177, 263, 267, 317)"
2365648.jpg,wearing,suit,216,143,154,195,woman,304,147,69,190,0,3,338,370,337,373,"(154, 370, 195, 338)","(69, 373, 190, 337)"
807.jpg,sitting on,sidewalk,299,663,301,1,lamppost,176,27,187,67,1,3,664,600,94,363,"(301, 600, 1, 664)","(187, 363, 67, 94)"
895.jpg,sitting on,stand,73,148,125,643,keyboard,61,86,123,656,1,3,791,198,742,184,"(125, 198, 643, 791)","(123, 184, 656, 742)"
2379106.jpg,wearing,sunglasses,9,9,140,249,person,68,40,136,238,0,3,258,149,278,204,"(140, 149, 249, 258)","(136, 204, 238, 278)"
2407443.jpg,wearing,cap,68,116,5,216,man,367,289,4,137,0,3,332,73,426,371,"(5, 73, 216, 332)","(4, 371, 137, 426)"
2378587.jpg,sitting on,bed,210,496,163,3,female,260,200,30,23,1,3,499,373,223,290,"(163, 373, 3, 499)","(30, 290, 23, 223)"
2385999.jpg,sitting on,table,125,191,208,146,bottle,82,11,149,297,1,3,337,333,308,231,"(208, 333, 146, 337)","(149, 231, 297, 308)"
2394788.jpg,sitting on,floor,189,419,144,79,shoes,36,54,296,333,1,3,498,333,387,332,"(144, 333, 79, 498)","(296, 332, 333, 387)"
2317661.jpg,standing on,surfboard,58,150,423,153,dog,167,109,286,172,0,3,303,481,281,453,"(423, 481, 153, 303)","(286, 453, 172, 281)"
2364564.jpg,sitting on,table,93,143,115,62,vase,97,35,8,108,1,3,205,208,143,105,"(115, 208, 62, 205)","(8, 105, 108, 143)"
2383905.jpg,wearing,glasses,17,51,60,151,man,151,86,41,139,0,3,202,77,225,192,"(60, 77, 151, 202)","(41, 192, 139, 225)"
2393100.jpg,sitting on,table,498,331,2,0,grapefruit,94,118,0,213,1,3,331,500,331,94,"(2, 500, 0, 331)","(0, 94, 213, 331)"
3570.jpg,wearing,shirt,20,17,295,127,man,42,21,292,123,0,3,144,315,144,334,"(295, 315, 127, 144)","(292, 334, 123, 144)"
2349823.jpg,wearing,helmet,42,50,50,209,man,280,205,48,127,0,3,259,92,332,328,"(50, 92, 209, 259)","(48, 328, 127, 332)"
2376099.jpg,wearing,hat,11,17,129,256,girl,91,84,129,235,0,3,273,140,319,220,"(129, 140, 256, 273)","(129, 220, 235, 319)"
2354068.jpg,covering,ground,179,482,194,1,snow,182,495,190,1,0,3,483,373,496,372,"(194, 373, 1, 483)","(190, 372, 1, 496)"
2344308.jpg,wearing,jersey,82,70,176,183,player,264,235,135,70,0,3,253,258,305,399,"(176, 258, 183, 253)","(135, 399, 70, 305)"
2409030.jpg,says,pare,97,321,217,86,sign,314,390,125,55,0,3,407,314,445,439,"(217, 314, 86, 407)","(125, 439, 55, 445)"
4648.jpg,hanging from,ceiling,84,627,1,1,light,124,106,39,129,0,3,628,85,235,163,"(1, 85, 1, 628)","(39, 163, 129, 235)"
2379631.jpg,covered in,snow,174,498,158,0,hill,66,99,158,0,0,3,498,332,99,224,"(158, 332, 0, 498)","(158, 224, 0, 99)"
2338306.jpg,riding,waves,271,430,6,15,board,19,56,252,228,0,3,445,277,284,271,"(6, 277, 15, 445)","(252, 271, 228, 284)"
2376360.jpg,sitting on,ground,21,48,305,259,suitcase,116,84,214,203,1,3,307,326,287,330,"(305, 326, 259, 307)","(214, 330, 203, 287)"
1108.jpg,sitting on,desk,79,388,243,208,keyboard,32,109,271,220,1,3,596,322,329,303,"(243, 322, 208, 596)","(271, 303, 220, 329)"
2395083.jpg,sitting on,bucket,19,19,132,176,boy,50,27,87,168,1,3,195,151,195,137,"(132, 151, 176, 195)","(87, 137, 168, 195)"
2331480.jpg,hanging from,ceiling,130,331,1,0,light,46,55,88,84,0,3,331,131,139,134,"(1, 131, 0, 331)","(88, 134, 84, 139)"
2374769.jpg,sitting on,toilet,175,193,323,19,radio,47,66,308,25,1,3,212,498,91,355,"(323, 498, 19, 212)","(308, 355, 25, 91)"
2330412.jpg,sitting on,bench,230,484,88,0,man,309,257,22,162,1,3,484,318,419,331,"(88, 318, 0, 484)","(22, 331, 162, 419)"
2343374.jpg,sitting on,bed,115,252,259,110,man,336,396,38,28,1,3,362,374,424,374,"(259, 374, 110, 362)","(38, 374, 28, 424)"
2344146.jpg,sitting on,sidewalk,163,376,167,4,man,102,41,5,419,1,3,380,330,460,107,"(167, 330, 4, 380)","(5, 107, 419, 460)"
2346080.jpg,sitting on,couch,365,427,10,72,cat,145,260,230,87,1,3,499,375,347,375,"(10, 375, 72, 499)","(230, 375, 87, 347)"
2404964.jpg,eating,hotdog,80,211,165,196,woman,365,370,6,3,0,3,407,245,373,371,"(165, 245, 196, 407)","(6, 371, 3, 373)"
2356067.jpg,covered in,snow,61,303,259,181,hill,195,499,130,0,0,3,484,320,499,325,"(259, 320, 181, 484)","(130, 325, 0, 499)"
2400629.jpg,wearing,shirt,23,15,176,368,girl,59,20,166,363,0,3,383,199,383,225,"(176, 199, 368, 383)","(166, 225, 363, 383)"
2405040.jpg,wearing,jacket,29,40,373,211,person,97,35,360,215,0,3,251,402,250,457,"(373, 402, 211, 251)","(360, 457, 215, 250)"
2413116.jpg,wearing,sunglasses,23,55,113,253,skier,112,52,115,249,0,3,308,136,301,227,"(113, 136, 253, 308)","(115, 227, 249, 301)"
1560.jpg,walking on,street,280,411,167,5,person,88,46,194,316,0,3,416,447,362,282,"(167, 447, 5, 416)","(194, 282, 316, 362)"
2320989.jpg,wearing,eyeglasses,39,145,50,199,man,496,262,2,111,0,3,344,89,373,498,"(50, 89, 199, 344)","(2, 498, 111, 373)"
2397648.jpg,sitting on,ground,377,360,121,1,bucket,8,9,144,342,1,3,361,498,351,152,"(121, 498, 1, 361)","(144, 152, 342, 351)"
637.jpg,wearing,shoes,50,46,453,589,man,350,109,152,570,0,3,635,503,679,502,"(453, 503, 589, 635)","(152, 502, 570, 679)"
2400626.jpg,wearing,uniform,145,161,24,113,man,237,198,0,70,0,3,274,169,268,237,"(24, 169, 113, 274)","(0, 237, 70, 268)"
2412786.jpg,parked on,street,92,321,176,53,sedan,60,105,182,261,0,3,374,268,366,242,"(176, 268, 53, 374)","(182, 242, 261, 366)"
2356628.jpg,sitting on,bench,217,210,276,38,boy,131,75,264,166,1,3,248,493,241,395,"(276, 493, 38, 248)","(264, 395, 166, 241)"
2408194.jpg,sitting on,carpet,125,372,374,2,cat,300,252,143,8,1,3,374,499,260,443,"(374, 499, 2, 374)","(143, 443, 8, 260)"
2318693.jpg,covered in,sand,44,210,44,44,ground,56,78,213,41,0,3,254,88,119,269,"(44, 88, 44, 254)","(213, 269, 41, 119)"
2401888.jpg,sitting on,desk,14,118,211,266,speaker,35,19,135,310,1,3,384,225,329,170,"(211, 225, 266, 384)","(135, 170, 310, 329)"
2363729.jpg,wearing,shirt,59,65,305,137,girl,182,105,276,114,0,3,202,364,219,458,"(305, 364, 137, 202)","(276, 458, 114, 219)"
2377891.jpg,sitting on,elephant,205,287,149,56,people,153,88,44,127,1,3,343,354,215,197,"(149, 354, 56, 343)","(44, 197, 127, 215)"
2341772.jpg,wearing,ring,8,5,214,258,woman,310,135,24,195,0,3,263,222,330,334,"(214, 222, 258, 263)","(24, 334, 195, 330)"
2386406.jpg,wearing,goggles,11,21,117,160,man,169,72,109,121,0,3,181,128,193,278,"(117, 128, 160, 181)","(109, 278, 121, 193)"
2329217.jpg,riding,surfboard,21,52,251,181,person,110,87,151,137,0,3,233,272,224,261,"(251, 272, 181, 233)","(151, 261, 137, 224)"
2390769.jpg,sitting on,rock,48,67,242,5,person,24,22,240,20,1,3,72,290,42,264,"(242, 290, 5, 72)","(240, 264, 20, 42)"
2347964.jpg,walking on,field,183,162,80,307,leg,81,24,200,202,0,3,469,263,226,281,"(80, 263, 307, 469)","(200, 281, 202, 226)"
2363731.jpg,painted on,pavement,160,457,213,32,line,49,119,324,161,0,3,489,373,280,373,"(213, 373, 32, 489)","(324, 373, 161, 280)"
2355421.jpg,sitting on,couch,429,331,70,1,girl,367,216,62,66,1,3,332,499,282,429,"(70, 499, 1, 332)","(62, 429, 66, 282)"
2357654.jpg,sitting on,bowl,45,60,428,99,basket,67,69,373,91,1,3,159,473,160,440,"(428, 473, 99, 159)","(373, 440, 91, 160)"
2376145.jpg,sitting on,counter,68,52,156,0,jar,89,45,71,6,1,3,52,224,51,160,"(156, 224, 0, 52)","(71, 160, 6, 51)"
2347277.jpg,sitting on,floor,195,328,304,1,box,48,77,450,1,1,3,329,499,78,498,"(304, 499, 1, 329)","(450, 498, 1, 78)"
2385511.jpg,sitting on,chair,184,126,148,0,woman,143,96,162,0,1,3,126,332,96,305,"(148, 332, 0, 126)","(162, 305, 0, 96)"
2327653.jpg,sitting on,shelf,59,175,222,5,book,32,8,205,130,1,3,180,281,138,237,"(222, 281, 5, 180)","(205, 237, 130, 138)"
2322710.jpg,playing,soccer,151,250,61,137,man,209,99,21,217,0,3,387,212,316,230,"(61, 212, 137, 387)","(21, 230, 217, 316)"
2397557.jpg,wearing,cap,30,38,47,214,man,264,125,47,219,0,3,252,77,344,311,"(47, 77, 214, 252)","(47, 311, 219, 344)"
2357209.jpg,walking in,forest,332,444,0,1,person,12,7,156,291,0,3,445,332,298,168,"(0, 332, 1, 445)","(156, 168, 291, 298)"
2414984.jpg,wearing,shorts,66,64,177,222,man,269,217,63,141,0,3,286,243,358,332,"(177, 243, 222, 286)","(63, 332, 141, 358)"
2405966.jpg,standing on,dirt,92,331,407,0,elephant,470,238,30,0,0,3,331,499,238,500,"(407, 499, 0, 331)","(30, 500, 0, 238)"
2316643.jpg,wearing,shirt,232,168,63,117,man,391,239,2,46,0,3,285,295,285,393,"(63, 295, 117, 285)","(2, 393, 46, 285)"
2409137.jpg,carrying,skis,155,71,214,130,man,173,65,269,161,0,3,201,369,226,442,"(214, 369, 130, 201)","(269, 442, 161, 226)"
2400755.jpg,wearing,shoe,29,26,206,390,lady,224,129,7,291,0,3,416,235,420,231,"(206, 235, 390, 416)","(7, 231, 291, 420)"
2359507.jpg,sitting on,road,17,295,314,203,cone,50,37,280,108,1,3,498,331,145,330,"(314, 331, 203, 498)","(280, 330, 108, 145)"
2374037.jpg,wearing,shirt,22,13,165,458,man,44,11,137,458,0,3,471,187,469,181,"(165, 187, 458, 471)","(137, 181, 458, 469)"
2394906.jpg,sitting on,table,115,194,5,264,plate,212,469,137,2,1,3,458,120,471,349,"(5, 120, 264, 458)","(137, 349, 2, 471)"
2411431.jpg,standing on,rocks,335,495,2,1,bear,227,312,56,133,0,3,496,337,445,283,"(2, 337, 1, 496)","(56, 283, 133, 445)"
2414453.jpg,sitting on,risers,121,401,85,97,people,118,360,56,139,1,3,498,206,499,174,"(85, 206, 97, 498)","(56, 174, 139, 499)"
2396209.jpg,wearing,collar,29,15,411,157,dog,107,172,378,32,0,3,172,440,204,485,"(411, 440, 157, 172)","(378, 485, 32, 204)"
2346409.jpg,wearing,helmet,14,12,192,288,man,60,50,192,249,0,3,300,206,299,252,"(192, 206, 288, 300)","(192, 252, 249, 299)"
2387150.jpg,wearing,hat,43,87,51,118,man,448,347,52,11,0,3,205,94,358,500,"(51, 94, 118, 205)","(52, 500, 11, 358)"
2347726.jpg,wearing,black,95,105,94,116,man,262,110,55,118,0,3,221,189,228,317,"(94, 189, 116, 221)","(55, 317, 118, 228)"
2374171.jpg,wearing,suits,53,96,147,220,boy,75,45,124,260,0,3,316,200,305,199,"(147, 200, 220, 316)","(124, 199, 260, 305)"
2392125.jpg,playing,game,100,62,144,411,boy,223,193,152,111,0,3,473,244,304,375,"(144, 244, 411, 473)","(152, 375, 111, 304)"
2349503.jpg,wearing,lanyard,202,159,202,87,man,392,258,14,240,0,3,246,404,498,406,"(202, 404, 87, 246)","(14, 406, 240, 498)"
2331938.jpg,wearing,specks,34,72,97,232,she,379,203,44,179,0,3,304,131,382,423,"(97, 131, 232, 304)","(44, 423, 179, 382)"
2402510.jpg,eating,hen,43,54,124,190,fox,42,53,119,29,0,3,244,167,82,161,"(124, 167, 190, 244)","(119, 161, 29, 82)"
2342859.jpg,sitting on,couch,132,189,241,275,cat,331,345,22,82,1,3,464,373,427,353,"(241, 373, 275, 464)","(22, 353, 82, 427)"
2327820.jpg,wearing,cap,19,17,95,307,man,130,55,96,276,0,3,324,114,331,226,"(95, 114, 307, 324)","(96, 226, 276, 331)"
2341918.jpg,wearing,pants,8,9,157,220,man,55,34,119,221,0,3,229,165,255,174,"(157, 165, 220, 229)","(119, 174, 221, 255)"
2344898.jpg,sitting on,radiator,137,101,92,2,towel,46,101,84,4,1,3,103,229,105,130,"(92, 229, 2, 103)","(84, 130, 4, 105)"
2345589.jpg,sitting on,scale,206,184,167,10,banana,103,177,134,19,1,3,194,373,196,237,"(167, 373, 10, 194)","(134, 237, 19, 196)"
1159440.jpg,wearing,hat,39,42,160,346,man,70,71,166,318,0,3,388,199,389,236,"(160, 199, 346, 388)","(166, 236, 318, 389)"
2359594.jpg,sitting on,carpet,124,220,250,242,chair,139,107,198,392,1,3,462,374,499,337,"(250, 374, 242, 462)","(198, 337, 392, 499)"
2361260.jpg,sitting on,bed,64,330,433,2,suitcase,380,312,96,20,1,3,332,497,332,476,"(433, 497, 2, 332)","(96, 476, 20, 332)"
2345403.jpg,sitting on,boat,41,171,255,306,people,38,77,260,342,1,3,477,296,419,298,"(255, 296, 306, 477)","(260, 298, 342, 419)"
2374082.jpg,wearing,helmet,23,29,129,323,man,75,50,127,310,0,3,352,152,360,202,"(129, 152, 323, 352)","(127, 202, 310, 360)"
2352460.jpg,sitting on,chair,52,43,36,103,man,82,56,21,156,1,3,146,88,212,103,"(36, 88, 103, 146)","(21, 103, 156, 212)"
2332215.jpg,sitting on,bleachers,97,469,102,18,people,131,364,79,106,1,3,487,199,470,210,"(102, 199, 18, 487)","(79, 210, 106, 470)"
2403700.jpg,wearing,hat,30,36,124,422,man,118,73,121,397,0,3,458,154,470,239,"(124, 154, 422, 458)","(121, 239, 397, 470)"
2331569.jpg,sitting on,shelf,350,490,6,5,animal,206,138,78,7,1,3,495,356,145,284,"(6, 356, 5, 495)","(78, 284, 7, 145)"
2382072.jpg,standing on,field,233,496,199,1,man,385,124,17,216,0,3,497,432,340,402,"(199, 432, 1, 497)","(17, 402, 216, 340)"
2326262.jpg,sitting on,desk,114,275,127,0,computer,35,27,75,373,1,3,275,241,400,110,"(127, 241, 0, 275)","(75, 110, 373, 400)"
2393114.jpg,sitting on,bus,260,322,26,25,people,32,120,61,125,1,3,347,286,245,93,"(26, 286, 25, 347)","(61, 93, 125, 245)"
2367585.jpg,mounted on,building,285,310,27,123,bar,100,10,273,266,0,3,433,312,276,373,"(27, 312, 123, 433)","(273, 373, 266, 276)"
2330897.jpg,sitting on,person,37,20,124,52,person,25,26,137,80,1,3,72,161,106,162,"(124, 161, 52, 72)","(137, 162, 80, 106)"
2317199.jpg,hanging from,rod,20,21,188,0,towel,69,12,199,1,0,3,21,208,13,268,"(188, 208, 0, 21)","(199, 268, 1, 13)"
2376690.jpg,wearing,helmet,36,44,64,218,man,245,112,64,178,0,3,262,100,290,309,"(64, 100, 218, 262)","(64, 309, 178, 290)"
2358576.jpg,sitting on,porch,32,87,315,70,chair,22,22,320,116,1,3,157,347,138,342,"(315, 347, 70, 157)","(320, 342, 116, 138)"
2402008.jpg,sitting on,table,134,145,218,354,paper,66,85,239,414,1,3,499,352,499,305,"(218, 352, 354, 499)","(239, 305, 414, 499)"
2399053.jpg,sitting on,bench,282,433,56,41,man,254,185,14,95,1,3,474,338,280,268,"(56, 338, 41, 474)","(14, 268, 95, 280)"
2334784.jpg,walking on,grass,62,124,267,149,chicken,57,46,247,250,0,3,273,329,296,304,"(267, 329, 149, 273)","(247, 304, 250, 296)"
2403356.jpg,standing on,grass,227,494,146,1,zebra,148,202,171,282,0,3,495,373,484,319,"(146, 373, 1, 495)","(171, 319, 282, 484)"
1592639.jpg,wearing,cross,53,42,274,478,woman,213,125,159,457,0,3,520,327,582,372,"(274, 327, 478, 520)","(159, 372, 457, 582)"
2388061.jpg,sitting on,cabinet,54,44,165,231,television,32,35,136,238,1,3,275,219,273,168,"(165, 219, 231, 275)","(136, 168, 238, 273)"
2401888.jpg,sitting on,desk,14,118,211,266,speaker,45,24,158,201,1,3,384,225,225,203,"(211, 225, 266, 384)","(158, 203, 201, 225)"
1159667.jpg,sitting on,counter,61,74,321,685,pizza,39,136,324,541,1,3,759,382,677,363,"(321, 382, 685, 759)","(324, 363, 541, 677)"
2385022.jpg,wearing,glasses,24,55,84,353,girl,312,122,62,343,0,3,408,108,465,374,"(84, 108, 353, 408)","(62, 374, 343, 465)"
2412182.jpg,sitting on,shelf,101,301,395,23,clock,27,41,473,251,1,3,324,496,292,500,"(395, 496, 23, 324)","(473, 500, 251, 292)"
2386385.jpg,wearing,shirt,55,87,140,331,man,263,161,69,283,0,3,418,195,444,332,"(140, 195, 331, 418)","(69, 332, 283, 444)"
2333264.jpg,using,mouse,84,78,95,205,hand,182,197,76,201,0,3,283,179,398,258,"(95, 179, 205, 283)","(76, 258, 201, 398)"
2356513.jpg,wearing,suit,160,53,134,1,man,162,145,212,195,0,3,54,294,340,374,"(134, 294, 1, 54)","(212, 374, 195, 340)"
2353767.jpg,sitting on,turf,18,90,312,26,figurine,113,72,218,33,1,3,116,330,105,331,"(312, 330, 26, 116)","(218, 331, 33, 105)"
2357880.jpg,sitting on,concrete,157,118,216,380,person,157,80,61,152,1,3,498,373,232,218,"(216, 373, 380, 498)","(61, 218, 152, 232)"
2385049.jpg,says,finish,30,129,137,134,sign,53,371,126,3,0,3,263,167,374,179,"(137, 167, 134, 263)","(126, 179, 3, 374)"
2375415.jpg,sitting on,napkin,179,97,163,402,fork,122,79,159,420,1,3,499,342,499,281,"(163, 342, 402, 499)","(159, 281, 420, 499)"
2412181.jpg,wearing,shirt,53,70,93,231,man,117,158,76,184,0,3,301,146,342,193,"(93, 146, 231, 301)","(76, 193, 184, 342)"
2361431.jpg,sitting on,chair,123,60,248,436,purse,60,40,269,458,1,3,496,371,498,329,"(248, 371, 436, 496)","(269, 329, 458, 498)"
2347668.jpg,sitting on,nightstand,125,84,171,8,lamp,90,62,91,0,1,3,92,296,62,181,"(171, 296, 8, 92)","(91, 181, 0, 62)"
2350701.jpg,sitting on,grass,18,28,221,470,boat,70,135,139,363,1,3,498,239,498,209,"(221, 239, 470, 498)","(139, 209, 363, 498)"
2391618.jpg,sitting on,bed,289,470,83,17,girl,233,131,121,202,1,3,487,372,333,354,"(83, 372, 17, 487)","(121, 354, 202, 333)"
2363976.jpg,hanging from,table,183,463,192,1,wires,93,25,280,24,0,3,464,375,49,373,"(192, 375, 1, 464)","(280, 373, 24, 49)"
2323435.jpg,parked on,street,231,375,100,110,car,22,30,110,169,0,3,485,331,199,132,"(100, 331, 110, 485)","(110, 132, 169, 199)"
2344209.jpg,sitting on,bench,217,367,88,1,woman,238,158,28,135,1,3,368,305,293,266,"(88, 305, 1, 368)","(28, 266, 135, 293)"
2336989.jpg,sitting on,mat,20,38,313,339,boy,84,30,242,358,1,3,377,333,388,326,"(313, 333, 339, 377)","(242, 326, 358, 388)"
2343486.jpg,sitting on,ground,56,400,276,99,boys,122,418,185,71,1,3,499,332,489,307,"(276, 332, 99, 499)","(185, 307, 71, 489)"
2388200.jpg,sitting on,sidelines,109,354,0,143,man,63,65,1,266,1,3,497,109,331,64,"(0, 109, 143, 497)","(1, 64, 266, 331)"
2350147.jpg,sitting on,water,108,405,185,90,boats,118,231,101,262,1,3,495,293,493,219,"(185, 293, 90, 495)","(101, 219, 262, 493)"
2412197.jpg,wearing,shirt,108,74,57,86,woman,303,134,18,88,0,3,160,165,222,321,"(57, 165, 86, 160)","(18, 321, 88, 222)"
2363267.jpg,sitting on,ground,35,34,225,270,dog,90,73,176,332,1,3,304,260,405,266,"(225, 260, 270, 304)","(176, 266, 332, 405)"
1592811.jpg,sitting on,bench,365,612,478,8,people,674,298,217,423,1,3,620,843,721,891,"(478, 843, 8, 620)","(217, 891, 423, 721)"
2402393.jpg,standing on,field,136,498,196,1,batter,65,60,227,163,0,3,499,332,223,292,"(196, 332, 1, 499)","(227, 292, 163, 223)"
2396856.jpg,sitting on,bed,216,222,82,259,woman,275,110,59,267,1,3,481,298,377,334,"(82, 298, 259, 481)","(59, 334, 267, 377)"
2353752.jpg,wearing,shirt,28,31,365,231,man,101,41,343,222,0,3,262,393,263,444,"(365, 393, 231, 262)","(343, 444, 222, 263)"
2413028.jpg,wearing,scarf,13,17,162,125,man,69,42,157,122,0,3,142,175,164,226,"(162, 175, 125, 142)","(157, 226, 122, 164)"
2381656.jpg,wearing,shirt,91,78,99,326,player,244,118,68,296,0,3,404,190,414,312,"(99, 190, 326, 404)","(68, 312, 296, 414)"
2357056.jpg,sitting on,patio,42,428,286,68,people,34,35,279,311,1,3,496,328,346,313,"(286, 328, 68, 496)","(279, 313, 311, 346)"
2409162.jpg,wearing,sneakers,11,26,93,233,woman,66,44,36,233,0,3,259,104,277,102,"(93, 104, 233, 259)","(36, 102, 233, 277)"
2348814.jpg,sitting on,bench,78,266,210,0,couple,147,120,154,135,1,3,266,288,255,301,"(210, 288, 0, 266)","(154, 301, 135, 255)"
2386879.jpg,wearing,jacket,90,94,77,200,person,221,117,30,181,0,3,294,167,298,251,"(77, 167, 200, 294)","(30, 251, 181, 298)"
2356799.jpg,sitting on,table,272,490,64,8,glass,90,64,1,222,1,3,498,336,286,91,"(64, 336, 8, 498)","(1, 91, 222, 286)"
2380488.jpg,sitting on,sofa,327,498,47,1,kid,252,344,123,129,1,3,499,374,473,375,"(47, 374, 1, 499)","(123, 375, 129, 473)"
2387551.jpg,walking in,field,238,499,134,0,cow,88,48,174,31,0,3,499,372,79,262,"(134, 372, 0, 499)","(174, 262, 31, 79)"
2356563.jpg,wearing,clothing,206,123,190,96,woman,294,121,146,100,0,3,219,396,221,440,"(190, 396, 96, 219)","(146, 440, 100, 221)"
2316929.jpg,wearing,hat,20,13,342,175,person,30,37,344,162,0,3,188,362,199,374,"(342, 362, 175, 188)","(344, 374, 162, 199)"
2315845.jpg,lying on,ground,196,451,298,1,leaf,18,14,378,129,0,3,452,494,143,396,"(298, 494, 1, 452)","(378, 396, 129, 143)"
2406769.jpg,sitting on,elephant,230,243,180,150,person,134,44,114,247,1,3,393,410,291,248,"(180, 410, 150, 393)","(114, 248, 247, 291)"
2348680.jpg,wearing,hat,29,48,90,448,man,242,46,89,448,0,3,496,119,494,331,"(90, 119, 448, 496)","(89, 331, 448, 494)"
2403459.jpg,sitting on,stand,38,144,195,192,laptop,100,109,109,220,1,3,336,233,329,209,"(195, 233, 192, 336)","(109, 209, 220, 329)"
2410302.jpg,wearing,shirt,127,115,108,97,boy,326,102,54,104,0,3,212,235,206,380,"(108, 235, 97, 212)","(54, 380, 104, 206)"
1592215.jpg,painted on,street,187,1019,482,3,line,31,983,491,3,0,3,1022,669,986,522,"(482, 669, 3, 1022)","(491, 522, 3, 986)"
2320723.jpg,lying on,laptop,244,350,37,22,cat,256,481,50,12,0,3,372,281,493,306,"(37, 281, 22, 372)","(50, 306, 12, 493)"
2350134.jpg,wearing,glasses,13,17,127,431,man,208,104,114,388,0,3,448,140,492,322,"(127, 140, 431, 448)","(114, 322, 388, 492)"
2330534.jpg,wearing,shoes,37,57,253,370,man,164,88,56,374,0,3,427,290,462,220,"(253, 290, 370, 427)","(56, 220, 374, 462)"
2400135.jpg,using,brush,51,47,256,187,woman,283,237,14,112,0,3,234,307,349,297,"(256, 307, 187, 234)","(14, 297, 112, 349)"
2385265.jpg,sitting on,grass,474,473,12,12,man,324,387,56,39,1,3,485,486,426,380,"(12, 486, 12, 485)","(56, 380, 39, 426)"
2372970.jpg,wearing,shirt,77,60,226,320,boy,245,103,85,271,0,3,380,303,374,330,"(226, 303, 320, 380)","(85, 330, 271, 374)"
1592724.jpg,sitting on,floor,256,681,485,207,suitcase,176,379,574,302,1,3,888,741,681,750,"(485, 741, 207, 888)","(574, 750, 302, 681)"
2317542.jpg,hanging from,ceiling,1,331,2,1,light,144,32,0,244,0,3,332,3,276,144,"(2, 3, 1, 332)","(0, 144, 244, 276)"
2366233.jpg,parked on,road,114,269,261,43,truck,252,444,48,38,0,3,312,375,482,300,"(261, 375, 43, 312)","(48, 300, 38, 482)"
2395328.jpg,wearing,cloth,164,124,97,154,man,253,277,79,73,0,3,278,261,350,332,"(97, 261, 154, 278)","(79, 332, 73, 350)"
2401226.jpg,sitting on,bench,29,37,230,414,woman,73,59,186,421,1,3,451,259,480,259,"(230, 259, 414, 451)","(186, 259, 421, 480)"
2325876.jpg,sitting on,couch,241,380,133,5,girl,283,210,91,116,1,3,385,374,326,374,"(133, 374, 5, 385)","(91, 374, 116, 326)"
2393634.jpg,says,new,144,112,228,212,sign,209,188,198,177,0,3,324,372,365,407,"(228, 372, 212, 324)","(198, 407, 177, 365)"
713491.jpg,wearing,uniform,126,74,103,327,man,148,78,75,323,0,3,401,229,401,223,"(103, 229, 327, 401)","(75, 223, 323, 401)"
2405618.jpg,wearing,sneakers,51,24,43,404,boy,87,168,14,277,0,3,428,94,445,101,"(43, 94, 404, 428)","(14, 101, 277, 445)"
2332387.jpg,wearing,pants,176,108,324,1,man,364,117,136,1,0,3,109,500,118,500,"(324, 500, 1, 109)","(136, 500, 1, 118)"
2397666.jpg,says,mets,22,35,111,180,uniform,84,81,95,152,0,3,215,133,233,179,"(111, 133, 180, 215)","(95, 179, 152, 233)"
2403296.jpg,wearing,sock,8,11,232,171,woman,229,55,28,149,0,3,182,240,204,257,"(232, 240, 171, 182)","(28, 257, 149, 204)"
2384025.jpg,wearing,sunglasses,12,32,121,128,man,209,91,107,109,0,3,160,133,200,316,"(121, 133, 128, 160)","(107, 316, 109, 200)"
2391090.jpg,painted on,road,102,499,228,1,line,7,31,276,206,0,3,500,330,237,283,"(228, 330, 1, 500)","(276, 283, 206, 237)"
2352285.jpg,sitting on,wall,110,483,7,0,someone,40,47,0,284,1,3,483,117,331,40,"(7, 117, 0, 483)","(0, 40, 284, 331)"
2384953.jpg,sitting on,newspaper,191,499,139,1,sandwich,313,406,0,0,1,3,500,330,406,313,"(139, 330, 1, 500)","(0, 313, 0, 406)"
2324921.jpg,standing on,skis,17,26,185,140,person,69,63,125,104,0,3,166,202,167,194,"(185, 202, 140, 166)","(125, 194, 104, 167)"
150281.jpg,sitting on,table,582,588,0,9,glass,118,140,0,443,1,3,597,582,583,118,"(0, 582, 9, 597)","(0, 118, 443, 583)"
2337587.jpg,sitting on,bench,131,308,173,0,man,228,111,104,110,1,3,308,304,221,332,"(173, 304, 0, 308)","(104, 332, 110, 221)"
2323310.jpg,riding,horse,279,182,50,149,man,282,130,2,291,0,3,331,329,421,284,"(50, 329, 149, 331)","(2, 284, 291, 421)"
2386214.jpg,wearing,hat,12,7,199,296,man,60,28,201,287,0,3,303,211,315,261,"(199, 211, 296, 303)","(201, 261, 287, 315)"
2344839.jpg,standing on,sidewalk,243,257,90,0,person,38,32,205,81,0,3,257,333,113,243,"(90, 333, 0, 257)","(205, 243, 81, 113)"
2351057.jpg,sitting on,pizza,136,245,45,14,mushroom,18,31,78,74,1,3,259,181,105,96,"(45, 181, 14, 259)","(78, 96, 74, 105)"
2412773.jpg,wearing,wetsuit,199,69,66,183,woman,383,96,24,166,0,3,252,265,262,407,"(66, 265, 183, 252)","(24, 407, 166, 262)"
2355516.jpg,sitting on,counter,218,494,155,2,toy,54,40,170,173,1,3,496,373,213,224,"(155, 373, 2, 496)","(170, 224, 173, 213)"
2338873.jpg,sitting on,toilet,75,115,267,20,man,437,179,6,17,1,3,135,342,196,443,"(267, 342, 20, 135)","(6, 443, 17, 196)"
2354776.jpg,sitting on,bench,225,115,74,0,girl,456,289,43,0,1,3,115,299,289,499,"(74, 299, 0, 115)","(43, 499, 0, 289)"
2395173.jpg,sitting on,suitcase,399,230,100,71,cat,256,153,172,183,1,3,301,499,336,428,"(100, 499, 71, 301)","(172, 428, 183, 336)"
2411058.jpg,sitting on,counter,110,489,264,10,cat,339,176,26,39,1,3,499,374,215,365,"(264, 374, 10, 499)","(26, 365, 39, 215)"
2402552.jpg,wearing,backpack,35,20,92,135,man,93,31,81,123,0,3,155,127,154,174,"(92, 127, 135, 155)","(81, 174, 123, 154)"
2407054.jpg,covering,ground,169,494,159,4,snow,223,493,109,4,0,3,498,328,497,332,"(159, 328, 4, 498)","(109, 332, 4, 497)"
2338028.jpg,wearing,shirt,106,97,57,186,man,290,184,16,143,0,3,283,163,327,306,"(57, 163, 186, 283)","(16, 306, 143, 327)"
2361075.jpg,wearing,shoes,126,381,371,7,guy,377,253,45,72,0,3,388,497,325,422,"(371, 497, 7, 388)","(45, 422, 72, 325)"
2362560.jpg,sitting on,tablecloth,67,305,260,171,fork,65,86,200,85,1,3,476,327,171,265,"(260, 327, 171, 476)","(200, 265, 85, 171)"
2403338.jpg,wearing,jacket,263,215,152,32,boy,420,307,38,10,0,3,247,415,317,458,"(152, 415, 32, 247)","(38, 458, 10, 317)"
2341938.jpg,sitting on,table,368,494,4,4,candle,20,52,15,324,1,3,498,372,376,35,"(4, 372, 4, 498)","(15, 35, 324, 376)"
2386957.jpg,sitting on,table,282,499,50,0,paper,229,437,87,18,1,3,499,332,455,316,"(50, 332, 0, 499)","(87, 316, 18, 455)"
2315934.jpg,sitting on,chair,144,129,303,142,boy,108,74,266,181,1,3,271,447,255,374,"(303, 447, 142, 271)","(266, 374, 181, 255)"
2352039.jpg,wearing,shorts,30,21,230,348,kid,89,68,177,319,0,3,369,260,387,266,"(230, 260, 348, 369)","(177, 266, 319, 387)"
2343203.jpg,sitting on,table,293,365,206,1,saucer,40,130,229,51,1,3,366,499,181,269,"(206, 499, 1, 366)","(229, 269, 51, 181)"
2328137.jpg,sitting on,table,103,440,230,1,cup,54,45,269,236,1,3,441,333,281,323,"(230, 333, 1, 441)","(269, 323, 236, 281)"
2384510.jpg,growing on,branches,64,88,23,164,leaves,27,27,51,185,0,3,252,87,212,78,"(23, 87, 164, 252)","(51, 78, 185, 212)"
2375394.jpg,covered in,cloud,30,95,40,100,sky,14,79,22,219,0,3,195,70,298,36,"(40, 70, 100, 195)","(22, 36, 219, 298)"
2338948.jpg,hanging from,ceiling,61,454,0,13,light,45,76,7,153,0,3,467,61,229,52,"(0, 61, 13, 467)","(7, 52, 153, 229)"
2382609.jpg,wearing,cap,37,65,43,164,man,276,212,37,118,0,3,229,80,330,313,"(43, 80, 164, 229)","(37, 313, 118, 330)"
2393931.jpg,sitting on,couch,174,318,37,0,pillow,145,123,65,0,1,3,318,211,123,210,"(37, 211, 0, 318)","(65, 210, 0, 123)"
2387274.jpg,wearing,jacket,157,311,175,102,person,236,365,95,102,0,3,413,332,467,331,"(175, 332, 102, 413)","(95, 331, 102, 467)"
2389502.jpg,riding,horses,77,88,175,280,people,27,38,151,297,0,3,368,252,335,178,"(175, 252, 280, 368)","(151, 178, 297, 335)"
2355178.jpg,sitting on,bleacher,186,489,72,4,man,172,82,0,0,1,3,493,258,82,172,"(72, 258, 4, 493)","(0, 172, 0, 82)"
2398136.jpg,wearing,pants,62,34,318,136,man,131,47,253,131,0,3,170,380,178,384,"(318, 380, 136, 170)","(253, 384, 131, 178)"
2398074.jpg,parked on,street,100,229,209,145,car,36,56,210,318,0,3,374,309,374,246,"(209, 309, 145, 374)","(210, 246, 318, 374)"
2356585.jpg,painted on,store,333,500,0,0,graffiti,90,174,0,322,0,3,500,333,496,90,"(0, 333, 0, 500)","(0, 90, 322, 496)"
1159627.jpg,covering,ground,508,1001,260,19,leaves,50,42,426,0,0,3,1020,768,42,476,"(260, 768, 19, 1020)","(426, 476, 0, 42)"
2398993.jpg,walking on,sidewalk,58,65,379,183,person,123,141,375,305,0,3,248,437,446,498,"(379, 437, 183, 248)","(375, 498, 305, 446)"
2363491.jpg,walking on,ground,320,498,54,0,giraffe,342,284,31,105,0,3,498,374,389,373,"(54, 374, 0, 498)","(31, 373, 105, 389)"
2388780.jpg,wearing,shirt,33,31,179,202,man,94,37,173,205,0,3,233,212,242,267,"(179, 212, 202, 233)","(173, 267, 205, 242)"
2415379.jpg,sitting on,bookshelves,111,115,62,98,items,13,38,75,102,1,3,213,173,140,88,"(62, 173, 98, 213)","(75, 88, 102, 140)"
2340749.jpg,playing,tennis,297,460,35,11,women,285,150,47,188,0,3,471,332,338,332,"(35, 332, 11, 471)","(47, 332, 188, 338)"
2323817.jpg,wearing,shorts,41,60,188,105,man,244,170,66,70,0,3,165,229,240,310,"(188, 229, 105, 165)","(66, 310, 70, 240)"
2401278.jpg,sitting on,shelf,12,82,241,392,cube,23,16,225,415,1,3,474,253,431,248,"(241, 253, 392, 474)","(225, 248, 415, 431)"
2366525.jpg,watching,bear,201,453,73,46,spectator,100,55,10,180,0,3,499,274,235,110,"(73, 274, 46, 499)","(10, 110, 180, 235)"
2395217.jpg,sitting on,bench,80,52,143,420,people,74,60,139,404,1,3,472,223,464,213,"(143, 223, 420, 472)","(139, 213, 404, 464)"
2363805.jpg,wearing,wetsuit,226,285,46,0,man,269,312,44,0,0,3,285,272,312,313,"(46, 272, 0, 285)","(44, 313, 0, 312)"
2402277.jpg,sitting on,bench,102,188,162,234,couple,142,121,138,287,1,3,422,264,408,280,"(162, 264, 234, 422)","(138, 280, 287, 408)"
2387753.jpg,wearing,jeans,54,31,140,223,man,108,47,90,217,0,3,254,194,264,198,"(140, 194, 223, 254)","(90, 198, 217, 264)"
2378971.jpg,sitting on,beach,30,60,368,408,people,26,50,368,220,1,3,468,398,270,394,"(368, 398, 408, 468)","(368, 394, 220, 270)"
2400945.jpg,wearing,jeans,151,67,44,383,person,150,62,46,381,0,3,450,195,443,196,"(44, 195, 383, 450)","(46, 196, 381, 443)"
2394784.jpg,sitting on,window,298,322,44,106,bird,47,42,281,226,1,3,428,342,268,328,"(44, 342, 106, 428)","(281, 328, 226, 268)"
2360379.jpg,wearing,jacket,134,230,67,267,man,209,225,1,273,0,3,497,201,498,210,"(67, 201, 267, 497)","(1, 210, 273, 498)"
415.jpg,sitting on,chair,95,39,156,215,girl,98,40,154,214,1,3,254,251,254,252,"(156, 251, 215, 254)","(154, 252, 214, 254)"
2417041.jpg,wearing,gloves,36,45,245,195,man,437,183,61,137,0,3,240,281,320,498,"(245, 281, 195, 240)","(61, 498, 137, 320)"
2402269.jpg,wearing,earring,64,25,133,87,woman,374,269,11,50,0,3,112,197,319,385,"(133, 197, 87, 112)","(11, 385, 50, 319)"
2407982.jpg,sitting on,bench,159,249,216,0,man,306,168,27,130,1,3,249,375,298,333,"(216, 375, 0, 249)","(27, 333, 130, 298)"
2357514.jpg,sitting on,towel,77,178,208,104,cat,216,201,101,64,1,3,282,285,265,317,"(208, 285, 104, 282)","(101, 317, 64, 265)"
2377926.jpg,wearing,shoe,24,43,440,163,lady,289,157,177,86,0,3,206,464,243,466,"(440, 464, 163, 206)","(177, 466, 86, 243)"
2392353.jpg,wearing,shirt,168,134,80,158,man,414,153,38,137,0,3,292,248,290,452,"(80, 248, 158, 292)","(38, 452, 137, 290)"
3514.jpg,painted on,street,316,629,60,2,crosswalk,61,95,133,544,0,3,631,376,639,194,"(60, 376, 2, 631)","(133, 194, 544, 639)"
2402530.jpg,carrying,bag,48,38,117,112,woman,191,52,63,103,0,3,150,165,155,254,"(117, 165, 112, 150)","(63, 254, 103, 155)"
2404459.jpg,watching,game,377,500,123,0,man,175,164,0,322,0,3,500,500,486,175,"(123, 500, 0, 500)","(0, 175, 322, 486)"
2399849.jpg,flying in,sky,498,330,2,2,plane,104,174,321,51,0,3,332,500,225,425,"(2, 500, 2, 332)","(321, 425, 51, 225)"
1592649.jpg,sitting on,stove,396,76,253,0,skillet,188,68,253,6,1,3,76,649,74,441,"(253, 649, 0, 76)","(253, 441, 6, 74)"
2393884.jpg,sitting on,bench,58,10,380,16,woman,78,46,366,30,1,3,26,438,76,444,"(380, 438, 16, 26)","(366, 444, 30, 76)"
2389032.jpg,wearing,slacks,131,61,199,239,man,221,121,117,188,0,3,300,330,309,338,"(199, 330, 239, 300)","(117, 338, 188, 309)"
2397648.jpg,sitting on,ground,377,360,121,1,bucket,8,8,143,351,1,3,361,498,359,151,"(121, 498, 1, 361)","(143, 151, 351, 359)"
2357065.jpg,sitting on,table,297,495,104,2,bowls,70,74,130,205,1,3,497,401,279,200,"(104, 401, 2, 497)","(130, 200, 205, 279)"
2325549.jpg,wearing,shoes,17,27,220,376,woman,145,107,90,128,0,3,403,237,235,235,"(220, 237, 376, 403)","(90, 235, 128, 235)"
2347793.jpg,sitting on,bike,78,50,143,239,person,55,45,102,232,1,3,289,221,277,157,"(143, 221, 239, 289)","(102, 157, 232, 277)"
2402030.jpg,wearing,camo,195,84,122,32,man,204,97,117,27,0,3,116,317,124,321,"(122, 317, 32, 116)","(117, 321, 27, 124)"
2381138.jpg,mounted on,mirror,230,480,0,0,sign,198,107,21,45,0,3,480,230,152,219,"(0, 230, 0, 480)","(21, 219, 45, 152)"
2371424.jpg,sitting on,desk,322,355,178,3,tower,292,341,187,9,1,3,358,500,350,479,"(178, 500, 3, 358)","(187, 479, 9, 350)"
2366224.jpg,sitting on,table,87,107,411,6,stuff,490,494,0,1,1,3,113,498,495,490,"(411, 498, 6, 113)","(0, 490, 1, 495)"
2315685.jpg,wearing,shirt,57,51,77,15,man,40,46,49,17,0,3,66,134,63,89,"(77, 134, 15, 66)","(49, 89, 17, 63)"
2400768.jpg,sitting on,flatbed,17,209,157,23,people,77,179,107,55,1,3,232,174,234,184,"(157, 174, 23, 232)","(107, 184, 55, 234)"
2362912.jpg,wearing,shirt,25,29,151,213,man,45,52,144,195,0,3,242,176,247,189,"(151, 176, 213, 242)","(144, 189, 195, 247)"
2383368.jpg,wearing,shorts,36,50,190,277,bear,95,141,162,234,0,3,327,226,375,257,"(190, 226, 277, 327)","(162, 257, 234, 375)"
2406928.jpg,wearing,t-shirt,61,40,51,184,boy,157,77,9,382,0,3,224,112,459,166,"(51, 112, 184, 224)","(9, 166, 382, 459)"
2365505.jpg,wearing,cap,30,51,8,208,man,313,110,5,184,0,3,259,38,294,318,"(8, 38, 208, 259)","(5, 318, 184, 294)"
2374370.jpg,sitting on,stove,87,89,181,76,kettle,20,20,168,104,1,3,165,268,124,188,"(181, 268, 76, 165)","(168, 188, 104, 124)"
2407248.jpg,wearing,glasses,46,239,76,90,people,210,293,44,66,0,3,329,122,359,254,"(76, 122, 90, 329)","(44, 254, 66, 359)"
2356030.jpg,wearing,shorts,19,20,229,50,woman,76,44,189,40,0,3,70,248,84,265,"(229, 248, 50, 70)","(189, 265, 40, 84)"
1159668.jpg,sitting on,beach,273,966,491,3,man,33,26,606,646,1,3,969,764,672,639,"(491, 764, 3, 969)","(606, 639, 646, 672)"
2369510.jpg,wearing,shorts,17,14,157,233,man,75,62,120,217,0,3,247,174,279,195,"(157, 174, 233, 247)","(120, 195, 217, 279)"
2416201.jpg,sitting on,couch,214,492,82,0,laptop,126,150,84,286,1,3,492,296,436,210,"(82, 296, 0, 492)","(84, 210, 286, 436)"
2364394.jpg,sitting on,bus,494,369,2,2,person,61,47,178,317,1,3,371,496,364,239,"(2, 496, 2, 371)","(178, 239, 317, 364)"
2315555.jpg,sitting on,table,393,497,4,0,plate,259,336,137,100,1,3,497,397,436,396,"(4, 397, 0, 497)","(137, 396, 100, 436)"
2376220.jpg,wearing,helmet,13,19,93,284,girl,136,61,86,281,0,3,303,106,342,222,"(93, 106, 284, 303)","(86, 222, 281, 342)"
2338218.jpg,wearing,shirt,76,109,156,77,woman,125,109,106,77,0,3,186,232,186,231,"(156, 232, 77, 186)","(106, 231, 77, 186)"
2351481.jpg,sitting on,bed,284,375,215,0,tray,87,179,397,120,1,3,375,499,299,484,"(215, 499, 0, 375)","(397, 484, 120, 299)"
2417435.jpg,sitting on,bench,190,235,77,19,man,277,205,29,146,1,3,254,267,351,306,"(77, 267, 19, 254)","(29, 306, 146, 351)"
2342193.jpg,sitting on,bench,20,67,37,59,players,34,126,26,39,1,3,126,57,165,60,"(37, 57, 59, 126)","(26, 60, 39, 165)"
2381630.jpg,standing on,hay,53,331,446,0,giraffe,450,154,49,87,0,3,331,499,241,499,"(446, 499, 0, 331)","(49, 499, 87, 241)"
2400801.jpg,wearing,shirt,42,31,215,326,man,102,41,202,320,0,3,357,257,361,304,"(215, 257, 326, 357)","(202, 304, 320, 361)"
2410969.jpg,sitting on,wall,37,239,77,260,person,36,27,42,383,1,3,499,114,410,78,"(77, 114, 260, 499)","(42, 78, 383, 410)"
2366185.jpg,wearing,shirt,33,33,122,447,man,83,30,107,450,0,3,480,155,480,190,"(122, 155, 447, 480)","(107, 190, 450, 480)"
2388453.jpg,sitting on,desk,40,330,335,1,object,36,35,331,81,1,3,331,375,116,367,"(335, 375, 1, 331)","(331, 367, 81, 116)"
2402637.jpg,sitting on,ground,362,300,0,199,chair,148,148,0,214,1,3,499,362,362,148,"(0, 362, 199, 499)","(0, 148, 214, 362)"
2385156.jpg,playing,tennis,212,453,91,41,man,71,74,92,38,0,3,494,303,112,163,"(91, 303, 41, 494)","(92, 163, 38, 112)"
2399537.jpg,sitting on,grass,313,499,43,0,person,34,29,59,162,1,3,499,356,191,93,"(43, 356, 0, 499)","(59, 93, 162, 191)"
2329193.jpg,wearing,jacket,19,18,157,130,man,62,32,147,126,0,3,148,176,158,209,"(157, 176, 130, 148)","(147, 209, 126, 158)"
2398674.jpg,wearing,shorts,39,31,231,301,kid,87,60,204,294,0,3,332,270,354,291,"(231, 270, 301, 332)","(204, 291, 294, 354)"
2365507.jpg,sitting on,floor,203,495,295,4,man,281,229,132,28,1,3,499,498,257,413,"(295, 498, 4, 499)","(132, 413, 28, 257)"
2409318.jpg,wearing,gloves,103,306,233,114,man,384,364,16,86,0,3,420,336,450,400,"(233, 336, 114, 420)","(16, 400, 86, 450)"
2416156.jpg,sitting on,chair,247,105,127,45,lady,297,285,71,3,1,3,150,374,288,368,"(127, 374, 45, 150)","(71, 368, 3, 288)"
2411821.jpg,wearing,top,104,78,271,422,boy,267,89,207,410,0,3,500,375,499,474,"(271, 375, 422, 500)","(207, 474, 410, 499)"
2409982.jpg,standing on,leg,54,6,128,138,bird,97,97,82,104,0,3,144,182,201,179,"(128, 182, 138, 144)","(82, 179, 104, 201)"
2407294.jpg,wearing,belt,14,47,220,269,man,274,158,99,252,0,3,316,234,410,373,"(220, 234, 269, 316)","(99, 373, 252, 410)"
2356533.jpg,wearing,shirt,77,104,136,78,man,126,119,95,73,0,3,182,213,192,221,"(136, 213, 78, 182)","(95, 221, 73, 192)"
2368662.jpg,sitting on,sidewalk,136,494,195,5,people,32,45,175,416,1,3,499,331,461,207,"(195, 331, 5, 499)","(175, 207, 416, 461)"
2408.jpg,sitting on,bench,36,49,200,128,person,62,38,186,125,1,3,177,236,163,248,"(200, 236, 128, 177)","(186, 248, 125, 163)"
2376499.jpg,sitting on,runway,141,498,189,1,airplane,114,343,112,43,1,3,499,330,386,226,"(189, 330, 1, 499)","(112, 226, 43, 386)"
2347701.jpg,sitting on,ledge,117,264,181,0,toiletries,105,78,158,0,1,3,264,298,78,263,"(181, 298, 0, 264)","(158, 263, 0, 78)"
2414918.jpg,wearing,glove,30,38,253,125,man,209,213,138,90,0,3,163,283,303,347,"(253, 283, 125, 163)","(138, 347, 90, 303)"
2367819.jpg,wearing,shirt,101,105,94,265,person,62,52,68,251,0,3,370,195,303,130,"(94, 195, 265, 370)","(68, 130, 251, 303)"
498045.jpg,wearing,street,67,150,505,166,is,151,435,421,74,0,3,316,572,509,572,"(505, 572, 166, 316)","(421, 572, 74, 509)"
2412726.jpg,sitting on,boat,103,251,178,247,lady,131,104,106,280,1,3,498,281,384,237,"(178, 281, 247, 498)","(106, 237, 280, 384)"
2348369.jpg,sitting on,table,194,200,178,270,folder,96,102,175,372,1,3,470,372,474,271,"(178, 372, 270, 470)","(175, 271, 372, 474)"
2407120.jpg,wearing,shirts,19,45,65,137,people,38,56,52,136,0,3,182,84,192,90,"(65, 84, 137, 182)","(52, 90, 136, 192)"
1592620.jpg,sitting on,tray,204,469,553,0,bowl,106,216,620,228,1,3,469,757,444,726,"(553, 757, 0, 469)","(620, 726, 228, 444)"
2390648.jpg,sitting on,shelf,42,138,82,146,printer,24,51,62,211,1,3,284,124,262,86,"(82, 124, 146, 284)","(62, 86, 211, 262)"
2375633.jpg,wearing,apron,125,97,128,220,lady,180,138,55,188,0,3,317,253,326,235,"(128, 253, 220, 317)","(55, 235, 188, 326)"
2352956.jpg,sitting on,pan,20,417,234,25,pizza,164,355,81,73,1,3,442,254,428,245,"(234, 254, 25, 442)","(81, 245, 73, 428)"
2375295.jpg,wearing,blanket,18,20,183,124,cows,32,25,178,122,0,3,144,201,147,210,"(183, 201, 124, 144)","(178, 210, 122, 147)"
2388338.jpg,wearing,hat,10,10,166,386,person,38,15,166,386,0,3,396,176,401,204,"(166, 176, 386, 396)","(166, 204, 386, 401)"
2375336.jpg,wearing,hat,10,8,400,230,man,36,24,398,227,0,3,238,410,251,434,"(400, 410, 230, 238)","(398, 434, 227, 251)"
2382021.jpg,sitting on,couch,185,278,61,221,man,200,150,9,252,1,3,499,246,402,209,"(61, 246, 221, 499)","(9, 209, 252, 402)"
2399537.jpg,sitting on,grass,313,499,43,0,person,35,15,60,480,1,3,499,356,495,95,"(43, 356, 0, 499)","(60, 95, 480, 495)"
2380482.jpg,sitting on,laptop,211,296,62,133,bird,88,181,108,135,1,3,429,273,316,196,"(62, 273, 133, 429)","(108, 196, 135, 316)"
2322354.jpg,wearing,bikini,141,76,100,227,woman,271,120,51,208,0,3,303,241,328,322,"(100, 241, 227, 303)","(51, 322, 208, 328)"
2320017.jpg,walking in,grass,61,497,270,1,elephant,252,275,80,69,0,3,498,331,344,332,"(270, 331, 1, 498)","(80, 332, 69, 344)"
2335493.jpg,sitting on,ground,238,328,259,3,skateboard,51,131,373,81,1,3,331,497,212,424,"(259, 497, 3, 331)","(373, 424, 81, 212)"
2321899.jpg,sitting on,floor,70,44,423,326,water,11,6,418,354,1,3,370,493,360,429,"(423, 493, 326, 370)","(418, 429, 354, 360)"
2393805.jpg,sitting on,table,214,142,155,236,purse,71,156,101,181,1,3,378,369,337,172,"(155, 369, 236, 378)","(101, 172, 181, 337)"
2364854.jpg,wearing,sunglasses,12,15,42,436,spectator,39,42,4,79,0,3,451,54,121,43,"(42, 54, 436, 451)","(4, 43, 79, 121)"
2365110.jpg,mounted on,corner,37,38,90,365,horn,16,18,80,379,0,3,403,127,397,96,"(90, 127, 365, 403)","(80, 96, 379, 397)"
2374637.jpg,wearing,shirt,49,57,174,125,girl,107,86,141,101,0,3,182,223,187,248,"(174, 223, 125, 182)","(141, 248, 101, 187)"
2353746.jpg,wearing,shirt,347,293,132,55,man,492,294,7,54,0,3,348,479,348,499,"(132, 479, 55, 348)","(7, 499, 54, 348)"
2334163.jpg,walking on,branches,132,475,3,1,bear,74,117,134,213,0,3,476,135,330,208,"(3, 135, 1, 476)","(134, 208, 213, 330)"
2323207.jpg,wearing,shoes,23,54,183,216,person,165,64,37,214,0,3,270,206,278,202,"(183, 206, 216, 270)","(37, 202, 214, 278)"
2398681.jpg,sitting on,elephant,218,324,113,19,man,111,35,212,363,1,3,343,331,398,323,"(113, 331, 19, 343)","(212, 323, 363, 398)"
2381963.jpg,wearing,shirt,152,124,130,155,woman,198,133,72,153,0,3,279,282,286,270,"(130, 282, 155, 279)","(72, 270, 153, 286)"
2393362.jpg,wearing,white,33,26,279,278,woman,89,43,261,267,0,3,304,312,310,350,"(279, 312, 278, 304)","(261, 350, 267, 310)"
2406083.jpg,sitting on,stand,79,102,249,203,motorcycle,285,471,30,25,1,3,305,328,496,315,"(249, 328, 203, 305)","(30, 315, 25, 496)"
2405103.jpg,sitting on,bench,196,159,239,70,man,179,183,175,70,1,3,229,435,253,354,"(239, 435, 70, 229)","(175, 354, 70, 253)"
2380927.jpg,wearing,jeans,108,84,266,27,man,347,114,24,5,0,3,111,374,119,371,"(266, 374, 27, 111)","(24, 371, 5, 119)"
2379733.jpg,covering,ground,382,333,117,0,leaves,350,333,149,0,0,3,333,499,333,499,"(117, 499, 0, 333)","(149, 499, 0, 333)"
2389294.jpg,wearing,hat,34,45,107,150,man,328,106,95,109,0,3,195,141,215,423,"(107, 141, 150, 195)","(95, 423, 109, 215)"
2353599.jpg,sitting on,plate,25,50,223,39,bottle,89,23,157,46,1,3,89,248,69,246,"(223, 248, 39, 89)","(157, 246, 46, 69)"
2408734.jpg,wearing,strap,58,65,101,81,cow,263,130,57,41,0,3,146,159,171,320,"(101, 159, 81, 146)","(57, 320, 41, 171)"
2387561.jpg,sitting on,cart,33,32,198,267,person,27,20,176,271,1,3,299,231,291,203,"(198, 231, 267, 299)","(176, 203, 271, 291)"
2364247.jpg,wearing,headgear,40,38,110,218,catcher,182,94,110,169,0,3,256,150,263,292,"(110, 150, 218, 256)","(110, 292, 169, 263)"
2345032.jpg,sitting on,road,64,483,305,15,puddle,22,164,340,5,1,3,498,369,169,362,"(305, 369, 15, 498)","(340, 362, 5, 169)"
2369418.jpg,sitting on,fence,77,499,136,0,person,41,20,128,82,1,3,499,213,102,169,"(136, 213, 0, 499)","(128, 169, 82, 102)"
2351244.jpg,sitting on,person,65,22,191,277,person,50,26,195,317,1,3,299,256,343,245,"(191, 256, 277, 299)","(195, 245, 317, 343)"
2363982.jpg,sitting on,ground,154,499,221,0,person,27,28,240,82,1,3,499,375,110,267,"(221, 375, 0, 499)","(240, 267, 82, 110)"
2342128.jpg,sitting on,sidewalk,109,497,97,2,person,88,55,5,77,1,3,499,206,132,93,"(97, 206, 2, 499)","(5, 93, 77, 132)"
2360119.jpg,sitting on,grass,316,322,179,8,people,21,36,189,88,1,3,330,495,124,210,"(179, 495, 8, 330)","(189, 210, 88, 124)"
2369630.jpg,sitting on,bench,50,213,189,195,player,91,34,152,238,1,3,408,239,272,243,"(189, 239, 195, 408)","(152, 243, 238, 272)"
2380521.jpg,wearing,pants,132,48,220,45,woman,263,66,92,28,0,3,93,352,94,355,"(220, 352, 45, 93)","(92, 355, 28, 94)"
2372584.jpg,sitting on,chest,142,96,150,106,animal,43,33,110,149,1,3,202,292,182,153,"(150, 292, 106, 202)","(110, 153, 149, 182)"
2366455.jpg,sitting on,bench,130,220,172,34,man,167,150,136,85,1,3,254,302,235,303,"(172, 302, 34, 254)","(136, 303, 85, 235)"
2335891.jpg,sitting on,table,328,371,167,0,orange,54,67,90,113,1,3,371,495,180,144,"(167, 495, 0, 371)","(90, 144, 113, 180)"
2345964.jpg,sitting on,easel,24,48,222,341,painting,47,47,179,339,1,3,389,246,386,226,"(222, 246, 341, 389)","(179, 226, 339, 386)"
2342106.jpg,sitting on,bike,111,102,179,2,person,182,65,98,1,1,3,104,290,66,280,"(179, 290, 2, 104)","(98, 280, 1, 66)"
2356030.jpg,sitting on,fountain,359,416,20,68,woman,190,98,175,33,1,3,484,379,131,365,"(20, 379, 68, 484)","(175, 365, 33, 131)"
2372299.jpg,sitting on,chair,111,47,167,241,woman,72,35,170,241,1,3,288,278,276,242,"(167, 278, 241, 288)","(170, 242, 241, 276)"
2404872.jpg,sitting on,beach,223,496,151,3,woman,184,166,72,275,1,3,499,374,441,256,"(151, 374, 3, 499)","(72, 256, 275, 441)"
2395122.jpg,wearing,jacket,121,124,159,113,man,268,182,118,57,0,3,237,280,239,386,"(159, 280, 113, 237)","(118, 386, 57, 239)"
2372775.jpg,covering,refrigerator,207,106,131,133,notes,214,116,134,126,0,3,239,338,242,348,"(131, 338, 133, 239)","(134, 348, 126, 242)"
2407557.jpg,wearing,shoe,42,20,191,375,foot,43,17,192,377,0,3,395,233,394,235,"(191, 233, 375, 395)","(192, 235, 377, 394)"
2365770.jpg,wearing,shoe,35,42,401,142,woman,364,188,76,98,0,3,184,436,286,440,"(401, 436, 142, 184)","(76, 440, 98, 286)"
2321291.jpg,sitting on,table,189,240,129,0,bottle,77,29,76,53,1,3,240,318,82,153,"(129, 318, 0, 240)","(76, 153, 53, 82)"
1592078.jpg,wearing,shirt,74,57,635,428,man,156,50,601,714,0,3,485,709,764,757,"(635, 709, 428, 485)","(601, 757, 714, 764)"
3913.jpg,hanging from,wall,245,336,157,30,flower,7,7,189,242,0,3,366,402,249,196,"(157, 402, 30, 366)","(189, 196, 242, 249)"
2368541.jpg,walking on,platform,39,120,196,330,person,60,43,168,330,0,3,450,235,373,228,"(196, 235, 330, 450)","(168, 228, 330, 373)"
2381364.jpg,sitting on,napkin,124,365,249,107,knife,100,292,273,136,1,3,472,373,428,373,"(249, 373, 107, 472)","(273, 373, 136, 428)"
1159673.jpg,sitting on,seat,492,475,319,327,person,403,238,269,299,1,3,802,811,537,672,"(319, 811, 327, 802)","(269, 672, 299, 537)"
2366019.jpg,wearing,shoe,24,41,280,388,man,234,279,70,220,0,3,429,304,499,304,"(280, 304, 388, 429)","(70, 304, 220, 499)"
2372295.jpg,sitting on,table,371,497,0,2,napkins,181,23,125,472,1,3,499,371,495,306,"(0, 371, 2, 499)","(125, 306, 472, 495)"
2358481.jpg,sitting on,plate,180,342,113,117,food,169,189,66,185,1,3,459,293,374,235,"(113, 293, 117, 459)","(66, 235, 185, 374)"
2356329.jpg,sitting on,beach,312,498,125,1,person,12,11,147,168,1,3,499,437,179,159,"(125, 437, 1, 499)","(147, 159, 168, 179)"
2344240.jpg,sitting on,table,237,372,261,1,bottle,294,96,43,208,1,3,373,498,304,337,"(261, 498, 1, 373)","(43, 337, 208, 304)"
2375415.jpg,sitting on,napkin,179,97,163,402,knife,71,52,167,448,1,3,499,342,500,238,"(163, 342, 402, 499)","(167, 238, 448, 500)"
2379021.jpg,sitting on,couch,125,392,249,108,man,152,220,222,242,1,3,500,374,462,374,"(249, 374, 108, 500)","(222, 374, 242, 462)"
2332528.jpg,sitting on,man,176,83,104,314,kid,104,53,126,314,1,3,397,280,367,230,"(104, 280, 314, 397)","(126, 230, 314, 367)"
2411579.jpg,sitting on,counter,38,49,79,382,bottle,27,8,62,398,1,3,431,117,406,89,"(79, 117, 382, 431)","(62, 89, 398, 406)"
2383386.jpg,sitting on,ground,177,332,322,0,boat,81,282,345,17,1,3,332,499,299,426,"(322, 499, 0, 332)","(345, 426, 17, 299)"
2396071.jpg,sitting on,wall,52,330,193,1,couple,21,14,185,291,1,3,331,245,305,206,"(193, 245, 1, 331)","(185, 206, 291, 305)"
2398345.jpg,wearing,jacket,61,56,46,205,person,120,55,35,210,0,3,261,107,265,155,"(46, 107, 205, 261)","(35, 155, 210, 265)"
2410546.jpg,wearing,pants,99,82,135,228,skier,247,248,18,128,0,3,310,234,376,265,"(135, 234, 228, 310)","(18, 265, 128, 376)"
2355516.jpg,sitting on,counter,218,494,155,2,toy,44,22,163,304,1,3,496,373,326,207,"(155, 373, 2, 496)","(163, 207, 304, 326)"
2336073.jpg,growing on,tree,298,116,1,206,leaf,24,41,22,281,0,3,322,299,322,46,"(1, 299, 206, 322)","(22, 46, 281, 322)"
2378091.jpg,sitting on,table,352,459,123,22,bowl,115,145,160,238,1,3,481,475,383,275,"(123, 475, 22, 481)","(160, 275, 238, 383)"
2352869.jpg,sitting on,couch,286,318,86,179,girl,269,238,104,169,1,3,497,372,407,373,"(86, 372, 179, 497)","(104, 373, 169, 407)"
2349717.jpg,wearing,jacket,63,45,148,233,man,52,43,173,152,0,3,278,211,195,225,"(148, 211, 233, 278)","(173, 225, 152, 195)"
1159751.jpg,painted on,street,84,1012,285,4,arrow,21,133,299,473,0,3,1016,369,606,320,"(285, 369, 4, 1016)","(299, 320, 473, 606)"
2364564.jpg,sitting on,table,93,143,115,62,book,38,21,98,138,1,3,205,208,159,136,"(115, 208, 62, 205)","(98, 136, 138, 159)"
107912.jpg,standing on,dock,80,295,232,2,person,13,6,231,288,0,3,297,312,294,244,"(232, 312, 2, 297)","(231, 244, 288, 294)"
2345482.jpg,walking on,street,167,484,205,0,person,51,20,182,8,0,3,484,372,28,233,"(205, 372, 0, 484)","(182, 233, 8, 28)"
2407302.jpg,wearing,shirt,176,191,157,299,woman,285,317,47,175,0,3,490,333,492,332,"(157, 333, 299, 490)","(47, 332, 175, 492)"
2318746.jpg,sitting on,bench,225,499,1,0,man,264,175,1,159,1,3,499,226,334,265,"(1, 226, 0, 499)","(1, 265, 159, 334)"
2413149.jpg,wearing,gloves,32,29,332,41,person,316,195,49,39,0,3,70,364,234,365,"(332, 364, 41, 70)","(49, 365, 39, 234)"
2405385.jpg,wearing,tie,29,8,147,140,man,105,31,132,129,0,3,148,176,160,237,"(147, 176, 140, 148)","(132, 237, 129, 160)"
2354026.jpg,sitting on,table,84,84,118,376,papers,57,58,121,441,1,3,460,202,499,178,"(118, 202, 376, 460)","(121, 178, 441, 499)"
2379186.jpg,sitting on,stairs,100,78,197,8,woman,114,85,8,75,1,3,86,297,160,122,"(197, 297, 8, 86)","(8, 122, 75, 160)"
2386795.jpg,wearing,beanie,20,21,143,144,woman,160,62,144,124,0,3,165,163,186,304,"(143, 163, 144, 165)","(144, 304, 124, 186)"
2393624.jpg,sitting on,carpet,184,491,146,6,luggage,133,91,148,104,1,3,497,330,195,281,"(146, 330, 6, 497)","(148, 281, 104, 195)"
2365557.jpg,sitting on,chair,261,217,76,268,cat,51,55,173,376,1,3,485,337,431,224,"(76, 337, 268, 485)","(173, 224, 376, 431)"
2412182.jpg,sitting on,shelf,101,301,395,23,suitcase,200,179,289,147,1,3,324,496,326,489,"(395, 496, 23, 324)","(289, 489, 147, 326)"
2375282.jpg,eating,brush,189,487,185,11,elephant,151,336,136,30,0,3,498,374,366,287,"(185, 374, 11, 498)","(136, 287, 30, 366)"
2378133.jpg,sitting on,fence,172,375,156,120,bird,55,48,108,316,1,3,495,328,364,163,"(156, 328, 120, 495)","(108, 163, 316, 364)"
2355858.jpg,walking on,path,30,495,150,0,goat,33,38,132,124,0,3,495,180,162,165,"(150, 180, 0, 495)","(132, 165, 124, 162)"
1159420.jpg,wearing,suit,330,187,337,223,man,330,187,337,223,0,3,410,667,410,667,"(337, 667, 223, 410)","(337, 667, 223, 410)"
2346124.jpg,sitting on,table,89,62,89,307,lamp,92,65,4,278,1,3,369,178,343,96,"(89, 178, 307, 369)","(4, 96, 278, 343)"
2395837.jpg,sitting on,bench,50,60,263,32,couple,70,57,242,38,1,3,92,313,95,312,"(263, 313, 32, 92)","(242, 312, 38, 95)"
713301.jpg,wearing,blue,31,20,193,448,person,35,24,189,448,0,3,468,224,472,224,"(193, 224, 448, 468)","(189, 224, 448, 472)"
2315685.jpg,sitting on,bleachers,282,339,2,5,woman,121,68,119,171,1,3,344,284,239,240,"(2, 284, 5, 344)","(119, 240, 171, 239)"
2366034.jpg,using,computer,65,102,190,291,woman,235,157,138,342,0,3,393,255,499,373,"(190, 255, 291, 393)","(138, 373, 342, 499)"
2411953.jpg,playing,frisbee,16,27,187,300,girl,138,80,166,366,0,3,327,203,446,304,"(187, 203, 300, 327)","(166, 304, 366, 446)"
2411034.jpg,sitting on,beach,54,483,278,15,child,15,14,302,203,1,3,498,332,217,317,"(278, 332, 15, 498)","(302, 317, 203, 217)"
2375946.jpg,sitting on,bar,30,210,192,49,telephone,25,27,174,193,1,3,259,222,220,199,"(192, 222, 49, 259)","(174, 199, 193, 220)"
2370572.jpg,sitting on,rock,10,53,425,159,person,82,86,342,149,1,3,212,435,235,424,"(425, 435, 159, 212)","(342, 424, 149, 235)"
2393931.jpg,sitting on,couch,143,246,67,4,lady,177,124,29,195,1,3,250,210,319,206,"(67, 210, 4, 250)","(29, 206, 195, 319)"
2373805.jpg,sitting on,ground,14,15,140,358,people,24,64,82,289,1,3,373,154,353,106,"(140, 154, 358, 373)","(82, 106, 289, 353)"
2396847.jpg,sitting on,table,134,194,217,93,tv,180,233,42,83,1,3,287,351,316,222,"(217, 351, 93, 287)","(42, 222, 83, 316)"
2371408.jpg,wearing,shorts,79,91,417,183,man,236,120,263,155,0,3,274,496,275,499,"(417, 496, 183, 274)","(263, 499, 155, 275)"
713836.jpg,sitting on,wall,525,768,148,204,person,309,139,320,225,1,3,972,673,364,629,"(148, 673, 204, 972)","(320, 629, 225, 364)"
2359031.jpg,wearing,shirt,36,38,170,304,woman,100,42,157,305,0,3,342,206,347,257,"(170, 206, 304, 342)","(157, 257, 305, 347)"
2322482.jpg,sitting on,tractor,184,300,86,106,man,126,64,87,189,1,3,406,270,253,213,"(86, 270, 106, 406)","(87, 213, 189, 253)"
2399756.jpg,sitting on,plate,445,373,54,2,meat,131,119,328,237,1,3,375,499,356,459,"(54, 499, 2, 375)","(328, 459, 237, 356)"
2319649.jpg,hanging from,ceiling,46,206,0,81,banana,59,21,58,208,0,3,287,46,229,117,"(0, 46, 81, 287)","(58, 117, 208, 229)"
2338520.jpg,sitting on,bench,58,223,180,54,man,93,94,153,81,1,3,277,238,175,246,"(180, 238, 54, 277)","(153, 246, 81, 175)"
2359656.jpg,wearing,shirt,38,64,145,229,woman,80,73,108,225,0,3,293,183,298,188,"(145, 183, 229, 293)","(108, 188, 225, 298)"
2365541.jpg,wearing,vest,76,69,86,168,man,196,102,58,163,0,3,237,162,265,254,"(86, 162, 168, 237)","(58, 254, 163, 265)"
2361287.jpg,sitting on,table,125,298,375,0,baby,318,213,89,4,1,3,298,500,217,407,"(375, 500, 0, 298)","(89, 407, 4, 217)"
2398219.jpg,wearing,sock,17,20,418,187,woman,357,273,115,28,0,3,207,435,301,472,"(418, 435, 187, 207)","(115, 472, 28, 301)"
2358582.jpg,wearing,collar,49,28,62,169,cat,199,172,44,72,0,3,197,111,244,243,"(62, 111, 169, 197)","(44, 243, 72, 244)"
2371296.jpg,wearing,glasses,16,35,44,195,man,192,87,28,175,0,3,230,60,262,220,"(44, 60, 195, 230)","(28, 220, 175, 262)"
2355210.jpg,sitting on,ground,165,226,164,2,rocks,115,80,215,24,1,3,228,329,104,330,"(164, 329, 2, 228)","(215, 330, 24, 104)"
428.jpg,mounted on,car,129,244,215,370,tire,43,30,280,379,0,3,614,344,409,323,"(215, 344, 370, 614)","(280, 323, 379, 409)"
2343831.jpg,sitting on,counter,104,263,266,5,bowl,55,110,250,133,1,3,268,370,243,305,"(266, 370, 5, 268)","(250, 305, 133, 243)"
2397231.jpg,sitting on,shelves,146,94,6,404,books,58,45,77,452,1,3,498,152,497,135,"(6, 152, 404, 498)","(77, 135, 452, 497)"
2376991.jpg,sitting on,sidewalk,29,151,428,124,clock,36,30,150,237,1,3,275,457,267,186,"(428, 457, 124, 275)","(150, 186, 237, 267)"
2367959.jpg,painted on,floor,62,184,237,163,line,73,19,231,244,0,3,347,299,263,304,"(237, 299, 163, 347)","(231, 304, 244, 263)"
2393095.jpg,walking on,sidewalk,49,183,208,1,man,128,44,110,14,0,3,184,257,58,238,"(208, 257, 1, 184)","(110, 238, 14, 58)"
2387137.jpg,sitting on,boat,262,499,112,0,dog,101,121,273,228,1,3,499,374,349,374,"(112, 374, 0, 499)","(273, 374, 228, 349)"
2316366.jpg,sitting on,keyboard,40,54,259,291,parts,64,72,221,209,1,3,345,299,281,285,"(259, 299, 291, 345)","(221, 285, 209, 281)"
2405028.jpg,painted on,asphalt,51,222,322,0,line,51,211,323,1,0,3,222,373,212,374,"(322, 373, 0, 222)","(323, 374, 1, 212)"
2400094.jpg,wearing,jeans,102,98,230,261,girl,310,129,14,268,0,3,359,332,397,324,"(230, 332, 261, 359)","(14, 324, 268, 397)"
2385622.jpg,covering,walkway,77,230,184,1,snow,117,88,218,6,0,3,231,261,94,335,"(184, 261, 1, 231)","(218, 335, 6, 94)"
2400288.jpg,sitting on,counter,145,346,240,0,conditioner,20,11,249,225,1,3,346,385,236,269,"(240, 385, 0, 346)","(249, 269, 225, 236)"
2350081.jpg,sitting on,counter,34,218,186,281,bottle,27,10,166,365,1,3,499,220,375,193,"(186, 220, 281, 499)","(166, 193, 365, 375)"
2367293.jpg,sitting on,scooter,275,330,167,14,lady,388,213,42,127,1,3,344,442,340,430,"(167, 442, 14, 344)","(42, 430, 127, 340)"
2395265.jpg,riding,waves,62,490,216,6,person,25,33,179,199,0,3,496,278,232,204,"(216, 278, 6, 496)","(179, 204, 199, 232)"
2376973.jpg,covered in,snow,88,362,408,5,ground,112,373,386,2,0,3,367,496,375,498,"(408, 496, 5, 367)","(386, 498, 2, 375)"
2376217.jpg,wearing,coat,119,88,201,41,person,233,92,150,38,0,3,129,320,130,383,"(201, 320, 41, 129)","(150, 383, 38, 130)"
2323737.jpg,sitting on,couch,139,188,164,3,person,182,64,148,146,1,3,191,303,210,330,"(164, 303, 3, 191)","(148, 330, 146, 210)"
2347441.jpg,sitting on,bed,320,485,19,5,tray,298,420,20,78,1,3,490,339,498,318,"(19, 339, 5, 490)","(20, 318, 78, 498)"
2337908.jpg,sitting on,horse,301,325,188,86,child,462,315,28,142,1,3,411,489,457,490,"(188, 489, 86, 411)","(28, 490, 142, 457)"
1592337.jpg,carrying,bag,36,27,848,562,person,111,47,811,565,0,3,589,884,612,922,"(848, 884, 562, 589)","(811, 922, 565, 612)"
2410927.jpg,wearing,pants,118,56,161,259,man,280,142,20,240,0,3,315,279,382,300,"(161, 279, 259, 315)","(20, 300, 240, 382)"
2371858.jpg,sitting on,bench,53,300,157,75,girls,84,137,135,73,1,3,375,210,210,219,"(157, 210, 75, 375)","(135, 219, 73, 210)"
2388963.jpg,wearing,outfit,140,106,65,52,girl,307,161,15,49,0,3,158,205,210,322,"(65, 205, 52, 158)","(15, 322, 49, 210)"
2398023.jpg,sitting on,rug,212,288,278,60,bathtub,94,109,234,127,1,3,348,490,236,328,"(278, 490, 60, 348)","(234, 328, 127, 236)"
2397987.jpg,sitting on,wall,121,61,39,387,clock,34,27,75,398,1,3,448,160,425,109,"(39, 160, 387, 448)","(75, 109, 398, 425)"
2401629.jpg,sitting on,branch,64,330,311,2,bird,346,196,110,104,1,3,332,375,300,456,"(311, 375, 2, 332)","(110, 456, 104, 300)"
2320460.jpg,sitting on,shelf,21,36,126,338,book,58,9,79,337,1,3,374,147,346,137,"(126, 147, 338, 374)","(79, 137, 337, 346)"
2337996.jpg,standing on,ground,150,500,204,0,sheep,112,383,188,0,0,3,500,354,383,300,"(204, 354, 0, 500)","(188, 300, 0, 383)"
2378524.jpg,sitting on,counter,103,315,394,2,fruits,274,201,20,131,1,3,317,497,332,294,"(394, 497, 2, 317)","(20, 294, 131, 332)"
2363982.jpg,sitting on,ground,154,499,221,0,ski,28,202,335,120,1,3,499,375,322,363,"(221, 375, 0, 499)","(335, 363, 120, 322)"
1592501.jpg,wearing,glasses,22,67,465,252,lady,338,206,428,150,0,3,319,487,356,766,"(465, 487, 252, 319)","(428, 766, 150, 356)"
2382237.jpg,wearing,headgear,15,25,74,323,player,144,96,74,293,0,3,348,89,389,218,"(74, 89, 323, 348)","(74, 218, 293, 389)"
2358439.jpg,sitting on,table,291,500,77,0,knife,49,92,307,218,1,3,500,368,310,356,"(77, 368, 0, 500)","(307, 356, 218, 310)"
2323795.jpg,sitting on,desk,63,416,299,65,laptop,178,230,195,99,1,3,481,362,329,373,"(299, 362, 65, 481)","(195, 373, 99, 329)"
2345408.jpg,sitting on,stairs,44,320,255,3,people,30,32,269,5,1,3,323,299,37,299,"(255, 299, 3, 323)","(269, 299, 5, 37)"
2393283.jpg,sitting on,couch,131,193,369,1,man,152,150,347,69,1,3,194,500,219,499,"(369, 500, 1, 194)","(347, 499, 69, 219)"
2323698.jpg,wearing,shirt,102,116,35,108,boy,211,215,9,69,0,3,224,137,284,220,"(35, 137, 108, 224)","(9, 220, 69, 284)"
2320410.jpg,sitting on,pad,162,360,335,3,girl,167,166,308,52,1,3,363,497,218,475,"(335, 497, 3, 363)","(308, 475, 52, 218)"
2329999.jpg,covering,trees,52,100,17,392,snow,160,217,25,282,0,3,492,69,499,185,"(17, 69, 392, 492)","(25, 185, 282, 499)"
2327108.jpg,wearing,shoes,22,30,283,350,man,194,251,114,128,0,3,380,305,379,308,"(283, 305, 350, 380)","(114, 308, 128, 379)"
2355441.jpg,covered in,snow,54,485,342,5,ground,55,81,353,108,0,3,490,396,189,408,"(342, 396, 5, 490)","(353, 408, 108, 189)"
2378315.jpg,wearing,shirt,4,5,185,242,person,11,7,183,242,0,3,247,189,249,194,"(185, 189, 242, 247)","(183, 194, 242, 249)"
2347009.jpg,hanging from,handle,8,50,127,175,towel,34,46,130,177,0,3,225,135,223,164,"(127, 135, 175, 225)","(130, 164, 177, 223)"
2397109.jpg,wearing,backpack,24,11,297,237,woman,60,35,290,217,0,3,248,321,252,350,"(297, 321, 237, 248)","(290, 350, 217, 252)"
2337332.jpg,sitting on,bench,40,161,160,149,man,55,35,144,262,1,3,310,200,297,199,"(160, 200, 149, 310)","(144, 199, 262, 297)"
2325959.jpg,sitting on,table,123,487,250,12,plate,100,185,245,27,1,3,499,373,212,345,"(250, 373, 12, 499)","(245, 345, 27, 212)"
2322858.jpg,sitting on,neck,35,17,156,42,guide,45,22,136,38,1,3,59,191,60,181,"(156, 191, 42, 59)","(136, 181, 38, 60)"
2390684.jpg,sitting on,furniture,161,493,163,0,man,267,385,59,111,1,3,493,324,496,326,"(163, 324, 0, 493)","(59, 326, 111, 496)"
2345604.jpg,walking on,rocks,332,316,166,176,elephant,29,56,227,328,0,3,492,498,384,256,"(166, 498, 176, 492)","(227, 256, 328, 384)"
2334861.jpg,sitting on,table,91,162,301,146,candlestick,49,30,264,202,1,3,308,392,232,313,"(301, 392, 146, 308)","(264, 313, 202, 232)"
2369822.jpg,sitting on,bus,134,161,145,198,driver,27,20,183,231,1,3,359,279,251,210,"(145, 279, 198, 359)","(183, 210, 231, 251)"
2323487.jpg,walking on,sidewalk,85,147,288,273,person,47,25,288,356,0,3,420,373,381,335,"(288, 373, 273, 420)","(288, 335, 356, 381)"
2363993.jpg,wearing,hat,28,23,48,67,man,102,34,47,57,0,3,90,76,91,149,"(48, 76, 67, 90)","(47, 149, 57, 91)"
1592497.jpg,walking on,sidewalk,154,213,644,592,person,47,20,585,638,0,3,805,798,658,632,"(644, 798, 592, 805)","(585, 632, 638, 658)"
2391842.jpg,lying on,ground,125,422,179,75,frisbee,14,28,253,249,0,3,497,304,277,267,"(179, 304, 75, 497)","(253, 267, 249, 277)"
2347382.jpg,sitting on,bed,320,495,7,4,item,243,100,84,0,1,3,499,327,100,327,"(7, 327, 4, 499)","(84, 327, 0, 100)"
2398394.jpg,wearing,shirt,147,113,91,142,woman,296,230,32,21,0,3,255,238,251,328,"(91, 238, 142, 255)","(32, 328, 21, 251)"
2396987.jpg,playing,tennis,2,3,83,148,man,289,135,43,175,0,3,151,85,310,332,"(83, 85, 148, 151)","(43, 332, 175, 310)"
2398894.jpg,carrying,backpack,33,13,32,111,man,100,26,11,112,0,3,124,65,138,111,"(32, 65, 111, 124)","(11, 111, 112, 138)"
2383036.jpg,sitting on,bench,109,29,265,302,camera,158,50,341,282,1,3,331,374,332,499,"(265, 374, 302, 331)","(341, 499, 282, 332)"
2346159.jpg,sitting on,sand,326,497,1,2,object,12,29,124,97,1,3,499,327,126,136,"(1, 327, 2, 499)","(124, 136, 97, 126)"
2400627.jpg,sitting on,couch,192,241,183,259,woman,139,158,178,261,1,3,500,375,419,317,"(183, 375, 259, 500)","(178, 317, 261, 419)"
2354365.jpg,sitting on,bed,224,483,44,1,book,120,129,74,339,1,3,484,268,468,194,"(44, 268, 1, 484)","(74, 194, 339, 468)"
2383534.jpg,wearing,shirt,144,80,36,1,girl,255,158,4,0,0,3,81,180,158,259,"(36, 180, 1, 81)","(4, 259, 0, 158)"
2321166.jpg,sitting on,floor,107,497,267,1,doll,60,59,243,351,1,3,498,374,410,303,"(267, 374, 1, 498)","(243, 303, 351, 410)"
2387545.jpg,watching,elephants,129,380,102,25,elephant,96,108,123,273,0,3,405,231,381,219,"(102, 231, 25, 405)","(123, 219, 273, 381)"
2388132.jpg,riding,horse,125,91,134,178,man,163,87,97,182,0,3,269,259,269,260,"(134, 259, 178, 269)","(97, 260, 182, 269)"
2395171.jpg,flying in,air,249,494,40,4,frisbee,17,32,103,289,0,3,498,289,321,120,"(40, 289, 4, 498)","(103, 120, 289, 321)"
2398103.jpg,riding,elephants,167,301,143,9,people,90,177,103,105,0,3,310,310,282,193,"(143, 310, 9, 310)","(103, 193, 105, 282)"
2359695.jpg,walking on,street,122,500,250,0,people,77,118,194,75,0,3,500,372,193,271,"(250, 372, 0, 500)","(194, 271, 75, 193)"
2398634.jpg,sitting on,carpet,95,390,279,104,suitcase,61,105,225,187,1,3,494,374,292,286,"(279, 374, 104, 494)","(225, 286, 187, 292)"
2356981.jpg,wearing,glasses,14,25,159,199,girl,93,40,135,202,0,3,224,173,242,228,"(159, 173, 199, 224)","(135, 228, 202, 242)"
2387790.jpg,wearing,pants,182,206,232,156,batter,343,264,91,121,0,3,362,414,385,434,"(232, 414, 156, 362)","(91, 434, 121, 385)"
2377609.jpg,wearing,hat,12,14,205,290,boy,74,35,205,280,0,3,304,217,315,279,"(205, 217, 290, 304)","(205, 279, 280, 315)"
2334627.jpg,sitting on,chair,213,197,26,161,clock,127,100,64,186,1,3,358,239,286,191,"(26, 239, 161, 358)","(64, 191, 186, 286)"
2371285.jpg,sitting on,floor,78,99,161,36,cat,180,184,27,110,1,3,135,239,294,207,"(161, 239, 36, 135)","(27, 207, 110, 294)"
2399537.jpg,sitting on,grass,313,499,43,0,person,38,29,58,192,1,3,499,356,221,96,"(43, 356, 0, 499)","(58, 96, 192, 221)"
2401375.jpg,standing on,surfboard,8,27,137,182,person,42,31,101,178,0,3,209,145,209,143,"(137, 145, 182, 209)","(101, 143, 178, 209)"
2381168.jpg,standing on,platform,175,214,157,2,man,148,45,114,100,0,3,216,332,145,262,"(157, 332, 2, 216)","(114, 262, 100, 145)"
2326121.jpg,wearing,jeans,114,86,282,172,man,280,178,116,124,0,3,258,396,302,396,"(282, 396, 172, 258)","(116, 396, 124, 302)"
2342799.jpg,sitting on,shelf,21,163,147,67,apple,17,7,144,142,1,3,230,168,149,161,"(147, 168, 67, 230)","(144, 161, 142, 149)"
2369797.jpg,sitting on,shelf,113,230,354,62,book,105,15,367,63,1,3,292,467,78,472,"(354, 467, 62, 292)","(367, 472, 63, 78)"
2341938.jpg,sitting on,table,368,494,4,4,candle,22,32,27,268,1,3,498,372,300,49,"(4, 372, 4, 498)","(27, 49, 268, 300)"
2363036.jpg,wearing,shirt,230,180,99,233,guy,318,172,12,241,0,3,413,329,413,330,"(99, 329, 233, 413)","(12, 330, 241, 413)"
2349747.jpg,sitting on,platform,122,349,141,49,man,167,120,118,143,1,3,398,263,263,285,"(141, 263, 49, 398)","(118, 285, 143, 263)"
2345353.jpg,sitting on,elephant,196,225,62,274,person,74,74,12,368,1,3,499,258,442,86,"(62, 258, 274, 499)","(12, 86, 368, 442)"
2352969.jpg,hanging from,ceiling,77,495,1,0,light,12,10,164,323,0,3,495,78,333,176,"(1, 78, 0, 495)","(164, 176, 323, 333)"
2385198.jpg,sitting on,desk,238,463,136,33,mouse,23,29,164,291,1,3,496,374,320,187,"(136, 374, 33, 496)","(164, 187, 291, 320)"
2349737.jpg,wearing,shoes,55,55,225,284,man,211,262,69,77,0,3,339,280,339,280,"(225, 280, 284, 339)","(69, 280, 77, 339)"
2400930.jpg,sitting on,bench,235,257,0,243,boy,251,213,35,269,1,3,500,235,482,286,"(0, 235, 243, 500)","(35, 286, 269, 482)"
2396603.jpg,sitting on,beach,95,229,143,4,boat,212,59,0,45,1,3,233,238,104,212,"(143, 238, 4, 233)","(0, 212, 45, 104)"
713125.jpg,sitting on,bench,305,390,389,369,couple,472,376,251,302,1,3,759,694,678,723,"(389, 694, 369, 759)","(251, 723, 302, 678)"
2349410.jpg,sitting on,bleachers,87,450,89,48,people,22,15,119,451,1,3,498,176,466,141,"(89, 176, 48, 498)","(119, 141, 451, 466)"
2396431.jpg,walking on,sidewalk,35,42,180,118,lady,123,57,158,64,0,3,160,215,121,281,"(180, 215, 118, 160)","(158, 281, 64, 121)"
1592946.jpg,wearing,shirt,30,23,441,997,person,115,32,415,990,0,3,1020,471,1022,530,"(441, 471, 997, 1020)","(415, 530, 990, 1022)"
2371986.jpg,sitting on,grass,32,212,99,2,people,19,46,95,141,1,3,214,131,187,114,"(99, 131, 2, 214)","(95, 114, 141, 187)"
2329505.jpg,sitting on,subway,322,494,3,3,man,278,210,25,137,1,3,497,325,347,303,"(3, 325, 3, 497)","(25, 303, 137, 347)"
2381788.jpg,wearing,jeans,104,95,220,368,man,239,152,115,347,0,3,463,324,499,354,"(220, 324, 368, 463)","(115, 354, 347, 499)"
2410135.jpg,wearing,leggings,19,12,195,319,woman,35,16,177,315,0,3,331,214,331,212,"(195, 214, 319, 331)","(177, 212, 315, 331)"
2326796.jpg,sitting on,bench,26,80,254,361,gentleman,40,20,235,403,1,3,441,280,423,275,"(254, 280, 361, 441)","(235, 275, 403, 423)"
2414351.jpg,watching,skateboarder,198,122,120,213,people,24,64,343,191,0,3,335,318,255,367,"(120, 318, 213, 335)","(343, 367, 191, 255)"
2363077.jpg,sitting on,bed,159,304,133,22,backpack,68,67,164,36,1,3,326,292,103,232,"(133, 292, 22, 326)","(164, 232, 36, 103)"
2337465.jpg,sitting on,table,101,117,54,1,camera,65,38,47,25,1,3,118,155,63,112,"(54, 155, 1, 118)","(47, 112, 25, 63)"
2321128.jpg,mounted on,pole,86,9,259,133,sign,30,30,255,135,0,3,142,345,165,285,"(259, 345, 133, 142)","(255, 285, 135, 165)"
2337399.jpg,sitting on,desk,251,492,121,3,box,90,93,169,10,1,3,495,372,103,259,"(121, 372, 3, 495)","(169, 259, 10, 103)"
2315613.jpg,wearing,shorts,64,118,355,103,woman,336,142,87,76,0,3,221,419,218,423,"(355, 419, 103, 221)","(87, 423, 76, 218)"
2324731.jpg,sitting on,counter,58,284,146,1,bottle,66,18,122,4,1,3,285,204,22,188,"(146, 204, 1, 285)","(122, 188, 4, 22)"
2358808.jpg,wearing,sunglasses,10,33,225,304,man,103,52,231,59,0,3,337,235,111,334,"(225, 235, 304, 337)","(231, 334, 59, 111)"
713191.jpg,wearing,shirt,368,276,169,99,man,350,260,168,132,0,3,375,537,392,518,"(169, 537, 99, 375)","(168, 518, 132, 392)"
2339175.jpg,riding,elephant,196,154,165,249,people,108,60,132,288,0,3,403,361,348,240,"(165, 361, 249, 403)","(132, 240, 288, 348)"
2414728.jpg,sitting on,step,58,238,274,198,man,121,97,175,336,1,3,436,332,433,296,"(274, 332, 198, 436)","(175, 296, 336, 433)"
2369797.jpg,sitting on,shelf,40,211,458,66,book,81,20,382,189,1,3,277,498,209,463,"(458, 498, 66, 277)","(382, 463, 189, 209)"
2382661.jpg,wearing,pants,183,193,226,101,batter,330,237,99,73,0,3,294,409,310,429,"(226, 409, 101, 294)","(99, 429, 73, 310)"
2393518.jpg,wearing,glasses,8,17,57,436,man,218,60,40,424,0,3,453,65,484,258,"(57, 65, 436, 453)","(40, 258, 424, 484)"
2361781.jpg,sitting on,horse,237,470,136,8,man,362,156,11,171,1,3,478,373,327,373,"(136, 373, 8, 478)","(11, 373, 171, 327)"
2386242.jpg,standing on,step,166,365,324,10,man,132,65,32,160,0,3,375,490,225,164,"(324, 490, 10, 375)","(32, 164, 160, 225)"
2364895.jpg,sitting on,skateboard,87,114,335,237,man,336,332,53,19,1,3,351,422,351,389,"(335, 422, 237, 351)","(53, 389, 19, 351)"
2390619.jpg,sitting on,bike,189,119,118,97,person,189,153,47,116,1,3,216,307,269,236,"(118, 307, 97, 216)","(47, 236, 116, 269)"
2323172.jpg,sitting on,sofa,292,333,205,0,woman,355,321,109,8,1,3,333,497,329,464,"(205, 497, 0, 333)","(109, 464, 8, 329)"
2395397.jpg,sitting on,desk,215,325,75,165,books,56,123,223,170,1,3,490,290,293,279,"(75, 290, 165, 490)","(223, 279, 170, 293)"
2370708.jpg,standing on,rock,24,496,199,4,person,77,31,129,254,0,3,500,223,285,206,"(199, 223, 4, 500)","(129, 206, 254, 285)"
2368085.jpg,wearing,visors,2,6,6,133,spectators,19,11,32,218,0,3,139,8,229,51,"(6, 8, 133, 139)","(32, 51, 218, 229)"
2374102.jpg,sitting on,table,46,149,415,32,plate,88,115,150,170,1,3,181,461,285,238,"(415, 461, 32, 181)","(150, 238, 170, 285)"
2320049.jpg,eating,grass,68,90,263,75,zebra,253,377,81,55,0,3,165,331,432,334,"(263, 331, 75, 165)","(81, 334, 55, 432)"
2380265.jpg,sitting on,ground,158,240,174,258,woman,72,77,260,270,1,3,498,332,347,332,"(174, 332, 258, 498)","(260, 332, 270, 347)"
3183.jpg,walking on,street,206,609,388,0,woman,171,84,397,23,0,3,609,594,107,568,"(388, 594, 0, 609)","(397, 568, 23, 107)"
2329748.jpg,sitting on,sill,7,79,183,288,vase,36,14,156,347,1,3,367,190,361,192,"(183, 190, 288, 367)","(156, 192, 347, 361)"
2398495.jpg,sitting on,couch,190,286,81,146,woman,211,97,74,294,1,3,432,271,391,285,"(81, 271, 146, 432)","(74, 285, 294, 391)"
2386584.jpg,sitting on,grass,317,495,5,3,bird,19,22,61,304,1,3,498,322,326,80,"(5, 322, 3, 498)","(61, 80, 304, 326)"
2369159.jpg,standing on,snowboard,30,199,249,98,person,191,125,76,109,0,3,297,279,234,267,"(249, 279, 98, 297)","(76, 267, 109, 234)"
2410042.jpg,wearing,shirt,199,201,81,47,man,272,292,9,54,0,3,248,280,346,281,"(81, 280, 47, 248)","(9, 281, 54, 346)"
2382200.jpg,wearing,hat,46,87,91,163,man,155,146,86,126,0,3,250,137,272,241,"(91, 137, 163, 250)","(86, 241, 126, 272)"
2339489.jpg,sitting on,trolley,111,192,131,36,child,35,31,111,83,1,3,228,242,114,146,"(131, 242, 36, 228)","(111, 146, 83, 114)"
2321662.jpg,carrying,belongings,44,31,177,304,woman,42,29,136,309,0,3,335,221,338,178,"(177, 221, 304, 335)","(136, 178, 309, 338)"
2372327.jpg,wearing,suit,116,133,83,85,person,167,167,59,69,0,3,218,199,236,226,"(83, 199, 85, 218)","(59, 226, 69, 236)"
2362277.jpg,playing,frisbee,27,45,116,135,man,254,168,44,266,0,3,180,143,434,298,"(116, 143, 135, 180)","(44, 298, 266, 434)"
2415394.jpg,covering,ground,84,136,231,282,grass,50,124,242,213,0,3,418,315,337,292,"(231, 315, 282, 418)","(242, 292, 213, 337)"
2364738.jpg,wearing,jeans,60,88,171,211,man,97,124,55,214,0,3,299,231,338,152,"(171, 231, 211, 299)","(55, 152, 214, 338)"
2330093.jpg,sitting on,loveseat,130,237,244,0,blanket,129,211,245,54,1,3,237,374,265,374,"(244, 374, 0, 237)","(245, 374, 54, 265)"
2348276.jpg,wearing,jersey,94,94,181,155,man,340,183,125,107,0,3,249,275,290,465,"(181, 275, 155, 249)","(125, 465, 107, 290)"
1159782.jpg,sitting on,chair,219,169,273,165,woman,469,175,29,145,1,3,334,492,320,498,"(273, 492, 165, 334)","(29, 498, 145, 320)"
2324726.jpg,playing,trumpet,28,12,266,173,man,47,30,256,166,0,3,185,294,196,303,"(266, 294, 173, 185)","(256, 303, 166, 196)"
2341935.jpg,hanging from,ceiling,39,95,1,404,leaves,122,89,7,364,0,3,499,40,453,129,"(1, 40, 404, 499)","(7, 129, 364, 453)"
2353412.jpg,sitting on,desk,190,221,180,0,dvd,11,47,164,182,1,3,221,370,229,175,"(180, 370, 0, 221)","(164, 175, 182, 229)"
2396963.jpg,carrying,surfboard,38,38,161,285,person,71,32,149,287,0,3,323,199,319,220,"(161, 199, 285, 323)","(149, 220, 287, 319)"
2370808.jpg,sitting on,bookcase,154,87,20,57,books,25,40,36,91,1,3,144,174,131,61,"(20, 174, 57, 144)","(36, 61, 91, 131)"
2413257.jpg,growing on,foliage,104,94,227,0,flower,6,9,267,78,0,3,94,331,87,273,"(227, 331, 0, 94)","(267, 273, 78, 87)"
2377442.jpg,covered in,snow,81,197,250,0,ground,76,197,255,0,0,3,197,331,197,331,"(250, 331, 0, 197)","(255, 331, 0, 197)"
2340812.jpg,eating,grass,30,88,200,366,zebra,129,228,90,218,0,3,454,230,446,219,"(200, 230, 366, 454)","(90, 219, 218, 446)"
341.jpg,wearing,pants,54,26,393,176,woman,104,39,351,176,0,3,202,447,215,455,"(393, 447, 176, 202)","(351, 455, 176, 215)"
2376016.jpg,sitting on,fabric,82,226,211,120,cat,127,82,127,227,1,3,346,293,309,254,"(211, 293, 120, 346)","(127, 254, 227, 309)"
2334320.jpg,sitting on,rock,108,458,248,40,bird,217,65,47,198,1,3,498,356,263,264,"(248, 356, 40, 498)","(47, 264, 198, 263)"
2367952.jpg,riding,horse,125,102,192,65,girl,132,77,118,73,0,3,167,317,150,250,"(192, 317, 65, 167)","(118, 250, 73, 150)"
2382380.jpg,wearing,shoe,37,51,367,137,boy,279,197,121,140,0,3,188,404,337,400,"(367, 404, 137, 188)","(121, 400, 140, 337)"
2401663.jpg,sitting on,shelf,152,139,173,234,book,43,20,263,310,1,3,373,325,330,306,"(173, 325, 234, 373)","(263, 306, 310, 330)"
2406413.jpg,covered in,grass,96,121,168,36,landscape,301,432,30,3,0,3,157,264,435,331,"(168, 264, 36, 157)","(30, 331, 3, 435)"
2384926.jpg,wearing,pants,34,112,465,143,man,481,305,19,68,0,3,255,499,373,500,"(465, 499, 143, 255)","(19, 500, 68, 373)"
2405611.jpg,sitting on,saucer,73,237,118,32,cup,109,181,48,43,1,3,269,191,224,157,"(118, 191, 32, 269)","(48, 157, 43, 224)"
2399024.jpg,wearing,blue,22,38,118,3,man,37,41,107,1,0,3,41,140,42,144,"(118, 140, 3, 41)","(107, 144, 1, 42)"
2387150.jpg,sitting on,wall,293,497,206,2,boy,308,119,109,32,1,3,499,499,151,417,"(206, 499, 2, 499)","(109, 417, 32, 151)"
2335606.jpg,sitting on,bench,252,424,203,61,woman,135,123,168,106,1,3,485,455,229,303,"(203, 455, 61, 485)","(168, 303, 106, 229)"
2356030.jpg,wearing,shirt,24,26,195,156,woman,73,29,184,157,0,3,182,219,186,257,"(195, 219, 156, 182)","(184, 257, 157, 186)"
2414952.jpg,playing,tennis,141,499,191,0,adult,104,34,150,450,0,3,499,332,484,254,"(191, 332, 0, 499)","(150, 254, 450, 484)"
2370049.jpg,wearing,shorts,39,56,126,403,coach,233,94,16,388,0,3,459,165,482,249,"(126, 165, 403, 459)","(16, 249, 388, 482)"
2369512.jpg,wearing,vest,24,20,230,243,man,86,56,208,228,0,3,263,254,284,294,"(230, 254, 243, 263)","(208, 294, 228, 284)"
2325549.jpg,wearing,shoes,15,27,221,128,woman,146,108,90,375,0,3,155,236,483,236,"(221, 236, 128, 155)","(90, 236, 375, 483)"
2375787.jpg,sitting on,ground,129,500,195,0,man,85,70,159,409,1,3,500,324,479,244,"(195, 324, 0, 500)","(159, 244, 409, 479)"
2403542.jpg,sitting on,floor,126,101,115,1,luggage,62,35,54,67,1,3,102,241,102,116,"(115, 241, 1, 102)","(54, 116, 67, 102)"
2325250.jpg,wearing,jeans,73,77,288,218,man,230,226,140,221,0,3,295,361,447,370,"(288, 361, 218, 295)","(140, 370, 221, 447)"
2406856.jpg,wearing,shoes,14,37,306,141,man,195,26,127,152,0,3,178,320,178,322,"(306, 320, 141, 178)","(127, 322, 152, 178)"
2381255.jpg,sitting on,counter,84,332,240,168,bowl,40,70,224,416,1,3,500,324,486,264,"(240, 324, 168, 500)","(224, 264, 416, 486)"
2344374.jpg,walking on,sidewalk,172,393,139,9,person,177,125,134,55,0,3,402,311,180,311,"(139, 311, 9, 402)","(134, 311, 55, 180)"
1502.jpg,wearing,shoe,34,45,523,546,man,420,126,138,494,0,3,591,557,620,558,"(523, 557, 546, 591)","(138, 558, 494, 620)"
2410776.jpg,wearing,shoe,35,21,277,274,man,210,155,94,259,0,3,295,312,414,304,"(277, 312, 274, 295)","(94, 304, 259, 414)"
2413320.jpg,wearing,vest,16,23,221,244,man,64,14,207,244,0,3,267,237,258,271,"(221, 237, 244, 267)","(207, 271, 244, 258)"
2397030.jpg,sitting on,tower,375,231,45,72,birds,11,126,324,88,1,3,303,420,214,335,"(45, 420, 72, 303)","(324, 335, 88, 214)"
2358821.jpg,wearing,jacket,17,51,88,143,figure,64,53,300,38,0,3,194,105,91,364,"(88, 105, 143, 194)","(300, 364, 38, 91)"
2409731.jpg,wearing,shorts,19,24,63,19,man,49,15,40,19,0,3,43,82,34,89,"(63, 82, 19, 43)","(40, 89, 19, 34)"
2401262.jpg,lying on,grass,9,181,317,214,people,36,364,294,134,0,3,395,326,498,330,"(317, 326, 214, 395)","(294, 330, 134, 498)"
2325501.jpg,sitting on,motorcycle,251,381,71,68,man,178,105,40,96,1,3,449,322,201,218,"(71, 322, 68, 449)","(40, 218, 96, 201)"
2365715.jpg,wearing,band,12,34,46,68,man,357,177,28,46,0,3,102,58,223,385,"(46, 58, 68, 102)","(28, 385, 46, 223)"
2340615.jpg,sitting on,desk,196,458,178,2,monitor,282,229,3,44,1,3,460,374,273,285,"(178, 374, 2, 460)","(3, 285, 44, 273)"
2363076.jpg,sitting on,ottoman,150,357,224,59,man,152,100,122,214,1,3,416,374,314,274,"(224, 374, 59, 416)","(122, 274, 214, 314)"
2384423.jpg,wearing,pants,123,136,252,106,girl,279,161,85,81,0,3,242,375,242,364,"(252, 375, 106, 242)","(85, 364, 81, 242)"
2385850.jpg,covering,sidewalk,138,483,234,1,brick,12,45,309,15,0,3,484,372,60,321,"(234, 372, 1, 484)","(309, 321, 15, 60)"
2407184.jpg,sitting on,plate,308,491,21,7,noodles,301,486,30,3,1,3,498,329,489,331,"(21, 329, 7, 498)","(30, 331, 3, 489)"
2398817.jpg,sitting on,rock,79,95,165,166,hikers,42,66,143,215,1,3,261,244,281,185,"(165, 244, 166, 261)","(143, 185, 215, 281)"
2371791.jpg,sitting on,chair,35,85,131,127,boy,71,104,107,123,1,3,212,166,227,178,"(131, 166, 127, 212)","(107, 178, 123, 227)"
2398664.jpg,wearing,eyeglasses,20,27,49,119,man,305,347,18,50,0,3,146,69,397,323,"(49, 69, 119, 146)","(18, 323, 50, 397)"
2355116.jpg,flying in,sky,187,492,2,2,bird,8,10,134,301,0,3,494,189,311,142,"(2, 189, 2, 494)","(134, 142, 301, 311)"
2365010.jpg,sitting on,shoulder,41,49,224,123,pigeon,55,29,184,129,1,3,172,265,158,239,"(224, 265, 123, 172)","(184, 239, 129, 158)"
2354416.jpg,wearing,coat,39,57,177,133,girl,144,75,142,124,0,3,190,216,199,286,"(177, 216, 133, 190)","(142, 286, 124, 199)"
2416628.jpg,sitting on,bench,211,291,104,98,girl,261,160,17,182,1,3,389,315,342,278,"(104, 315, 98, 389)","(17, 278, 182, 342)"
2319042.jpg,sitting on,step,28,40,238,401,person,53,36,210,407,1,3,441,266,443,263,"(238, 266, 401, 441)","(210, 263, 407, 443)"
2384820.jpg,sitting on,desk,116,131,145,126,monitor,46,25,131,168,1,3,257,261,193,177,"(145, 261, 126, 257)","(131, 177, 168, 193)"
2380982.jpg,sitting on,table,473,471,14,14,bowl,84,91,127,16,1,3,485,487,107,211,"(14, 487, 14, 485)","(127, 211, 16, 107)"
2342152.jpg,wearing,pants,80,123,419,168,woman,318,184,181,148,0,3,291,499,332,499,"(419, 499, 168, 291)","(181, 499, 148, 332)"
2390769.jpg,sitting on,hill,187,277,143,2,person,24,22,240,20,1,3,279,330,42,264,"(143, 330, 2, 279)","(240, 264, 20, 42)"
2403360.jpg,sitting on,hill,48,422,178,1,lighthouse,44,19,185,93,1,3,423,226,112,229,"(178, 226, 1, 423)","(185, 229, 93, 112)"
2359706.jpg,painted on,sign,39,55,44,196,number,14,8,47,220,0,3,251,83,228,61,"(44, 83, 196, 251)","(47, 61, 220, 228)"
2347793.jpg,sitting on,bike,165,95,145,393,person,36,17,121,112,1,3,488,310,129,157,"(145, 310, 393, 488)","(121, 157, 112, 129)"
2366184.jpg,wearing,necklace,25,42,125,195,woman,213,161,21,142,0,3,237,150,303,234,"(125, 150, 195, 237)","(21, 234, 142, 303)"
2380614.jpg,sitting on,plate,246,303,116,7,donut,114,136,221,25,1,3,310,362,161,335,"(116, 362, 7, 310)","(221, 335, 25, 161)"
2324747.jpg,sitting on,lid,270,422,82,13,apple,77,87,156,80,1,3,435,352,167,233,"(82, 352, 13, 435)","(156, 233, 80, 167)"
2385356.jpg,sitting on,plate,224,344,60,81,cake,208,252,32,117,1,3,425,284,369,240,"(60, 284, 81, 425)","(32, 240, 117, 369)"
4106.jpg,sitting on,bookshelf,22,151,119,103,book,30,24,102,114,1,3,254,141,138,132,"(119, 141, 103, 254)","(102, 132, 114, 138)"
2368454.jpg,lying on,sand,195,497,177,0,cow,35,39,195,268,0,3,497,372,307,230,"(177, 372, 0, 497)","(195, 230, 268, 307)"
1948.jpg,walking on,beach,304,634,171,0,people,62,132,174,446,0,3,634,475,578,236,"(171, 475, 0, 634)","(174, 236, 446, 578)"
2376099.jpg,wearing,shoe,17,17,204,261,girl,91,84,129,235,0,3,278,221,319,220,"(204, 221, 261, 278)","(129, 220, 235, 319)"
2380005.jpg,playing,frisbee,21,41,85,170,people,396,208,85,76,0,3,211,106,284,481,"(85, 106, 170, 211)","(85, 481, 76, 284)"
2411476.jpg,wearing,shirt,200,138,169,361,man,259,137,115,361,0,3,499,369,498,374,"(169, 369, 361, 499)","(115, 374, 361, 498)"
713472.jpg,sitting on,couch,244,327,426,87,pillow,73,95,445,319,1,3,414,670,414,518,"(426, 670, 87, 414)","(445, 518, 319, 414)"
2416528.jpg,sitting on,sand,70,122,176,174,people,17,52,191,202,1,3,296,246,254,208,"(176, 246, 174, 296)","(191, 208, 202, 254)"
2360765.jpg,sitting on,couch,178,288,101,0,man,166,76,99,107,1,3,288,279,183,265,"(101, 279, 0, 288)","(99, 265, 107, 183)"
2355878.jpg,wearing,grey,37,31,229,315,woman,86,34,215,315,0,3,346,266,349,301,"(229, 266, 315, 346)","(215, 301, 315, 349)"
61562.jpg,lying on,floor,202,307,158,715,paper,42,88,157,776,0,3,1022,360,864,199,"(158, 360, 715, 1022)","(157, 199, 776, 864)"
2408327.jpg,wearing,shirt,203,140,68,46,man,318,148,14,47,0,3,186,271,195,332,"(68, 271, 46, 186)","(14, 332, 47, 195)"
2399397.jpg,watching,plane,139,481,144,2,man,108,41,207,329,0,3,483,283,370,315,"(144, 283, 2, 483)","(207, 315, 329, 370)"
2353396.jpg,sitting on,cloth,130,198,185,25,toys,157,287,100,199,1,3,223,315,486,257,"(185, 315, 25, 223)","(100, 257, 199, 486)"
2347559.jpg,standing on,court,305,483,23,1,stand,39,76,35,139,0,3,484,328,215,74,"(23, 328, 1, 484)","(35, 74, 139, 215)"
2398958.jpg,hanging from,tree,263,95,4,83,branches,277,136,23,57,0,3,178,267,193,300,"(4, 267, 83, 178)","(23, 300, 57, 193)"
2410340.jpg,wearing,sweater,176,281,30,79,man,240,391,9,42,0,3,360,206,433,249,"(30, 206, 79, 360)","(9, 249, 42, 433)"
2399492.jpg,standing on,bench,124,499,145,1,dog,146,115,106,380,0,3,500,269,495,252,"(145, 269, 1, 500)","(106, 252, 380, 495)"
2412510.jpg,sitting on,branch,374,243,1,159,bird,128,98,139,190,1,3,402,375,288,267,"(1, 375, 159, 402)","(139, 267, 190, 288)"
2330209.jpg,wearing,shirt,121,93,141,56,man,239,130,96,45,0,3,149,262,175,335,"(141, 262, 56, 149)","(96, 335, 45, 175)"
2375022.jpg,sitting on,floor,98,360,271,6,baskets,70,48,287,87,1,3,366,369,135,357,"(271, 369, 6, 366)","(287, 357, 87, 135)"
2383332.jpg,covering,dirt,213,482,117,1,grass,104,481,117,2,0,3,483,330,483,221,"(117, 330, 1, 483)","(117, 221, 2, 483)"
2417868.jpg,sitting on,desk,347,464,11,35,cup,194,185,65,217,1,3,499,358,402,259,"(11, 358, 35, 499)","(65, 259, 217, 402)"
2363116.jpg,playing,background,311,319,2,4,man,118,60,109,244,0,3,323,313,304,227,"(2, 313, 4, 323)","(109, 227, 244, 304)"
4918.jpg,sitting on,bed,64,70,117,242,pillow,10,16,138,295,1,3,312,181,311,148,"(117, 181, 242, 312)","(138, 148, 295, 311)"
637.jpg,carrying,folder,99,57,287,289,woman,433,118,166,302,0,3,346,386,420,599,"(287, 386, 289, 346)","(166, 599, 302, 420)"
2351169.jpg,sitting on,bench,120,145,130,255,man,174,80,64,254,1,3,400,250,334,238,"(130, 250, 255, 400)","(64, 238, 254, 334)"
2365713.jpg,wearing,shorts,36,33,218,152,man,61,38,189,254,0,3,185,254,292,250,"(218, 254, 152, 185)","(189, 250, 254, 292)"
2360617.jpg,sitting on,grass,71,115,152,111,mother,75,50,117,17,1,3,226,223,67,192,"(152, 223, 111, 226)","(117, 192, 17, 67)"
498019.jpg,sitting on,couch,576,927,250,247,person,643,883,253,199,1,3,1174,826,1082,896,"(250, 826, 247, 1174)","(253, 896, 199, 1082)"
2404284.jpg,wearing,suit,152,268,159,173,man,280,240,25,181,0,3,441,311,421,305,"(159, 311, 173, 441)","(25, 305, 181, 421)"
2410858.jpg,wearing,shirt,109,105,58,195,person,262,178,18,128,0,3,300,167,306,280,"(58, 167, 195, 300)","(18, 280, 128, 306)"
2335416.jpg,sitting on,shelf,340,213,157,4,box,119,61,250,93,1,3,217,497,154,369,"(157, 497, 4, 217)","(250, 369, 93, 154)"
2407518.jpg,playing,tennis,103,80,42,302,man,184,108,171,265,0,3,382,145,373,355,"(42, 145, 302, 382)","(171, 355, 265, 373)"
2346024.jpg,wearing,skirt,96,118,320,5,woman,326,147,89,3,0,3,123,416,150,415,"(320, 416, 5, 123)","(89, 415, 3, 150)"
2316140.jpg,wearing,hat,188,216,50,127,girl,446,355,46,29,0,3,343,238,384,492,"(50, 238, 127, 343)","(46, 492, 29, 384)"
2322130.jpg,sitting on,pillow,227,363,133,0,kid,351,185,9,112,1,3,363,360,297,360,"(133, 360, 0, 363)","(9, 360, 112, 297)"
2408106.jpg,wearing,glove,35,56,188,226,boy,193,215,87,139,0,3,282,223,354,280,"(188, 223, 226, 282)","(87, 280, 139, 354)"
2372080.jpg,sitting on,bench,142,193,200,136,backpack,99,89,219,239,1,3,329,342,328,318,"(200, 342, 136, 329)","(219, 318, 239, 328)"
1041.jpg,wearing,shirt,81,72,8,668,woman,225,59,5,664,0,3,740,89,723,230,"(8, 89, 668, 740)","(5, 230, 664, 723)"
2381802.jpg,wearing,glasses,31,89,92,220,man,291,281,41,140,0,3,309,123,421,332,"(92, 123, 220, 309)","(41, 332, 140, 421)"
2386369.jpg,sitting on,steps,66,53,182,212,man,51,28,70,323,1,3,265,248,351,121,"(182, 248, 212, 265)","(70, 121, 323, 351)"
2380543.jpg,sitting on,grass,204,358,2,141,girl,80,90,1,204,1,3,499,206,294,81,"(2, 206, 141, 499)","(1, 81, 204, 294)"
2324699.jpg,wearing,mit,26,29,272,219,man,107,95,227,226,0,3,248,298,321,334,"(272, 298, 219, 248)","(227, 334, 226, 321)"
2357467.jpg,sitting on,bed,119,498,214,1,girl,210,187,124,224,1,3,499,333,411,334,"(214, 333, 1, 499)","(124, 334, 224, 411)"
713254.jpg,covered in,scrub,61,186,73,609,hills,134,1007,18,11,0,3,795,134,1018,152,"(73, 134, 609, 795)","(18, 152, 11, 1018)"
2345372.jpg,wearing,mask,44,44,132,36,man,159,150,132,5,0,3,80,176,155,291,"(132, 176, 36, 80)","(132, 291, 5, 155)"
2330002.jpg,sitting on,desk,240,498,134,1,monitor,189,253,0,11,1,3,499,374,264,189,"(134, 374, 1, 499)","(0, 189, 11, 264)"
2409824.jpg,wearing,shirt,191,148,56,169,child,246,138,1,169,0,3,317,247,307,247,"(56, 247, 169, 317)","(1, 247, 169, 307)"
2373220.jpg,standing on,skis,69,267,401,7,man,366,96,81,124,0,3,274,470,220,447,"(401, 470, 7, 274)","(81, 447, 124, 220)"
2406583.jpg,sitting on,table,134,151,360,143,produce,20,24,340,146,1,3,294,494,170,360,"(360, 494, 143, 294)","(340, 360, 146, 170)"
2485.jpg,wearing,pants,167,112,431,445,man,382,158,218,420,0,3,557,598,578,600,"(431, 598, 445, 557)","(218, 600, 420, 578)"
2359495.jpg,sitting on,sofa,117,241,257,91,man,123,218,243,97,1,3,332,374,315,366,"(257, 374, 91, 332)","(243, 366, 97, 315)"
2403212.jpg,sitting on,ground,498,373,1,0,person,23,39,0,195,1,3,373,499,234,23,"(1, 499, 0, 373)","(0, 23, 195, 234)"
2409872.jpg,wearing,helmet,37,24,110,90,umpire,140,82,83,5,0,3,114,147,87,223,"(110, 147, 90, 114)","(83, 223, 5, 87)"
2410374.jpg,wearing,shoe,31,28,320,41,girl,243,126,110,43,0,3,69,351,169,353,"(320, 351, 41, 69)","(110, 353, 43, 169)"
2355716.jpg,hanging from,ceiling,88,497,0,0,light,22,21,94,185,0,3,497,88,206,116,"(0, 88, 0, 497)","(94, 116, 185, 206)"
2394045.jpg,sitting on,ground,76,292,79,185,man,44,60,110,215,1,3,477,155,275,154,"(79, 155, 185, 477)","(110, 154, 215, 275)"
600.jpg,walking on,sidewalk,63,796,376,1,person,34,15,345,29,0,3,797,439,44,379,"(376, 439, 1, 797)","(345, 379, 29, 44)"
1160197.jpg,sitting on,bench,256,552,482,2,men,262,234,413,317,1,3,554,738,551,675,"(482, 738, 2, 554)","(413, 675, 317, 551)"
2394646.jpg,hanging from,wall,200,435,60,0,painting,57,57,106,286,0,3,435,260,343,163,"(60, 260, 0, 435)","(106, 163, 286, 343)"
2397818.jpg,wearing,socks,53,53,371,263,man,392,148,76,211,0,3,316,424,359,468,"(371, 424, 263, 316)","(76, 468, 211, 359)"
2417528.jpg,wearing,shirt,48,40,139,172,guy,135,58,122,169,0,3,212,187,227,257,"(139, 187, 172, 212)","(122, 257, 169, 227)"
1877.jpg,parked on,curb,97,506,401,293,van,78,160,360,135,0,3,799,498,295,438,"(401, 498, 293, 799)","(360, 438, 135, 295)"
2385625.jpg,sitting on,suitcase,175,76,117,189,coat,69,85,157,183,1,3,265,292,268,226,"(117, 292, 189, 265)","(157, 226, 183, 268)"
1020.jpg,sitting on,counter,91,29,144,398,food,35,48,118,404,1,3,427,235,452,153,"(144, 235, 398, 427)","(118, 153, 404, 452)"
2393153.jpg,sitting on,grass,216,499,5,1,bird,12,11,91,386,1,3,500,221,397,103,"(5, 221, 1, 500)","(91, 103, 386, 397)"
2357368.jpg,sitting on,ground,96,477,401,0,people,66,465,340,0,1,3,477,497,465,406,"(401, 497, 0, 477)","(340, 406, 0, 465)"
2380757.jpg,sitting on,table,88,138,410,236,glass,61,40,398,301,1,3,374,498,341,459,"(410, 498, 236, 374)","(398, 459, 301, 341)"
2382167.jpg,sitting on,windowsill,97,482,386,16,cat,298,229,135,216,1,3,498,483,445,433,"(386, 483, 16, 498)","(135, 433, 216, 445)"
2378351.jpg,wearing,shirt,75,38,145,422,boy,130,46,126,414,0,3,460,220,460,256,"(145, 220, 422, 460)","(126, 256, 414, 460)"
2409477.jpg,hanging from,door,304,498,1,1,bike,198,337,91,72,0,3,499,305,409,289,"(1, 305, 1, 499)","(91, 289, 72, 409)"
1610.jpg,wearing,shorts,15,16,419,253,person,77,20,381,251,0,3,269,434,271,458,"(419, 434, 253, 269)","(381, 458, 251, 271)"
2397352.jpg,wearing,shirt,81,134,293,237,guy,178,171,196,201,0,3,371,374,372,374,"(293, 374, 237, 371)","(196, 374, 201, 372)"
2315552.jpg,sitting on,counter,402,448,17,27,vase,168,102,23,136,1,3,475,419,238,191,"(17, 419, 27, 475)","(23, 191, 136, 238)"
2373623.jpg,wearing,bra,19,31,150,210,woman,443,122,54,171,0,3,241,169,293,497,"(150, 169, 210, 241)","(54, 497, 171, 293)"
2389139.jpg,sitting on,refrigerator,316,160,30,197,mug,17,24,17,286,1,3,357,346,310,34,"(30, 346, 197, 357)","(17, 34, 286, 310)"
2330358.jpg,sitting on,bench,146,251,169,1,kid,127,92,154,65,1,3,252,315,157,281,"(169, 315, 1, 252)","(154, 281, 65, 157)"
2366364.jpg,sitting on,ground,331,497,0,0,giraffe,276,250,41,107,1,3,497,331,357,317,"(0, 331, 0, 497)","(41, 317, 107, 357)"
2397767.jpg,growing on,sand,27,285,205,212,grass,25,168,202,329,0,3,497,232,497,227,"(205, 232, 212, 497)","(202, 227, 329, 497)"
2414842.jpg,hanging from,building,455,467,24,20,crest,25,22,232,388,0,3,487,479,410,257,"(24, 479, 20, 487)","(232, 257, 388, 410)"
2398384.jpg,sitting on,table,90,329,29,14,sandwich,202,367,108,17,1,3,343,119,384,310,"(29, 119, 14, 343)","(108, 310, 17, 384)"
2341994.jpg,sitting on,wall,406,220,92,1,man,100,64,1,292,1,3,221,498,356,101,"(92, 498, 1, 221)","(1, 101, 292, 356)"
2401118.jpg,sitting on,fence,44,497,264,1,man,46,27,247,58,1,3,498,308,85,293,"(264, 308, 1, 498)","(247, 293, 58, 85)"
2373502.jpg,sitting on,hay,177,294,70,134,girl,27,29,60,249,1,3,428,247,278,87,"(70, 247, 134, 428)","(60, 87, 249, 278)"
2347389.jpg,sitting on,stove,50,280,86,149,pot,81,110,15,172,1,3,429,136,282,96,"(86, 136, 149, 429)","(15, 96, 172, 282)"
2376248.jpg,wearing,pants,47,73,266,133,person,306,113,17,135,0,3,206,313,248,323,"(266, 313, 133, 206)","(17, 323, 135, 248)"
2379642.jpg,wearing,top,205,335,14,138,person,446,341,17,131,0,3,473,219,472,463,"(14, 219, 138, 473)","(17, 463, 131, 472)"
2381840.jpg,sitting on,bed,331,499,1,0,pillow,82,159,0,0,1,3,499,332,159,82,"(1, 332, 0, 499)","(0, 82, 0, 159)"
2316469.jpg,sitting on,bike,170,420,161,0,dog,170,167,117,131,1,3,420,331,298,287,"(161, 331, 0, 420)","(117, 287, 131, 298)"
2373469.jpg,sitting on,bench,211,314,131,62,man,300,148,29,230,1,3,376,342,378,329,"(131, 342, 62, 376)","(29, 329, 230, 378)"
2352135.jpg,sitting on,ground,364,494,9,2,microwave,237,290,68,39,1,3,496,373,329,305,"(9, 373, 2, 496)","(68, 305, 39, 329)"
2345164.jpg,sitting on,shelf,30,326,273,65,picture,96,77,193,192,1,3,391,303,269,289,"(273, 303, 65, 391)","(193, 289, 192, 269)"
713416.jpg,wearing,uniform,212,72,274,643,person,284,78,228,643,0,3,715,486,721,512,"(274, 486, 643, 715)","(228, 512, 643, 721)"
2330588.jpg,lying on,table,110,176,38,111,newspapers,11,57,33,145,0,3,287,148,202,44,"(38, 148, 111, 287)","(33, 44, 145, 202)"
2359754.jpg,wearing,tie,217,91,139,308,man,121,53,13,322,0,3,399,356,375,134,"(139, 356, 308, 399)","(13, 134, 322, 375)"
2413503.jpg,sitting on,snow,231,498,143,1,person,61,71,200,37,1,3,499,374,108,261,"(143, 374, 1, 499)","(200, 261, 37, 108)"
2379213.jpg,wearing,glasses,12,29,127,333,man,288,123,99,286,0,3,362,139,409,387,"(127, 139, 333, 362)","(99, 387, 286, 409)"
2380812.jpg,wearing,jeans,148,55,195,145,someone,374,177,0,97,0,3,200,343,274,374,"(195, 343, 145, 200)","(0, 374, 97, 274)"
2415917.jpg,sitting on,table,241,488,90,5,bottle,242,104,4,143,1,3,493,331,247,246,"(90, 331, 5, 493)","(4, 246, 143, 247)"
2352761.jpg,sitting on,pizza,252,463,8,21,egg,29,26,191,280,1,3,484,260,306,220,"(8, 260, 21, 484)","(191, 220, 280, 306)"
2353412.jpg,sitting on,desk,349,245,148,7,cellphone,28,47,255,1,1,3,252,497,48,283,"(148, 497, 7, 252)","(255, 283, 1, 48)"
2340549.jpg,wearing,shirt,32,12,177,21,person,100,25,163,9,0,3,33,209,34,263,"(177, 209, 21, 33)","(163, 263, 9, 34)"
2362675.jpg,covering,man,80,149,195,248,blanket,92,347,218,77,0,3,397,275,424,310,"(195, 275, 248, 397)","(218, 310, 77, 424)"
2375016.jpg,wearing,gloves,13,22,194,199,he,142,114,127,187,0,3,221,207,301,269,"(194, 207, 199, 221)","(127, 269, 187, 301)"
2393153.jpg,sitting on,grass,216,499,5,1,bird,9,12,107,429,1,3,500,221,441,116,"(5, 221, 1, 500)","(107, 116, 429, 441)"
2322880.jpg,sitting on,bench,46,120,227,147,people,30,108,200,153,1,3,267,273,261,230,"(227, 273, 147, 267)","(200, 230, 153, 261)"
2406451.jpg,sitting on,beach,298,500,76,0,man,69,71,140,93,1,3,500,374,164,209,"(76, 374, 0, 500)","(140, 209, 93, 164)"
2387243.jpg,wearing,hat,24,23,19,89,man,158,103,19,14,0,3,112,43,117,177,"(19, 43, 89, 112)","(19, 177, 14, 117)"
2409605.jpg,standing on,vehicle,222,200,66,271,man,44,71,42,289,0,3,471,288,360,86,"(66, 288, 271, 471)","(42, 86, 289, 360)"
2349170.jpg,watching,skater,194,91,62,149,skater,120,43,70,1,0,3,240,256,44,190,"(62, 256, 149, 240)","(70, 190, 1, 44)"
2334009.jpg,sitting on,grass,82,104,219,213,boy,107,130,104,100,1,3,317,301,230,211,"(219, 301, 213, 317)","(104, 211, 100, 230)"
2398919.jpg,wearing,orange,10,13,94,195,ballboy,24,11,89,196,0,3,208,104,207,113,"(94, 104, 195, 208)","(89, 113, 196, 207)"
1246.jpg,wearing,glasses,31,34,227,401,girl,56,69,212,386,0,3,435,258,455,268,"(227, 258, 401, 435)","(212, 268, 386, 455)"
2405754.jpg,sitting on,cart,235,244,264,127,cat,126,87,168,146,1,3,371,499,233,294,"(264, 499, 127, 371)","(168, 294, 146, 233)"
2328775.jpg,sitting on,counter,63,330,196,61,cup,23,14,192,302,1,3,391,259,316,215,"(196, 259, 61, 391)","(192, 215, 302, 316)"
2375653.jpg,wearing,shoe,28,20,265,316,man,228,124,62,212,0,3,336,293,336,290,"(265, 293, 316, 336)","(62, 290, 212, 336)"
2347567.jpg,sitting on,floor,263,408,147,2,cat,143,101,266,255,1,3,410,410,356,409,"(147, 410, 2, 410)","(266, 409, 255, 356)"
2373610.jpg,wearing,shirt,94,86,166,104,man,267,88,133,101,0,3,190,260,189,400,"(166, 260, 104, 190)","(133, 400, 101, 189)"
2343031.jpg,wearing,boots,28,20,247,167,man,178,100,92,162,0,3,187,275,262,270,"(247, 275, 167, 187)","(92, 270, 162, 262)"
2355094.jpg,sitting on,floor,359,434,14,66,boy,315,244,59,125,1,3,500,373,369,374,"(14, 373, 66, 500)","(59, 374, 125, 369)"
2391596.jpg,sitting on,horse,193,358,58,83,saddle,57,70,68,196,1,3,441,251,266,125,"(58, 251, 83, 441)","(68, 125, 196, 266)"
2333558.jpg,carrying,tripod,98,90,122,274,man,362,128,12,288,0,3,364,220,416,374,"(122, 220, 274, 364)","(12, 374, 288, 416)"
2372170.jpg,sitting on,bicycle,486,392,12,0,cat,250,240,65,152,1,3,392,498,392,315,"(12, 498, 0, 392)","(65, 315, 152, 392)"
2336379.jpg,watching,people,87,227,79,1,giraffe,122,96,145,121,0,3,228,166,217,267,"(79, 166, 1, 228)","(145, 267, 121, 217)"
2372773.jpg,sitting on,bench,268,324,229,26,man,314,308,113,19,1,3,350,497,327,427,"(229, 497, 26, 350)","(113, 427, 19, 327)"
2347822.jpg,sitting on,bench,217,159,184,120,man,279,164,117,93,1,3,279,401,257,396,"(184, 401, 120, 279)","(117, 396, 93, 257)"
2392295.jpg,sitting on,shelf,34,495,297,2,book,250,23,78,221,1,3,497,331,244,328,"(297, 331, 2, 497)","(78, 328, 221, 244)"
2357353.jpg,wearing,coat,94,70,200,305,girl,205,63,166,309,0,3,375,294,372,371,"(200, 294, 305, 375)","(166, 371, 309, 372)"
2382950.jpg,wearing,hat,8,13,220,101,person,63,23,219,95,0,3,114,228,118,282,"(220, 228, 101, 114)","(219, 282, 95, 118)"
2388061.jpg,sitting on,bed,72,144,162,62,pillows,21,87,161,66,1,3,206,234,153,182,"(162, 234, 62, 206)","(161, 182, 66, 153)"
2401803.jpg,sitting on,ottoman,266,449,75,34,remote,106,113,106,166,1,3,483,341,279,212,"(75, 341, 34, 483)","(106, 212, 166, 279)"
2411515.jpg,sitting on,bench,225,241,99,196,player,208,238,68,88,1,3,437,324,326,276,"(99, 324, 196, 437)","(68, 276, 88, 326)"
2327255.jpg,standing on,hill,52,443,320,40,tree,54,99,319,0,0,3,483,372,99,373,"(320, 372, 40, 483)","(319, 373, 0, 99)"
2377513.jpg,wearing,glasses,11,34,70,281,man,246,81,27,251,0,3,315,81,332,273,"(70, 81, 281, 315)","(27, 273, 251, 332)"
2380655.jpg,sitting on,windowsill,24,406,155,92,trophy,88,30,75,303,1,3,498,179,333,163,"(155, 179, 92, 498)","(75, 163, 303, 333)"
2365441.jpg,wearing,jeans,138,81,304,175,man,269,124,185,155,0,3,256,442,279,454,"(304, 442, 175, 256)","(185, 454, 155, 279)"
2356099.jpg,sitting on,shelf,49,43,138,146,books,27,11,152,165,1,3,189,187,176,179,"(138, 187, 146, 189)","(152, 179, 165, 176)"
2390269.jpg,sitting on,table,176,499,102,0,candle,64,42,188,203,1,3,499,278,245,252,"(102, 278, 0, 499)","(188, 252, 203, 245)"
2409790.jpg,wearing,shirt,44,66,161,279,man,123,70,149,280,0,3,345,205,350,272,"(161, 205, 279, 345)","(149, 272, 280, 350)"
2315482.jpg,lying on,bed,371,497,1,1,cat,186,437,56,36,0,3,498,372,473,242,"(1, 372, 1, 498)","(56, 242, 36, 473)"
2381958.jpg,wearing,helmet,26,27,419,116,man,106,65,385,96,0,3,143,445,161,491,"(419, 445, 116, 143)","(385, 491, 96, 161)"
2376428.jpg,sitting on,rink,138,250,153,0,boy,73,51,123,63,1,3,250,291,114,196,"(153, 291, 0, 250)","(123, 196, 63, 114)"
1592134.jpg,sitting on,street,402,359,323,539,drink,48,37,446,38,1,3,898,725,75,494,"(323, 725, 539, 898)","(446, 494, 38, 75)"
2359215.jpg,wearing,earring,50,19,54,9,person,211,185,1,0,0,3,28,104,185,212,"(54, 104, 9, 28)","(1, 212, 0, 185)"
2402128.jpg,sitting on,bench,130,346,157,48,woman,225,115,68,45,1,3,394,287,160,293,"(157, 287, 48, 394)","(68, 293, 45, 160)"
2386371.jpg,sitting on,shelf,236,197,2,301,artwork,68,42,99,315,1,3,498,238,357,167,"(2, 238, 301, 498)","(99, 167, 315, 357)"
2395236.jpg,wearing,goggles,8,12,119,267,skier,67,45,116,251,0,3,279,127,296,183,"(119, 127, 267, 279)","(116, 183, 251, 296)"
2412975.jpg,wearing,jeans,134,69,185,214,child,311,137,20,147,0,3,283,319,284,331,"(185, 319, 214, 283)","(20, 331, 147, 284)"
2378338.jpg,sitting on,bench,31,87,213,406,guy,45,27,208,440,1,3,493,244,467,253,"(213, 244, 406, 493)","(208, 253, 440, 467)"
2352761.jpg,sitting on,pizza,252,463,8,21,egg,35,33,97,270,1,3,484,260,303,132,"(8, 260, 21, 484)","(97, 132, 270, 303)"
2337385.jpg,wearing,shirt,8,16,162,200,person,40,17,150,200,0,3,216,170,217,190,"(162, 170, 200, 216)","(150, 190, 200, 217)"
2377611.jpg,walking in,park,463,329,35,3,people,28,133,227,11,0,3,332,498,144,255,"(35, 498, 3, 332)","(227, 255, 11, 144)"
2379782.jpg,carrying,handbag,47,18,114,235,woman,137,49,61,234,0,3,253,161,283,198,"(114, 161, 235, 253)","(61, 198, 234, 283)"
2376003.jpg,sitting on,snow,14,19,263,256,bucket,12,14,245,261,1,3,275,277,275,257,"(263, 277, 256, 275)","(245, 257, 261, 275)"
2409031.jpg,covered in,snow,96,492,3,4,ridges,56,296,34,0,0,3,496,99,296,90,"(3, 99, 4, 496)","(34, 90, 0, 296)"
2404211.jpg,sitting on,ground,231,497,101,2,woman,95,93,179,84,1,3,499,332,177,274,"(101, 332, 2, 499)","(179, 274, 84, 177)"
2373033.jpg,sitting on,tray,41,80,186,145,items,30,54,189,166,1,3,225,227,220,219,"(186, 227, 145, 225)","(189, 219, 166, 220)"
2412974.jpg,wearing,shirt,73,38,44,329,man,189,51,18,318,0,3,367,117,369,207,"(44, 117, 329, 367)","(18, 207, 318, 369)"
2341661.jpg,sitting on,ground,280,495,51,2,bear,287,95,38,2,1,3,497,331,97,325,"(51, 331, 2, 497)","(38, 325, 2, 97)"
2326672.jpg,sitting on,street,400,330,98,2,bird,17,18,131,246,1,3,332,498,264,148,"(98, 498, 2, 332)","(131, 148, 246, 264)"
713153.jpg,wearing,coat,180,142,0,0,lady,387,143,1,0,0,3,142,180,143,388,"(0, 180, 0, 142)","(1, 388, 0, 143)"
2364619.jpg,sitting on,bench,33,48,218,266,person,20,17,214,276,1,3,314,251,293,234,"(218, 251, 266, 314)","(214, 234, 276, 293)"
2356393.jpg,wearing,uniform,78,71,243,171,catcher,108,91,223,173,0,3,242,321,264,331,"(243, 321, 171, 242)","(223, 331, 173, 264)"
2384195.jpg,wearing,coat,323,232,177,0,man,467,233,32,0,0,3,232,500,233,499,"(177, 500, 0, 232)","(32, 499, 0, 233)"
2352720.jpg,wearing,shirt,20,22,23,263,people,49,57,14,264,0,3,285,43,321,63,"(23, 43, 263, 285)","(14, 63, 264, 321)"
2324100.jpg,wearing,skirt,93,57,191,28,woman,175,64,133,22,0,3,85,284,86,308,"(191, 284, 28, 85)","(133, 308, 22, 86)"
2398845.jpg,wearing,blouse,77,87,248,308,lady,120,70,205,317,0,3,395,325,387,325,"(248, 325, 308, 395)","(205, 325, 317, 387)"
2387630.jpg,sitting on,floor,23,138,255,6,bear,70,66,209,20,1,3,144,278,86,279,"(255, 278, 6, 144)","(209, 279, 20, 86)"
2348686.jpg,sitting on,bench,29,48,232,350,people,47,43,193,352,1,3,398,261,395,240,"(232, 261, 350, 398)","(193, 240, 352, 395)"
2376128.jpg,sitting on,couch,192,257,267,3,laptop,36,74,288,82,1,3,260,459,156,324,"(267, 459, 3, 260)","(288, 324, 82, 156)"
2327917.jpg,sitting on,wall,46,144,98,0,person,61,48,39,64,1,3,144,144,112,100,"(98, 144, 0, 144)","(39, 100, 64, 112)"
2336037.jpg,sitting on,napkin,461,490,37,0,cup,287,252,131,234,1,3,490,498,486,418,"(37, 498, 0, 490)","(131, 418, 234, 486)"
2350509.jpg,wearing,jacket,93,106,114,135,girl,270,155,69,118,0,3,241,207,273,339,"(114, 207, 135, 241)","(69, 339, 118, 273)"
2315511.jpg,standing on,hill,32,206,338,17,person,40,26,298,10,0,3,223,370,36,338,"(338, 370, 17, 223)","(298, 338, 10, 36)"
2375806.jpg,wearing,shirt,80,79,209,224,woman,114,88,187,213,0,3,303,289,301,301,"(209, 289, 224, 303)","(187, 301, 213, 301)"
2347815.jpg,wearing,shirt,50,29,227,105,man,125,51,213,104,0,3,134,277,155,338,"(227, 277, 105, 134)","(213, 338, 104, 155)"
2322041.jpg,sitting on,bike,86,102,242,37,man,120,82,187,57,1,3,139,328,139,307,"(242, 328, 37, 139)","(187, 307, 57, 139)"
1160215.jpg,sitting on,snow,813,1276,146,0,child,153,204,587,406,1,3,1276,959,610,740,"(146, 959, 0, 1276)","(587, 740, 406, 610)"
2412783.jpg,wearing,pants,235,128,237,152,man,407,162,70,131,0,3,280,472,293,477,"(237, 472, 152, 280)","(70, 477, 131, 293)"
2364729.jpg,sitting on,burner,41,104,9,374,cup,34,67,0,411,1,3,478,50,478,34,"(9, 50, 374, 478)","(0, 34, 411, 478)"
2395508.jpg,wearing,sunglasses,12,23,138,221,man,108,82,117,203,0,3,244,150,285,225,"(138, 150, 221, 244)","(117, 225, 203, 285)"
2328128.jpg,wearing,shirt,107,125,267,1,man,216,245,158,0,0,3,126,374,245,374,"(267, 374, 1, 126)","(158, 374, 0, 245)"
2343680.jpg,wearing,backpack,65,52,59,24,man,218,68,31,17,0,3,76,124,85,249,"(59, 124, 24, 76)","(31, 249, 17, 85)"
2328292.jpg,sitting on,table,485,371,14,1,sandwich,69,130,7,46,1,3,372,499,176,76,"(14, 499, 1, 372)","(7, 76, 46, 176)"
2387746.jpg,flying in,sky,313,499,1,0,kite,38,86,165,112,0,3,499,314,198,203,"(1, 314, 0, 499)","(165, 203, 112, 198)"
713302.jpg,wearing,shirt,134,176,448,1004,person,423,421,348,769,0,3,1180,582,1190,771,"(448, 582, 1004, 1180)","(348, 771, 769, 1190)"
2408030.jpg,sitting on,boat,189,489,151,10,girl,51,27,192,306,1,3,499,340,333,243,"(151, 340, 10, 499)","(192, 243, 306, 333)"
2379549.jpg,wearing,pants,71,75,135,235,boy,118,117,84,203,0,3,310,206,320,202,"(135, 206, 235, 310)","(84, 202, 203, 320)"
2410410.jpg,wearing,helmet,26,31,68,236,man,205,139,72,179,0,3,267,94,318,277,"(68, 94, 236, 267)","(72, 277, 179, 318)"
2407474.jpg,sitting on,ground,255,322,238,10,man,36,20,238,62,1,3,332,493,82,274,"(238, 493, 10, 332)","(238, 274, 62, 82)"
2342991.jpg,sitting on,snow,329,495,44,3,person,100,71,158,55,1,3,498,373,126,258,"(44, 373, 3, 498)","(158, 258, 55, 126)"
2409957.jpg,eating,cake,32,24,142,210,man,360,245,59,32,0,3,234,174,277,419,"(142, 174, 210, 234)","(59, 419, 32, 277)"
2401998.jpg,sitting on,tracks,143,494,133,5,train,113,436,119,10,1,3,499,276,446,232,"(133, 276, 5, 499)","(119, 232, 10, 446)"
285606.jpg,wearing,shirt,147,58,104,2,person,326,80,43,1,0,3,60,251,81,369,"(104, 251, 2, 60)","(43, 369, 1, 81)"
2411200.jpg,wearing,shirt,44,44,62,285,woman,75,51,29,282,0,3,329,106,333,104,"(62, 106, 285, 329)","(29, 104, 282, 333)"
2348660.jpg,wearing,shirt,39,56,8,168,man,105,90,8,160,0,3,224,47,250,113,"(8, 47, 168, 224)","(8, 113, 160, 250)"
2322107.jpg,wearing,shirt,174,43,198,3,man,179,57,193,3,0,3,46,372,60,372,"(198, 372, 3, 46)","(193, 372, 3, 60)"
2407451.jpg,sitting on,chair,153,56,258,420,man,139,150,169,290,1,3,476,411,440,308,"(258, 411, 420, 476)","(169, 308, 290, 440)"
2322730.jpg,wearing,shirt,127,81,70,196,man,245,99,35,191,0,3,277,197,290,280,"(70, 197, 196, 277)","(35, 280, 191, 290)"
2316643.jpg,wearing,shirt,57,23,145,203,man,391,239,2,46,0,3,226,202,285,393,"(145, 202, 203, 226)","(2, 393, 46, 285)"
2345341.jpg,parked on,road,112,499,200,0,buses,281,360,7,121,0,3,499,312,481,288,"(200, 312, 0, 499)","(7, 288, 121, 481)"
2415140.jpg,wearing,headdress,79,66,175,37,elephant,132,98,164,7,0,3,103,254,105,296,"(175, 254, 37, 103)","(164, 296, 7, 105)"
2363163.jpg,walking on,sidewalk,27,359,313,138,people,40,55,298,390,0,3,497,340,445,338,"(313, 340, 138, 497)","(298, 338, 390, 445)"
2333636.jpg,sitting on,counter,100,498,231,0,glass,85,33,190,337,1,3,498,331,370,275,"(231, 331, 0, 498)","(190, 275, 337, 370)"
2409797.jpg,sitting on,stove,106,214,182,126,lid,26,56,184,166,1,3,340,288,222,210,"(182, 288, 126, 340)","(184, 210, 166, 222)"
2353575.jpg,wearing,shirt,94,51,75,431,man,239,78,35,406,0,3,482,169,484,274,"(75, 169, 431, 482)","(35, 274, 406, 484)"
2363982.jpg,sitting on,ground,154,499,221,0,ski,24,204,331,130,1,3,499,375,334,355,"(221, 375, 0, 499)","(331, 355, 130, 334)"
2390581.jpg,wearing,ponytail,38,49,22,333,girl,287,145,22,242,0,3,382,60,387,309,"(22, 60, 333, 382)","(22, 309, 242, 387)"
2403278.jpg,standing on,surfboard,19,88,131,232,man,46,75,101,254,0,3,320,150,329,147,"(131, 150, 232, 320)","(101, 147, 254, 329)"
2363193.jpg,sitting on,desk,41,42,226,40,phone,143,78,59,422,1,3,82,267,500,202,"(226, 267, 40, 82)","(59, 202, 422, 500)"
2393115.jpg,wearing,thirteen,26,16,66,252,player,171,88,32,235,0,3,268,92,323,203,"(66, 92, 252, 268)","(32, 203, 235, 323)"
2333735.jpg,mounted on,machine,222,109,110,183,button,7,6,251,217,0,3,292,332,223,258,"(110, 332, 183, 292)","(251, 258, 217, 223)"
2363217.jpg,sitting on,road,212,197,108,11,sign,242,239,49,181,1,3,208,320,420,291,"(108, 320, 11, 208)","(49, 291, 181, 420)"
2403710.jpg,watching,dogs,193,454,38,0,woman,77,100,95,330,0,3,454,231,430,172,"(38, 231, 0, 454)","(95, 172, 330, 430)"
2397118.jpg,sitting on,bed,294,466,80,1,cat,94,124,99,66,1,3,467,374,190,193,"(80, 374, 1, 467)","(99, 193, 66, 190)"
2397059.jpg,wearing,jeans,90,78,109,174,man,200,104,18,167,0,3,252,199,271,218,"(109, 199, 174, 252)","(18, 218, 167, 271)"
2363976.jpg,sitting on,table,183,463,192,1,headphones,44,86,194,25,1,3,464,375,111,238,"(192, 375, 1, 464)","(194, 238, 25, 111)"
2413969.jpg,wearing,pants,111,68,199,0,umpire,186,108,132,0,0,3,68,310,108,318,"(199, 310, 0, 68)","(132, 318, 0, 108)"
2334759.jpg,sitting on,road,164,372,204,3,truck,120,182,134,16,1,3,375,368,198,254,"(204, 368, 3, 375)","(134, 254, 16, 198)"
712978.jpg,sitting on,chair,194,265,392,346,man,300,102,236,309,1,3,611,586,411,536,"(392, 586, 346, 611)","(236, 536, 309, 411)"
2355245.jpg,wearing,belt,33,75,221,117,boy,471,275,18,14,0,3,192,254,289,489,"(221, 254, 117, 192)","(18, 489, 14, 289)"
2395431.jpg,sitting on,bench,100,148,352,42,woman,144,67,318,115,1,3,190,452,182,462,"(352, 452, 42, 190)","(318, 462, 115, 182)"
2336713.jpg,growing on,tree,129,142,244,78,branch,8,17,288,104,0,3,220,373,121,296,"(244, 373, 78, 220)","(288, 296, 104, 121)"
2333335.jpg,wearing,glove,25,45,239,196,man,182,69,147,163,0,3,241,264,232,329,"(239, 264, 196, 241)","(147, 329, 163, 232)"
2392480.jpg,riding,skateboard,54,82,304,205,man,234,222,93,70,0,3,287,358,292,327,"(304, 358, 205, 287)","(93, 327, 70, 292)"
2351346.jpg,sitting on,rug,203,343,127,0,woman,184,138,10,155,1,3,343,330,293,194,"(127, 330, 0, 343)","(10, 194, 155, 293)"
2380813.jpg,sitting on,sidewalk,50,498,282,1,man,260,182,72,67,1,3,499,332,249,332,"(282, 332, 1, 499)","(72, 332, 67, 249)"
2393623.jpg,wearing,blue,73,55,160,205,woman,224,82,126,200,0,3,260,233,282,350,"(160, 233, 205, 260)","(126, 350, 200, 282)"
2410898.jpg,wearing,suits,69,51,188,349,men,85,56,176,348,0,3,400,257,404,261,"(188, 257, 349, 400)","(176, 261, 348, 404)"
2409890.jpg,says,chase,17,142,114,230,banner,35,165,111,218,0,3,372,131,383,146,"(114, 131, 230, 372)","(111, 146, 218, 383)"
2330530.jpg,wearing,shorts,7,38,337,280,man,31,15,320,313,0,3,318,344,328,351,"(337, 344, 280, 318)","(320, 351, 313, 328)"
2392986.jpg,covered in,snow,164,498,210,1,ground,168,497,206,1,0,3,499,374,498,374,"(210, 374, 1, 499)","(206, 374, 1, 498)"
2392046.jpg,wearing,skirt,49,62,270,126,female,360,187,100,85,0,3,188,319,272,460,"(270, 319, 126, 188)","(100, 460, 85, 272)"
2372018.jpg,wearing,sunglasses,7,26,170,252,lady,179,81,157,178,0,3,278,177,259,336,"(170, 177, 252, 278)","(157, 336, 178, 259)"
2411351.jpg,sitting on,raft,97,327,353,73,man,219,218,195,126,1,3,400,450,344,414,"(353, 450, 73, 400)","(195, 414, 126, 344)"
2373468.jpg,wearing,hoodie,57,25,169,201,person,75,23,168,201,0,3,226,226,224,243,"(169, 226, 201, 226)","(168, 243, 201, 224)"
2404211.jpg,wearing,shoe,15,18,317,322,man,330,165,1,220,0,3,340,332,385,331,"(317, 332, 322, 340)","(1, 331, 220, 385)"
2381881.jpg,sitting on,display,218,473,103,22,plane,135,463,103,32,1,3,495,321,495,238,"(103, 321, 22, 495)","(103, 238, 32, 495)"
2359024.jpg,wearing,hat,35,46,17,95,man,40,91,87,9,0,3,141,52,100,127,"(17, 52, 95, 141)","(87, 127, 9, 100)"
2416173.jpg,sitting on,bench,166,388,135,54,man,278,222,36,61,1,3,442,301,283,314,"(135, 301, 54, 442)","(36, 314, 61, 283)"
2327995.jpg,riding,skateboard,42,176,292,310,woman,293,152,10,325,0,3,486,334,477,303,"(292, 334, 310, 486)","(10, 303, 325, 477)"
2359765.jpg,parked on,road,61,386,216,1,vehicle,25,53,212,17,0,3,387,277,70,237,"(216, 277, 1, 387)","(212, 237, 17, 70)"
2397249.jpg,wearing,glasses,22,97,75,232,man,328,321,17,103,0,3,329,97,424,345,"(75, 97, 232, 329)","(17, 345, 103, 424)"
2327623.jpg,riding,wave,331,399,2,100,person,181,200,84,128,0,3,499,333,328,265,"(2, 333, 100, 499)","(84, 265, 128, 328)"
2402986.jpg,wearing,gloves,25,28,124,234,man,276,210,107,168,0,3,262,149,378,383,"(124, 149, 234, 262)","(107, 383, 168, 378)"
2349622.jpg,walking on,stairs,52,94,202,78,person,20,8,175,161,0,3,172,254,169,195,"(202, 254, 78, 172)","(175, 195, 161, 169)"
2411139.jpg,sitting on,bench,79,415,0,85,person,249,328,0,139,1,3,500,79,467,249,"(0, 79, 85, 500)","(0, 249, 139, 467)"
498077.jpg,wearing,scarf,89,45,177,278,woman,288,74,135,266,0,3,323,266,340,423,"(177, 266, 278, 323)","(135, 423, 266, 340)"
2396988.jpg,sitting on,bench,425,466,73,10,man,427,246,72,181,1,3,476,498,427,499,"(73, 498, 10, 476)","(72, 499, 181, 427)"
2345261.jpg,wearing,shirt,245,139,5,158,boy,440,193,0,105,0,3,297,250,298,440,"(5, 250, 158, 297)","(0, 440, 105, 298)"
2359035.jpg,parked on,road,244,494,51,0,car,215,307,89,190,0,3,494,295,497,304,"(51, 295, 0, 494)","(89, 304, 190, 497)"
2327636.jpg,wearing,shirt,124,358,0,0,man,369,371,4,7,0,3,358,124,378,373,"(0, 124, 0, 358)","(4, 373, 7, 378)"
2386371.jpg,sitting on,shelve,236,197,2,301,dvds,41,56,10,310,1,3,498,238,366,51,"(2, 238, 301, 498)","(10, 51, 310, 366)"
2405990.jpg,wearing,shorts,17,21,150,162,player,85,36,112,161,0,3,183,167,197,197,"(150, 167, 162, 183)","(112, 197, 161, 197)"
2322219.jpg,sitting on,couch,272,374,8,3,baby,265,202,15,119,1,3,377,280,321,280,"(8, 280, 3, 377)","(15, 280, 119, 321)"
713728.jpg,sitting on,seat,57,191,271,399,cat,89,156,202,409,1,3,590,328,565,291,"(271, 328, 399, 590)","(202, 291, 409, 565)"
578.jpg,sitting on,chair,27,70,198,281,woman,150,77,121,332,1,3,351,225,409,271,"(198, 225, 281, 351)","(121, 271, 332, 409)"
2367819.jpg,sitting on,boat,134,116,12,383,woman,41,30,52,392,1,3,499,146,422,93,"(12, 146, 383, 499)","(52, 93, 392, 422)"
150309.jpg,wearing,hat,82,89,219,410,man,495,356,219,304,0,3,499,301,660,714,"(219, 301, 410, 499)","(219, 714, 304, 660)"
2347343.jpg,wearing,shirt,31,32,79,261,man,60,44,68,264,0,3,293,110,308,128,"(79, 110, 261, 293)","(68, 128, 264, 308)"
1592534.jpg,wearing,hat,29,35,76,478,man,303,139,76,407,0,3,513,105,546,379,"(76, 105, 478, 513)","(76, 379, 407, 546)"
2343238.jpg,wearing,helmet,18,26,127,165,man,97,73,121,135,0,3,191,145,208,218,"(127, 145, 165, 191)","(121, 218, 135, 208)"
2364889.jpg,standing on,beach,224,498,0,0,bird,92,80,61,88,0,3,498,224,168,153,"(0, 224, 0, 498)","(61, 153, 88, 168)"
2347377.jpg,parked on,street,193,384,139,15,car,79,68,141,67,0,3,399,332,135,220,"(139, 332, 15, 399)","(141, 220, 67, 135)"
2343599.jpg,wearing,chain,29,9,263,309,person,332,457,1,1,0,3,318,292,458,333,"(263, 292, 309, 318)","(1, 333, 1, 458)"
2363982.jpg,sitting on,ground,154,499,221,0,person,34,25,234,107,1,3,499,375,132,268,"(221, 375, 0, 499)","(234, 268, 107, 132)"
2335416.jpg,sitting on,shelf,340,213,157,4,box,176,64,318,2,1,3,217,497,66,494,"(157, 497, 4, 217)","(318, 494, 2, 66)"
2381010.jpg,sitting on,table,217,499,1,1,glass,46,136,0,326,1,3,500,218,462,46,"(1, 218, 1, 500)","(0, 46, 326, 462)"
2342327.jpg,standing on,sidewalk,111,332,332,0,man,277,93,63,21,0,3,332,443,114,340,"(332, 443, 0, 332)","(63, 340, 21, 114)"
2336405.jpg,wearing,shorts,54,94,166,160,boy,226,153,49,126,0,3,254,220,279,275,"(166, 220, 160, 254)","(49, 275, 126, 279)"
2400627.jpg,sitting on,couch,192,241,183,259,man,105,144,166,216,1,3,500,375,360,271,"(183, 375, 259, 500)","(166, 271, 216, 360)"
2386277.jpg,wearing,scarf,29,21,94,259,man,39,46,88,240,0,3,280,123,286,127,"(94, 123, 259, 280)","(88, 127, 240, 286)"
2350114.jpg,carrying,bag,19,9,256,84,girl,57,21,233,80,0,3,93,275,101,290,"(256, 275, 84, 93)","(233, 290, 80, 101)"
2389306.jpg,parked on,road,212,495,282,0,suv,62,93,234,157,0,3,495,494,250,296,"(282, 494, 0, 495)","(234, 296, 157, 250)"
2417434.jpg,sitting on,couch,132,251,102,19,cat,57,44,140,178,1,3,270,234,222,197,"(102, 234, 19, 270)","(140, 197, 178, 222)"
2346399.jpg,wearing,sock,16,24,317,331,man,318,240,14,116,0,3,355,333,356,332,"(317, 333, 331, 355)","(14, 332, 116, 356)"
498202.jpg,wearing,shoes,85,118,397,562,person,298,123,185,561,0,3,680,482,684,483,"(397, 482, 562, 680)","(185, 483, 561, 684)"
2378182.jpg,sitting on,person,30,100,1,398,person,39,60,1,31,1,3,498,31,91,40,"(1, 31, 398, 498)","(1, 40, 31, 91)"
2360776.jpg,sitting on,bench,176,146,108,166,baby,92,85,120,183,1,3,312,284,268,212,"(108, 284, 166, 312)","(120, 212, 183, 268)"
2412116.jpg,wearing,jeans,57,17,175,483,man,108,23,124,477,0,3,500,232,500,232,"(175, 232, 483, 500)","(124, 232, 477, 500)"
2266.jpg,walking on,street,192,794,405,4,person,88,33,371,79,0,3,798,597,112,459,"(405, 597, 4, 798)","(371, 459, 79, 112)"
2316189.jpg,wearing,shirt,46,48,203,158,boy,193,153,147,90,0,3,206,249,243,340,"(203, 249, 158, 206)","(147, 340, 90, 243)"
2409784.jpg,sitting on,table,73,188,206,0,bottles,45,73,185,1,1,3,188,279,74,230,"(206, 279, 0, 188)","(185, 230, 1, 74)"
16.jpg,walking on,street,84,778,494,11,male,94,43,193,408,0,3,789,578,451,287,"(494, 578, 11, 789)","(193, 287, 408, 451)"
2333818.jpg,standing on,board,72,137,231,288,she,252,104,25,201,0,3,425,303,305,277,"(231, 303, 288, 425)","(25, 277, 201, 305)"
2355587.jpg,wearing,shirt,12,14,60,123,person,23,17,57,120,0,3,137,72,137,80,"(60, 72, 123, 137)","(57, 80, 120, 137)"
2353412.jpg,sitting on,desk,190,221,180,0,dvd,16,55,140,178,1,3,221,370,233,156,"(180, 370, 0, 221)","(140, 156, 178, 233)"
2394584.jpg,sitting on,plate,78,330,280,92,pear,177,164,32,183,1,3,422,358,347,209,"(280, 358, 92, 422)","(32, 209, 183, 347)"
2389889.jpg,sitting on,desk,136,494,233,5,mouse,17,36,240,321,1,3,499,369,357,257,"(233, 369, 5, 499)","(240, 257, 321, 357)"
2412909.jpg,wearing,necklace,21,49,161,106,woman,359,143,83,49,0,3,155,182,192,442,"(161, 182, 106, 155)","(83, 442, 49, 192)"
2413141.jpg,sitting on,table,296,455,33,35,tray,72,60,234,112,1,3,490,329,172,306,"(33, 329, 35, 490)","(234, 306, 112, 172)"
2412585.jpg,sitting on,plate,269,494,21,0,food,127,463,204,21,1,3,494,290,484,331,"(21, 290, 0, 494)","(204, 331, 21, 484)"
2410125.jpg,wearing,hat,17,44,111,323,man,258,107,109,323,0,3,367,128,430,367,"(111, 128, 323, 367)","(109, 367, 323, 430)"
2391989.jpg,flying in,air,129,257,58,138,kites,73,176,84,189,0,3,395,187,365,157,"(58, 187, 138, 395)","(84, 157, 189, 365)"
2380265.jpg,sitting on,ground,158,240,174,258,person,110,99,193,314,1,3,498,332,413,303,"(174, 332, 258, 498)","(193, 303, 314, 413)"
2385711.jpg,sitting on,coaster,47,131,195,212,mug,163,130,59,211,1,3,343,242,341,222,"(195, 242, 212, 343)","(59, 222, 211, 341)"
2377560.jpg,sitting on,steps,65,139,307,230,lady,210,130,158,71,1,3,369,372,201,368,"(307, 372, 230, 369)","(158, 368, 71, 201)"
2328945.jpg,sitting on,rail,93,330,266,1,man,56,45,210,160,1,3,331,359,205,266,"(266, 359, 1, 331)","(210, 266, 160, 205)"
2363808.jpg,wearing,jacket,50,40,25,259,woman,58,44,16,259,0,3,299,75,303,74,"(25, 75, 259, 299)","(16, 74, 259, 303)"
2399890.jpg,wearing,glasses,24,65,67,158,man,343,209,32,78,0,3,223,91,287,375,"(67, 91, 158, 223)","(32, 375, 78, 287)"
2375487.jpg,sitting on,bed,167,311,141,83,box,36,35,173,314,1,3,394,308,349,209,"(141, 308, 83, 394)","(173, 209, 314, 349)"
2375602.jpg,wearing,suit,171,133,77,139,skier,234,133,37,139,0,3,272,248,272,271,"(77, 248, 139, 272)","(37, 271, 139, 272)"
2347042.jpg,sitting on,couch,174,137,60,0,person,89,85,146,0,1,3,137,234,85,235,"(60, 234, 0, 137)","(146, 235, 0, 85)"
2416273.jpg,wearing,necktie,148,64,155,124,man,493,331,4,1,0,3,188,303,332,497,"(155, 303, 124, 188)","(4, 497, 1, 332)"
2316488.jpg,sitting on,desk,119,484,208,13,note,35,58,295,357,1,3,497,327,415,330,"(208, 327, 13, 497)","(295, 330, 357, 415)"
2384320.jpg,wearing,coat,57,35,109,201,man,96,47,93,186,0,3,236,166,233,189,"(109, 166, 201, 236)","(93, 189, 186, 233)"
2393412.jpg,sitting on,bench,47,170,266,318,people,47,97,224,313,1,3,488,313,410,271,"(266, 313, 318, 488)","(224, 271, 313, 410)"
2322324.jpg,wearing,sunglasses,13,20,253,170,woman,130,67,245,163,0,3,190,266,230,375,"(253, 266, 170, 190)","(245, 375, 163, 230)"
1159585.jpg,sitting on,wall,76,743,150,277,man,184,89,50,747,1,3,1020,226,836,234,"(150, 226, 277, 1020)","(50, 234, 747, 836)"
285956.jpg,wearing,collar,12,25,81,195,cat,230,71,55,155,0,3,220,93,226,285,"(81, 93, 195, 220)","(55, 285, 155, 226)"
2324416.jpg,sitting on,bench,16,28,164,25,person,15,14,157,27,1,3,53,180,41,172,"(164, 180, 25, 53)","(157, 172, 27, 41)"
2391290.jpg,sitting on,snow,135,497,195,3,person,50,52,184,439,1,3,500,330,491,234,"(195, 330, 3, 500)","(184, 234, 439, 491)"
2380695.jpg,sitting on,beach,88,497,6,1,person,22,31,10,374,1,3,498,94,405,32,"(6, 94, 1, 498)","(10, 32, 374, 405)"
2390261.jpg,wearing,cover,113,124,148,375,man,177,122,85,376,0,3,499,261,498,262,"(148, 261, 375, 499)","(85, 262, 376, 498)"
2357559.jpg,sitting on,desk,84,142,277,116,cup,43,30,217,182,1,3,258,361,212,260,"(277, 361, 116, 258)","(217, 260, 182, 212)"
150366.jpg,sitting on,floor,302,1022,381,0,fan,224,213,459,603,1,3,1022,683,816,683,"(381, 683, 0, 1022)","(459, 683, 603, 816)"
2371689.jpg,wearing,hat,37,44,81,293,person,217,311,38,146,0,3,337,118,457,255,"(81, 118, 293, 337)","(38, 255, 146, 457)"
2392740.jpg,sitting on,surfboard,13,270,189,131,woman,133,99,68,229,1,3,401,202,328,201,"(189, 202, 131, 401)","(68, 201, 229, 328)"
2363191.jpg,wearing,shirt,103,124,342,3,woman,180,162,319,3,0,3,127,445,165,499,"(342, 445, 3, 127)","(319, 499, 3, 165)"
2396493.jpg,sitting on,stone,128,355,269,27,vase,196,192,200,97,1,3,382,397,289,396,"(269, 397, 27, 382)","(200, 396, 97, 289)"
2373618.jpg,eating,pizza,244,165,34,141,person,127,277,0,0,0,3,306,278,277,127,"(34, 278, 141, 306)","(0, 127, 0, 277)"
2332745.jpg,sitting on,step,13,63,121,1,dog,49,48,77,0,1,3,64,134,48,126,"(121, 134, 1, 64)","(77, 126, 0, 48)"
2394822.jpg,wearing,sweatshirt,49,36,116,178,guy,117,37,103,180,0,3,214,165,217,220,"(116, 165, 178, 214)","(103, 220, 180, 217)"
2353102.jpg,sitting on,runway,152,437,210,14,plane,286,325,0,172,1,3,451,362,497,286,"(210, 362, 14, 451)","(0, 286, 172, 497)"
1592108.jpg,wearing,shirt,228,228,381,385,man,228,228,381,385,0,3,613,609,613,609,"(381, 609, 385, 613)","(381, 609, 385, 613)"
2386663.jpg,sitting on,rock,44,53,270,359,bird,18,22,270,367,1,3,412,314,389,288,"(270, 314, 359, 412)","(270, 288, 367, 389)"
2340707.jpg,sitting on,grass,39,280,304,218,bear,282,269,60,214,1,3,498,343,483,342,"(304, 343, 218, 498)","(60, 342, 214, 483)"
2384950.jpg,sitting on,couch,195,499,136,1,woman,263,213,69,214,1,3,500,331,427,332,"(136, 331, 1, 500)","(69, 332, 214, 427)"
2414657.jpg,wearing,dress,187,99,141,69,girl,412,132,87,48,0,3,168,328,180,499,"(141, 328, 69, 168)","(87, 499, 48, 180)"
2395782.jpg,sitting on,elephant,236,411,58,15,man,155,70,5,161,1,3,426,294,231,160,"(58, 294, 15, 426)","(5, 160, 161, 231)"
2322445.jpg,sitting on,cement,95,490,152,5,airplane,152,448,56,22,1,3,495,247,470,208,"(152, 247, 5, 495)","(56, 208, 22, 470)"
2393725.jpg,sitting on,tree,386,495,1,1,bird,266,201,95,161,1,3,496,387,362,361,"(1, 387, 1, 496)","(95, 361, 161, 362)"
2384656.jpg,wearing,backpack,44,56,110,80,man,64,406,162,2,0,3,136,154,408,226,"(110, 154, 80, 136)","(162, 226, 2, 408)"
2401512.jpg,wearing,glasses,9,14,183,160,woman,58,44,174,155,0,3,174,192,199,232,"(183, 192, 160, 174)","(174, 232, 155, 199)"
2397910.jpg,sitting on,beach,98,484,276,11,people,64,407,311,90,1,3,495,374,497,375,"(276, 374, 11, 495)","(311, 375, 90, 497)"
150385.jpg,hanging from,pole,362,65,61,957,wires,213,1021,4,2,0,3,1022,423,1023,217,"(61, 423, 957, 1022)","(4, 217, 2, 1023)"
2401674.jpg,wearing,pants,66,76,167,281,man,140,135,106,279,0,3,357,233,414,246,"(167, 233, 281, 357)","(106, 246, 279, 414)"
547.jpg,sitting on,shelf,9,80,99,430,book,24,10,78,449,1,3,510,108,459,102,"(99, 108, 430, 510)","(78, 102, 449, 459)"
2330437.jpg,hanging from,ceiling,63,199,2,33,light,97,39,10,192,0,3,232,65,231,107,"(2, 65, 33, 232)","(10, 107, 192, 231)"
2408629.jpg,watching,play,493,395,1,1,coaches,239,291,72,1,0,3,396,494,292,311,"(1, 494, 1, 396)","(72, 311, 1, 292)"
2392242.jpg,sitting on,rice,42,116,33,268,fish,229,280,60,218,1,3,384,75,498,289,"(33, 75, 268, 384)","(60, 289, 218, 498)"
2358507.jpg,sitting on,chair,86,55,216,282,woman,100,63,201,286,1,3,337,302,349,301,"(216, 302, 282, 337)","(201, 301, 286, 349)"
2376049.jpg,standing on,snow,307,368,191,4,skier,401,194,61,95,0,3,372,498,289,462,"(191, 498, 4, 372)","(61, 462, 95, 289)"
2360390.jpg,wearing,jeans,22,44,274,140,man,199,175,88,79,0,3,184,296,254,287,"(274, 296, 140, 184)","(88, 287, 79, 254)"
2335021.jpg,wearing,pants,74,91,223,112,man,217,135,96,81,0,3,203,297,216,313,"(223, 297, 112, 203)","(96, 313, 81, 216)"
2315508.jpg,wearing,socks,50,97,152,93,boy,201,87,3,98,0,3,190,202,185,204,"(152, 202, 93, 190)","(3, 204, 98, 185)"
2326869.jpg,sitting on,chair,486,363,3,5,cat,212,282,265,43,1,3,368,489,325,477,"(3, 489, 5, 368)","(265, 477, 43, 325)"
2393497.jpg,covered in,powder,110,141,377,276,table,485,454,13,7,0,3,417,487,461,498,"(377, 487, 276, 417)","(13, 498, 7, 461)"
2322596.jpg,sitting on,table,142,496,230,2,flask,125,167,1,270,1,3,498,372,437,126,"(230, 372, 2, 498)","(1, 126, 270, 437)"
2363120.jpg,wearing,pants,58,129,112,69,woman,115,234,106,59,0,3,198,170,293,221,"(112, 170, 69, 198)","(106, 221, 59, 293)"
2396050.jpg,wearing,hat,17,51,112,162,man,168,137,104,111,0,3,213,129,248,272,"(112, 129, 162, 213)","(104, 272, 111, 248)"
2386643.jpg,sitting on,snow,333,499,0,1,people,35,27,25,244,1,3,500,333,271,60,"(0, 333, 1, 500)","(25, 60, 244, 271)"
2363851.jpg,sitting on,counter,495,332,2,0,plate,259,333,240,0,1,3,332,497,333,499,"(2, 497, 0, 332)","(240, 499, 0, 333)"
2400719.jpg,using,racket,19,8,190,388,woman,65,38,179,362,0,3,396,209,400,244,"(190, 209, 388, 396)","(179, 244, 362, 400)"
2390048.jpg,watching,skateboarder,106,101,103,174,man,67,39,213,241,0,3,275,209,280,280,"(103, 209, 174, 275)","(213, 280, 241, 280)"
2341136.jpg,sitting on,table,40,498,291,1,tape,37,96,296,319,1,3,499,331,415,333,"(291, 331, 1, 499)","(296, 333, 319, 415)"
2406597.jpg,wearing,jacket,123,221,63,110,man,297,248,51,84,0,3,331,186,332,348,"(63, 186, 110, 331)","(51, 348, 84, 332)"
2359256.jpg,wearing,jacket,139,128,139,177,man,280,129,93,182,0,3,305,278,311,373,"(139, 278, 177, 305)","(93, 373, 182, 311)"
2356152.jpg,wearing,shirt,120,70,329,67,woman,186,111,311,51,0,3,137,449,162,497,"(329, 449, 67, 137)","(311, 497, 51, 162)"
2396723.jpg,sitting on,lap,68,267,250,50,cat,133,118,194,27,1,3,317,318,145,327,"(250, 318, 50, 317)","(194, 327, 27, 145)"
2379567.jpg,wearing,shoe,14,40,328,221,man,233,85,120,219,0,3,261,342,304,353,"(328, 342, 221, 261)","(120, 353, 219, 304)"
86.jpg,sitting on,train,302,358,23,58,person,143,90,171,170,1,3,416,325,260,314,"(23, 325, 58, 416)","(171, 314, 170, 260)"
2333584.jpg,sitting on,shoulder,51,49,212,302,bird,87,71,185,264,1,3,351,263,335,272,"(212, 263, 302, 351)","(185, 272, 264, 335)"
2391584.jpg,wearing,sneakers,22,31,235,171,boy,154,71,174,30,0,3,202,257,101,328,"(235, 257, 171, 202)","(174, 328, 30, 101)"
2358076.jpg,sitting on,chair,159,68,71,213,woman,154,78,0,203,1,3,281,230,281,154,"(71, 230, 213, 281)","(0, 154, 203, 281)"
2353062.jpg,sitting on,couch,499,268,0,0,dog,420,328,49,0,1,3,268,499,328,469,"(0, 499, 0, 268)","(49, 469, 0, 328)"
2377948.jpg,wearing,shoes,89,66,214,89,man,104,135,81,127,0,3,155,303,262,185,"(214, 303, 89, 155)","(81, 185, 127, 262)"
385.jpg,sitting on,surface,114,240,117,117,mug,41,37,119,254,1,3,357,231,291,160,"(117, 231, 117, 357)","(119, 160, 254, 291)"
2350734.jpg,wearing,shoe,28,50,278,204,woman,246,225,62,177,0,3,254,306,402,308,"(278, 306, 204, 254)","(62, 308, 177, 402)"
2326156.jpg,wearing,shoe,36,29,165,71,boy,177,175,3,62,0,3,100,201,237,180,"(165, 201, 71, 100)","(3, 180, 62, 237)"
2366882.jpg,using,phone,81,45,90,149,worker,329,467,0,30,0,3,194,171,497,329,"(90, 171, 149, 194)","(0, 329, 30, 497)"
2387297.jpg,sitting on,field,199,497,300,2,girl,34,75,287,422,1,3,499,499,497,321,"(300, 499, 2, 499)","(287, 321, 422, 497)"
2355734.jpg,sitting on,street,212,369,286,2,cat,155,135,241,64,1,3,371,498,199,396,"(286, 498, 2, 371)","(241, 396, 64, 199)"
2344053.jpg,flying in,sky,497,331,2,2,kite,182,69,115,244,0,3,333,499,313,297,"(2, 499, 2, 333)","(115, 297, 244, 313)"
2357089.jpg,sitting on,bench,22,77,116,136,couple,47,104,111,125,1,3,213,138,229,158,"(116, 138, 136, 213)","(111, 158, 125, 229)"
2396276.jpg,parked on,floor,221,484,109,0,bike,28,13,84,41,0,3,484,330,54,112,"(109, 330, 0, 484)","(84, 112, 41, 54)"
2372782.jpg,sitting on,plate,111,238,27,69,donut,35,73,67,153,1,3,307,138,226,102,"(27, 138, 69, 307)","(67, 102, 153, 226)"
2414581.jpg,wearing,sweater,107,100,162,399,child,306,116,94,383,0,3,499,269,499,400,"(162, 269, 399, 499)","(94, 400, 383, 499)"
2381656.jpg,wearing,shoes,44,82,276,305,player,244,118,68,296,0,3,387,320,414,312,"(276, 320, 305, 387)","(68, 312, 296, 414)"
2385912.jpg,sitting on,ground,329,371,166,3,woman,302,203,91,155,1,3,374,495,358,393,"(166, 495, 3, 374)","(91, 393, 155, 358)"
2417447.jpg,sitting on,grass,302,320,196,1,toilet,78,58,341,168,1,3,321,498,226,419,"(196, 498, 1, 321)","(341, 419, 168, 226)"
2405580.jpg,wearing,pants,22,20,238,138,person,52,40,217,130,0,3,158,260,170,269,"(238, 260, 138, 158)","(217, 269, 130, 170)"
2319827.jpg,sitting on,bench,32,285,104,86,player,101,24,49,350,1,3,371,136,374,150,"(104, 136, 86, 371)","(49, 150, 350, 374)"
2401482.jpg,riding,train,91,303,145,81,people,21,20,163,169,0,3,384,236,189,184,"(145, 236, 81, 384)","(163, 184, 169, 189)"
2347793.jpg,sitting on,bike,181,129,145,242,person,217,115,85,264,1,3,371,326,379,302,"(145, 326, 242, 371)","(85, 302, 264, 379)"
2322257.jpg,sitting on,sofa,232,198,99,300,man,212,162,65,301,1,3,498,331,463,277,"(99, 331, 300, 498)","(65, 277, 301, 463)"
2410383.jpg,walking on,beach,69,321,262,50,people,64,27,195,437,0,3,371,331,464,259,"(262, 331, 50, 371)","(195, 259, 437, 464)"
2375606.jpg,wearing,hat,42,40,21,380,skateboarder,186,82,22,377,0,3,420,63,459,208,"(21, 63, 380, 420)","(22, 208, 377, 459)"
2356722.jpg,covered in,ice,25,100,209,309,lift,76,98,196,350,0,3,409,234,448,272,"(209, 234, 309, 409)","(196, 272, 350, 448)"
2412793.jpg,wearing,bikini,37,28,107,455,mom,50,62,92,433,0,3,483,144,495,142,"(107, 144, 455, 483)","(92, 142, 433, 495)"
2378837.jpg,sitting on,table,170,235,301,124,lamp,135,66,225,272,1,3,359,471,338,360,"(301, 471, 124, 359)","(225, 360, 272, 338)"
2387622.jpg,sitting on,bench,499,360,0,13,soda,121,93,241,106,1,3,373,499,199,362,"(0, 499, 13, 373)","(241, 362, 106, 199)"
2320281.jpg,sitting on,bench,162,499,168,0,boy,214,209,108,148,1,3,499,330,357,322,"(168, 330, 0, 499)","(108, 322, 148, 357)"
2323801.jpg,wearing,hat,76,40,59,404,he,286,462,23,17,0,3,444,135,479,309,"(59, 135, 404, 444)","(23, 309, 17, 479)"
2341172.jpg,sitting on,grass,437,460,50,18,dog,299,191,66,205,1,3,478,487,396,365,"(50, 487, 18, 478)","(66, 365, 205, 396)"
2401759.jpg,sitting on,counter,42,185,327,31,box,29,35,307,156,1,3,216,369,191,336,"(327, 369, 31, 216)","(307, 336, 156, 191)"
2402536.jpg,wearing,uniform,213,77,60,142,man,301,128,31,118,0,3,219,273,246,332,"(60, 273, 142, 219)","(31, 332, 118, 246)"
2325711.jpg,sitting on,desk,78,61,230,295,papers,168,134,200,357,1,3,356,308,491,368,"(230, 308, 295, 356)","(200, 368, 357, 491)"
2389680.jpg,sitting on,bench,96,225,195,273,female,212,103,78,323,1,3,498,291,426,290,"(195, 291, 273, 498)","(78, 290, 323, 426)"
2339811.jpg,sitting on,blanket,15,22,248,221,people,38,125,155,373,1,3,243,263,498,193,"(248, 263, 221, 243)","(155, 193, 373, 498)"
2333403.jpg,sitting on,cart,243,232,92,171,person,70,49,116,287,1,3,403,335,336,186,"(92, 335, 171, 403)","(116, 186, 287, 336)"
2417957.jpg,wearing,ring,10,16,194,297,person,499,292,0,1,0,3,313,204,293,499,"(194, 204, 297, 313)","(0, 499, 1, 293)"
2374409.jpg,sitting on,table,373,497,1,2,bowl,374,498,0,1,1,3,499,374,499,374,"(1, 374, 2, 499)","(0, 374, 1, 499)"
2413661.jpg,sitting on,desk,150,137,114,1,computer,43,84,132,86,1,3,138,264,170,175,"(114, 264, 1, 138)","(132, 175, 86, 170)"
2403830.jpg,sitting on,ground,83,235,290,249,can,30,43,313,88,1,3,484,373,131,343,"(290, 373, 249, 484)","(313, 343, 88, 131)"
2352969.jpg,hanging from,ceiling,77,495,1,0,light,22,40,48,109,0,3,495,78,149,70,"(1, 78, 0, 495)","(48, 70, 109, 149)"
2347815.jpg,wearing,glove,17,18,29,213,man,90,110,30,166,0,3,231,46,276,120,"(29, 46, 213, 231)","(30, 120, 166, 276)"
2396205.jpg,sitting on,horse,330,217,169,93,man,349,162,50,145,1,3,310,499,307,399,"(169, 499, 93, 310)","(50, 399, 145, 307)"
2317770.jpg,sitting on,railing,64,293,104,200,boys,36,17,100,272,1,3,493,168,289,136,"(104, 168, 200, 493)","(100, 136, 272, 289)"
2353948.jpg,watching,parade,310,434,1,15,couple,94,41,62,453,0,3,449,311,494,156,"(1, 311, 15, 449)","(62, 156, 453, 494)"
2342793.jpg,sitting on,desk,205,381,166,1,monitor,79,94,91,58,1,3,382,371,152,170,"(166, 371, 1, 382)","(91, 170, 58, 152)"
2356225.jpg,painted on,train,192,326,109,22,letter,20,17,197,140,0,3,348,301,157,217,"(109, 301, 22, 348)","(197, 217, 140, 157)"
2342474.jpg,sitting on,boat,18,104,211,279,man,16,21,202,295,1,3,383,229,316,218,"(211, 229, 279, 383)","(202, 218, 295, 316)"
2340448.jpg,sitting on,table,85,47,240,392,soda,41,24,32,323,1,3,439,325,347,73,"(240, 325, 392, 439)","(32, 73, 323, 347)"
2357353.jpg,sitting on,bench,119,357,247,101,male,211,132,157,184,1,3,458,366,316,368,"(247, 366, 101, 458)","(157, 368, 184, 316)"
713648.jpg,wearing,jacket,742,749,275,5,man,612,631,44,99,0,3,754,1017,730,656,"(275, 1017, 5, 754)","(44, 656, 99, 730)"
2395719.jpg,sitting on,table,273,499,58,0,can,73,39,88,432,1,3,499,331,471,161,"(58, 331, 0, 499)","(88, 161, 432, 471)"
2411679.jpg,walking on,road,173,184,235,104,person,111,45,233,170,0,3,288,408,215,344,"(235, 408, 104, 288)","(233, 344, 170, 215)"
2376446.jpg,standing on,grass,107,427,391,4,man,81,31,347,337,0,3,431,498,368,428,"(391, 498, 4, 431)","(347, 428, 337, 368)"
2392353.jpg,wearing,boot,27,43,371,107,guy,355,149,39,1,0,3,150,398,150,394,"(371, 398, 107, 150)","(39, 394, 1, 150)"
2380035.jpg,sitting on,pan,235,332,262,0,doughnut,42,71,332,221,1,3,332,497,292,374,"(262, 497, 0, 332)","(332, 374, 221, 292)"
2353818.jpg,sitting on,water,282,495,49,3,boy,71,54,121,263,1,3,498,331,317,192,"(49, 331, 3, 498)","(121, 192, 263, 317)"
2399053.jpg,sitting on,bench,282,433,56,41,woman,306,209,10,189,1,3,474,338,398,316,"(56, 338, 41, 474)","(10, 316, 189, 398)"
2396123.jpg,sitting on,boat,25,85,135,45,motor,21,22,131,58,1,3,130,160,80,152,"(135, 160, 45, 130)","(131, 152, 58, 80)"
2366013.jpg,sitting on,grass,141,500,192,0,child,19,12,233,74,1,3,500,333,86,252,"(192, 333, 0, 500)","(233, 252, 74, 86)"
4615.jpg,parked on,road,186,270,410,1,vehicle,35,58,561,213,0,3,271,596,271,596,"(410, 596, 1, 271)","(561, 596, 213, 271)"
2416289.jpg,wearing,costume,78,86,65,19,person,90,101,49,23,0,3,105,143,124,139,"(65, 143, 19, 105)","(49, 139, 23, 124)"
2322143.jpg,sitting on,ground,91,328,408,3,rock,15,15,431,50,1,3,331,499,65,446,"(408, 499, 3, 331)","(431, 446, 50, 65)"
2385302.jpg,sitting on,carpet,373,496,1,3,purse,138,211,127,89,1,3,499,374,300,265,"(1, 374, 3, 499)","(127, 265, 89, 300)"
2374381.jpg,sitting on,bench,99,467,249,32,men,234,209,120,100,1,3,499,348,309,354,"(249, 348, 32, 499)","(120, 354, 100, 309)"
2399035.jpg,sitting on,rug,260,190,62,186,person,219,208,55,30,1,3,376,322,238,274,"(62, 322, 186, 376)","(55, 274, 30, 238)"
713780.jpg,sitting on,head,59,68,191,765,hat,40,67,191,767,1,3,833,250,834,231,"(191, 250, 765, 833)","(191, 231, 767, 834)"
2409472.jpg,carrying,umbrella,49,198,28,4,man,308,113,65,18,0,3,202,77,131,373,"(28, 77, 4, 202)","(65, 373, 18, 131)"
2379019.jpg,using,phone,124,44,247,272,man,223,318,151,70,0,3,316,371,388,374,"(247, 371, 272, 316)","(151, 374, 70, 388)"
2395878.jpg,sitting on,grass,220,499,58,0,bird,14,13,151,43,1,3,499,278,56,165,"(58, 278, 0, 499)","(151, 165, 43, 56)"
2335724.jpg,flying in,sky,142,498,2,0,kite,15,11,116,147,0,3,498,144,158,131,"(2, 144, 0, 498)","(116, 131, 147, 158)"
2328542.jpg,sitting on,pavement,262,482,234,11,suitcase,115,65,357,427,1,3,493,496,492,472,"(234, 496, 11, 493)","(357, 472, 427, 492)"
2395818.jpg,sitting on,floor,119,168,256,29,dog,86,67,260,29,1,3,197,375,96,346,"(256, 375, 29, 197)","(260, 346, 29, 96)"
2390093.jpg,sitting on,desk,221,499,104,0,speaker,41,22,73,194,1,3,499,325,216,114,"(104, 325, 0, 499)","(73, 114, 194, 216)"
2393370.jpg,wearing,sweater,86,73,142,117,woman,215,79,110,119,0,3,190,228,198,325,"(142, 228, 117, 190)","(110, 325, 119, 198)"
2340508.jpg,wearing,jacket,107,104,114,299,adult,188,138,89,271,0,3,403,221,409,277,"(114, 221, 299, 403)","(89, 277, 271, 409)"
2415344.jpg,mounted on,train,139,109,117,62,headlight,20,23,125,100,0,3,171,256,123,145,"(117, 256, 62, 171)","(125, 145, 100, 123)"
2327527.jpg,sitting on,beach,181,498,192,0,person,15,18,200,32,1,3,498,373,50,215,"(192, 373, 0, 498)","(200, 215, 32, 50)"
2317486.jpg,sitting on,table,258,493,77,3,bowl,178,201,31,144,1,3,496,335,345,209,"(77, 335, 3, 496)","(31, 209, 144, 345)"
2375219.jpg,wearing,cap,17,40,170,412,umpire,143,97,164,396,0,3,452,187,493,307,"(170, 187, 412, 452)","(164, 307, 396, 493)"
2357816.jpg,sitting on,motorcycle,179,60,183,279,helmet,37,50,144,283,1,3,339,362,333,181,"(183, 362, 279, 339)","(144, 181, 283, 333)"
2377521.jpg,sitting on,ground,87,499,224,0,spectator,76,35,200,447,1,3,499,311,482,276,"(224, 311, 0, 499)","(200, 276, 447, 482)"
2376428.jpg,sitting on,ramp,365,333,131,0,boy,73,51,123,63,1,3,333,496,114,196,"(131, 496, 0, 333)","(123, 196, 63, 114)"
2349447.jpg,wearing,t-shirt,85,80,162,194,man,240,85,124,192,0,3,274,247,277,364,"(162, 247, 194, 274)","(124, 364, 192, 277)"
2372795.jpg,riding,surfboard,39,186,447,252,man,468,312,21,126,0,3,438,486,438,489,"(447, 486, 252, 438)","(21, 489, 126, 438)"
2318558.jpg,standing on,hillside,171,297,2,122,tree,34,13,130,312,0,3,419,173,325,164,"(2, 173, 122, 419)","(130, 164, 312, 325)"
2404978.jpg,sitting on,head,47,35,4,253,hat,26,32,2,255,1,3,288,51,287,28,"(4, 51, 253, 288)","(2, 28, 255, 287)"
2657.jpg,sitting on,back,266,188,49,217,bird,33,55,156,297,1,3,405,315,352,189,"(49, 315, 217, 405)","(156, 189, 297, 352)"
2356329.jpg,sitting on,beach,312,498,125,1,person,14,13,152,144,1,3,499,437,157,166,"(125, 437, 1, 499)","(152, 166, 144, 157)"
2349843.jpg,playing,frisbee,25,25,47,326,child,80,32,164,330,0,3,351,72,362,244,"(47, 72, 326, 351)","(164, 244, 330, 362)"
1592277.jpg,wearing,jacket,83,67,322,165,man,93,94,322,137,0,3,232,405,231,415,"(322, 405, 165, 232)","(322, 415, 137, 231)"
2412376.jpg,sitting on,bench,114,104,83,24,man,169,158,17,47,1,3,128,197,205,186,"(83, 197, 24, 128)","(17, 186, 47, 205)"
2416962.jpg,wearing,belt,8,21,203,365,batter,188,157,126,286,0,3,386,211,443,314,"(203, 211, 365, 386)","(126, 314, 286, 443)"
2347281.jpg,sitting on,table,282,347,214,0,sign,179,110,107,181,1,3,347,496,291,286,"(214, 496, 0, 347)","(107, 286, 181, 291)"
2365532.jpg,parked on,ground,145,495,185,2,airplane,127,489,83,1,0,3,497,330,490,210,"(185, 330, 2, 497)","(83, 210, 1, 490)"
2396193.jpg,riding,bicycle,151,68,184,101,man,200,98,109,74,0,3,169,335,172,309,"(184, 335, 101, 169)","(109, 309, 74, 172)"
2339241.jpg,wearing,suspenders,162,97,106,245,guy,327,265,21,160,0,3,342,268,425,348,"(106, 268, 245, 342)","(21, 348, 160, 425)"
2367970.jpg,sitting on,bench,45,94,9,146,person,26,17,2,203,1,3,240,54,220,28,"(9, 54, 146, 240)","(2, 28, 203, 220)"
2343943.jpg,wearing,shirt,110,169,390,6,woman,427,230,73,2,0,3,175,500,232,500,"(390, 500, 6, 175)","(73, 500, 2, 232)"
591.jpg,wearing,glasses,12,28,381,54,man,263,111,367,15,0,3,82,393,126,630,"(381, 393, 54, 82)","(367, 630, 15, 126)"
2410557.jpg,playing,soccer,66,105,232,119,people,199,434,49,65,0,3,224,298,499,248,"(232, 298, 119, 224)","(49, 248, 65, 499)"
2368485.jpg,sitting on,building,320,340,54,152,bird,10,15,232,174,1,3,492,374,189,242,"(54, 374, 152, 492)","(232, 242, 174, 189)"
2335998.jpg,wearing,necklace,29,49,112,246,child,216,121,55,205,0,3,295,141,326,271,"(112, 141, 246, 295)","(55, 271, 205, 326)"
2406036.jpg,wearing,cap,24,38,96,291,batter,181,114,76,268,0,3,329,120,382,257,"(96, 120, 291, 329)","(76, 257, 268, 382)"
2414521.jpg,sitting on,chair,169,200,331,22,lady,321,298,178,21,1,3,222,500,319,499,"(331, 500, 22, 222)","(178, 499, 21, 319)"
2361976.jpg,sitting on,couch,183,452,145,0,person,195,49,79,0,1,3,452,328,49,274,"(145, 328, 0, 452)","(79, 274, 0, 49)"
2367137.jpg,watching,tennis,103,396,106,96,people,56,173,23,50,0,3,492,209,223,79,"(106, 209, 96, 492)","(23, 79, 50, 223)"
2410796.jpg,sitting on,oven,188,409,132,70,figurine,54,52,200,240,1,3,479,320,292,254,"(132, 320, 70, 479)","(200, 254, 240, 292)"
2410977.jpg,wearing,t-shirt,188,107,136,1,man,277,118,52,2,0,3,108,324,120,329,"(136, 324, 1, 108)","(52, 329, 2, 120)"
2355984.jpg,sitting on,grass,61,156,155,216,man,69,61,108,238,1,3,372,216,299,177,"(155, 216, 216, 372)","(108, 177, 238, 299)"
2341852.jpg,playing,frisbee,330,492,2,6,team,129,318,109,172,0,3,498,332,490,238,"(2, 332, 6, 498)","(109, 238, 172, 490)"
2348184.jpg,standing on,leg,66,32,198,71,zebra,166,245,17,168,0,3,103,264,413,183,"(198, 264, 71, 103)","(17, 183, 168, 413)"
2379883.jpg,says,stop,92,87,208,92,light,300,261,199,65,0,3,179,300,326,499,"(208, 300, 92, 179)","(199, 499, 65, 326)"
2328571.jpg,wearing,boots,76,38,409,117,woman,388,124,96,29,0,3,155,485,153,484,"(409, 485, 117, 155)","(96, 484, 29, 153)"
2353857.jpg,wearing,shorts,76,67,7,323,man,413,217,5,233,0,3,390,83,450,418,"(7, 83, 323, 390)","(5, 418, 233, 450)"
2320545.jpg,sitting on,trunk,163,492,169,3,bird,71,56,124,219,1,3,495,332,275,195,"(169, 332, 3, 495)","(124, 195, 219, 275)"
2378746.jpg,standing on,lawn,293,497,160,2,person,223,65,159,286,0,3,499,453,351,382,"(160, 453, 2, 499)","(159, 382, 286, 351)"
2354779.jpg,sitting on,floor,222,256,277,118,boy,324,154,76,170,1,3,374,499,324,400,"(277, 499, 118, 374)","(76, 400, 170, 324)"
2391248.jpg,wearing,eyeglasses,18,41,87,258,woman,315,306,59,142,0,3,299,105,448,374,"(87, 105, 258, 299)","(59, 374, 142, 448)"
2357695.jpg,sitting on,statue,255,105,31,100,woman,251,104,29,97,1,3,205,286,201,280,"(31, 286, 100, 205)","(29, 280, 97, 201)"
2389598.jpg,sitting on,bench,143,362,231,1,person,168,174,135,175,1,3,363,374,349,303,"(231, 374, 1, 363)","(135, 303, 175, 349)"
2401102.jpg,sitting on,box,47,185,251,280,laptop,120,138,150,305,1,3,465,298,443,270,"(251, 298, 280, 465)","(150, 270, 305, 443)"
2349703.jpg,walking in,road,144,270,139,9,people,44,55,92,196,0,3,279,283,251,136,"(139, 283, 9, 279)","(92, 136, 196, 251)"
2403550.jpg,wearing,shorts,12,12,462,264,woman,80,22,419,127,0,3,276,474,149,499,"(462, 474, 264, 276)","(419, 499, 127, 149)"
2366340.jpg,wearing,saddle,56,71,48,318,horse,163,196,80,216,0,3,389,104,412,243,"(48, 104, 318, 389)","(80, 243, 216, 412)"
2332912.jpg,sitting on,car,368,494,1,2,bear,199,198,55,140,1,3,496,369,338,254,"(1, 369, 2, 496)","(55, 254, 140, 338)"
2360947.jpg,wearing,pants,58,33,184,242,woman,141,59,117,226,0,3,275,242,285,258,"(184, 242, 242, 275)","(117, 258, 226, 285)"
2372710.jpg,standing on,platform,20,53,158,345,person,10,7,146,388,0,3,398,178,395,156,"(158, 178, 345, 398)","(146, 156, 388, 395)"
2374589.jpg,sitting on,bleachers,63,183,167,182,spectators,118,368,100,6,1,3,365,230,374,218,"(167, 230, 182, 365)","(100, 218, 6, 374)"
2382115.jpg,wearing,watch,27,25,343,413,man,178,152,207,335,0,3,438,370,487,385,"(343, 370, 413, 438)","(207, 385, 335, 487)"
2408.jpg,sitting on,bench,36,49,200,128,person,70,37,181,144,1,3,177,236,181,251,"(200, 236, 128, 177)","(181, 251, 144, 181)"
2382819.jpg,sitting on,plate,373,499,1,0,cucumber,74,39,65,460,1,3,499,374,499,139,"(1, 374, 0, 499)","(65, 139, 460, 499)"
2398733.jpg,parked on,roadside,22,137,235,1,car,23,26,226,85,0,3,138,257,111,249,"(235, 257, 1, 138)","(226, 249, 85, 111)"
2366971.jpg,sitting on,table,80,419,251,36,bowl,45,44,259,156,1,3,455,331,200,304,"(251, 331, 36, 455)","(259, 304, 156, 200)"
2356087.jpg,wearing,napkin,145,206,176,45,girl,321,308,32,0,0,3,251,321,308,353,"(176, 321, 45, 251)","(32, 353, 0, 308)"
1609.jpg,sitting on,bench,158,125,434,643,person,104,64,493,732,1,3,768,592,796,597,"(434, 592, 643, 768)","(493, 597, 732, 796)"
2385897.jpg,sitting on,ground,54,484,278,1,man,101,63,189,375,1,3,485,332,438,290,"(278, 332, 1, 485)","(189, 290, 375, 438)"
2408294.jpg,sitting on,bench,185,429,82,2,people,91,261,3,44,1,3,431,267,305,94,"(82, 267, 2, 431)","(3, 94, 44, 305)"
2351746.jpg,sitting on,bus,491,492,2,5,man,265,78,214,27,1,3,497,493,105,479,"(2, 493, 5, 497)","(214, 479, 27, 105)"
2377097.jpg,sitting on,stand,234,285,65,211,cake,25,67,262,378,1,3,496,299,445,287,"(65, 299, 211, 496)","(262, 287, 378, 445)"
2348110.jpg,sitting on,ground,198,497,175,0,giraffe,27,49,242,138,1,3,497,373,187,269,"(175, 373, 0, 497)","(242, 269, 138, 187)"
2403337.jpg,standing on,sidewalk,121,478,253,21,girl,231,101,114,154,0,3,499,374,255,345,"(253, 374, 21, 499)","(114, 345, 154, 255)"
2404326.jpg,wearing,jacket,92,110,77,241,woman,261,112,36,241,0,3,351,169,353,297,"(77, 169, 241, 351)","(36, 297, 241, 353)"
2390269.jpg,sitting on,plate,43,170,237,25,bread,36,85,243,36,1,3,195,280,121,279,"(237, 280, 25, 195)","(243, 279, 36, 121)"
2356926.jpg,wearing,vest,71,74,253,92,man,114,120,215,64,0,3,166,324,184,329,"(253, 324, 92, 166)","(215, 329, 64, 184)"
2405526.jpg,growing on,tree,251,112,1,372,leaf,3,3,47,405,0,3,484,252,408,50,"(1, 252, 372, 484)","(47, 50, 405, 408)"
2377727.jpg,sitting on,lap,23,42,272,50,girl,98,33,219,55,1,3,92,295,88,317,"(272, 295, 50, 92)","(219, 317, 55, 88)"
2358806.jpg,sitting on,snow,24,45,339,350,skiers,256,434,73,33,1,3,395,363,467,329,"(339, 363, 350, 395)","(73, 329, 33, 467)"
2318071.jpg,riding,horse,117,145,101,98,man,134,73,49,120,0,3,243,218,193,183,"(101, 218, 98, 243)","(49, 183, 120, 193)"
2345370.jpg,wearing,helmet,15,40,142,220,man,225,67,142,212,0,3,260,157,279,367,"(142, 157, 220, 260)","(142, 367, 212, 279)"
2380739.jpg,wearing,shoes,45,116,333,175,man,317,121,47,160,0,3,291,378,281,364,"(333, 378, 175, 291)","(47, 364, 160, 281)"
2394045.jpg,sitting on,bench,67,133,154,189,people,43,133,143,194,1,3,322,221,327,186,"(154, 221, 189, 322)","(143, 186, 194, 327)"
2339185.jpg,standing on,runway,141,499,226,0,people,29,32,228,411,0,3,499,367,443,257,"(226, 367, 0, 499)","(228, 257, 411, 443)"
2403066.jpg,sitting on,desk,145,462,230,13,baby,198,174,110,154,1,3,475,375,328,308,"(230, 375, 13, 475)","(110, 308, 154, 328)"
2324703.jpg,sitting on,ground,178,493,101,5,boy,79,98,168,88,1,3,498,279,186,247,"(101, 279, 5, 498)","(168, 247, 88, 186)"
2398935.jpg,sitting on,table,164,368,336,5,hand,42,59,294,314,1,3,373,500,373,336,"(336, 500, 5, 373)","(294, 336, 314, 373)"
2411677.jpg,eating,grass,171,495,160,1,sheep,45,66,251,66,0,3,496,331,132,296,"(160, 331, 1, 496)","(251, 296, 66, 132)"
2354690.jpg,sitting on,couch,75,150,170,4,woman,129,65,149,2,1,3,154,245,67,278,"(170, 245, 4, 154)","(149, 278, 2, 67)"
2416915.jpg,covered in,food,248,377,231,16,tabletop,434,430,64,50,0,3,393,479,480,498,"(231, 479, 16, 393)","(64, 498, 50, 480)"
2391001.jpg,wearing,helmet,19,28,57,127,passenger,139,38,58,117,0,3,155,76,155,197,"(57, 76, 127, 155)","(58, 197, 117, 155)"
2358137.jpg,sitting on,table,116,107,172,12,controller,41,78,160,19,1,3,119,288,97,201,"(172, 288, 12, 119)","(160, 201, 19, 97)"
2320422.jpg,sitting on,ground,54,133,276,7,rock,142,117,149,4,1,3,140,330,121,291,"(276, 330, 7, 140)","(149, 291, 4, 121)"
2389428.jpg,carrying,surfboard,47,182,71,268,man,144,73,36,318,0,3,450,118,391,180,"(71, 118, 268, 450)","(36, 180, 318, 391)"
2366280.jpg,sitting on,road,145,498,229,1,bus,263,427,49,40,1,3,499,374,467,312,"(229, 374, 1, 499)","(49, 312, 40, 467)"
2352836.jpg,sitting on,people,30,175,235,320,people,39,496,285,2,1,3,495,265,498,324,"(235, 265, 320, 495)","(285, 324, 2, 498)"
327.jpg,parked on,sidewalk,357,624,241,108,bicycle,176,156,404,565,0,3,732,598,721,580,"(241, 598, 108, 732)","(404, 580, 565, 721)"
167.jpg,wearing,coat,59,61,161,53,woman,149,75,132,39,0,3,114,220,114,281,"(161, 220, 53, 114)","(132, 281, 39, 114)"
2383374.jpg,sitting on,towel,9,37,318,190,woman,101,79,221,151,1,3,227,327,230,322,"(318, 327, 190, 227)","(221, 322, 151, 230)"
2399850.jpg,sitting on,bed,338,272,161,38,doll,47,62,283,148,1,3,310,499,210,330,"(161, 499, 38, 310)","(283, 330, 148, 210)"
2382636.jpg,sitting on,bench,61,77,295,1,woman,62,24,243,2,1,3,78,356,26,305,"(295, 356, 1, 78)","(243, 305, 2, 26)"
2349366.jpg,wearing,bracelet,32,21,355,224,woman,456,227,43,115,0,3,245,387,342,499,"(355, 387, 224, 245)","(43, 499, 115, 342)"
2329996.jpg,wearing,shirt,85,126,246,290,man,128,140,203,282,0,3,416,331,422,331,"(246, 331, 290, 416)","(203, 331, 282, 422)"
1592841.jpg,sitting on,bench,169,193,489,136,man,374,187,293,214,1,3,329,658,401,667,"(489, 658, 136, 329)","(293, 667, 214, 401)"
2383138.jpg,sitting on,edge,55,252,83,3,man,112,88,1,114,1,3,255,138,202,113,"(83, 138, 3, 255)","(1, 113, 114, 202)"
2361346.jpg,parked on,platform,49,115,139,0,bicycles,62,95,105,8,0,3,115,188,103,167,"(139, 188, 0, 115)","(105, 167, 8, 103)"
2338559.jpg,sitting on,beach,74,321,423,1,person,12,13,433,130,1,3,322,497,143,445,"(423, 497, 1, 322)","(433, 445, 130, 143)"
2381040.jpg,sitting on,road,122,498,185,1,tire,97,48,200,324,1,3,499,307,372,297,"(185, 307, 1, 499)","(200, 297, 324, 372)"
2382435.jpg,wearing,boot,83,62,250,150,man,302,113,30,99,0,3,212,333,212,332,"(250, 333, 150, 212)","(30, 332, 99, 212)"
2390761.jpg,sitting on,counter,43,144,240,35,container,36,31,233,62,1,3,179,283,93,269,"(240, 283, 35, 179)","(233, 269, 62, 93)"
2402255.jpg,sitting on,clock,182,170,306,71,swan,264,297,54,20,1,3,241,488,317,318,"(306, 488, 71, 241)","(54, 318, 20, 317)"
2396142.jpg,wearing,shirt,70,61,204,130,man,291,119,150,90,0,3,191,274,209,441,"(204, 274, 130, 191)","(150, 441, 90, 209)"
2370047.jpg,sitting on,carpet,99,498,273,1,children,368,435,3,6,1,3,499,372,441,371,"(273, 372, 1, 499)","(3, 371, 6, 441)"
2384272.jpg,sitting on,shelf,33,113,204,1,bottle,15,9,194,78,1,3,114,237,87,209,"(204, 237, 1, 114)","(194, 209, 78, 87)"
2372394.jpg,sitting on,arm,125,102,130,219,owl,135,73,41,280,1,3,321,255,353,176,"(130, 255, 219, 321)","(41, 176, 280, 353)"
2375083.jpg,sitting on,elephant,232,182,70,158,man,73,48,20,265,1,3,340,302,313,93,"(70, 302, 158, 340)","(20, 93, 265, 313)"
2320078.jpg,sitting on,seat,42,129,103,235,driver,89,80,35,216,1,3,364,145,296,124,"(103, 145, 235, 364)","(35, 124, 216, 296)"
2333117.jpg,sitting on,dirt,159,318,329,10,giraffe,139,106,255,132,1,3,328,488,238,394,"(329, 488, 10, 328)","(255, 394, 132, 238)"
2329810.jpg,wearing,hat,17,25,135,138,cook,75,55,137,127,0,3,163,152,182,212,"(135, 152, 138, 163)","(137, 212, 127, 182)"
2417596.jpg,sitting on,curb,85,310,207,170,man,96,70,163,278,1,3,480,292,348,259,"(207, 292, 170, 480)","(163, 259, 278, 348)"
2319031.jpg,wearing,shirt,112,72,59,75,man,273,66,21,77,0,3,147,171,143,294,"(59, 171, 75, 147)","(21, 294, 77, 143)"
2339916.jpg,sitting on,table,292,466,79,1,plate,52,139,232,220,1,3,467,371,359,284,"(79, 371, 1, 467)","(232, 284, 220, 359)"
713121.jpg,sitting on,table,619,672,402,4,fork,113,191,817,457,1,3,676,1021,648,930,"(402, 1021, 4, 676)","(817, 930, 457, 648)"
2389529.jpg,sitting on,stand,15,51,254,347,lamp,76,48,180,347,1,3,398,269,395,256,"(254, 269, 347, 398)","(180, 256, 347, 395)"
2376360.jpg,sitting on,bench,142,174,167,325,bag,27,42,149,380,1,3,499,309,422,176,"(167, 309, 325, 499)","(149, 176, 380, 422)"
2348611.jpg,sitting on,bleachers,47,314,293,93,player,147,58,196,286,1,3,407,340,344,343,"(293, 340, 93, 407)","(196, 343, 286, 344)"
2346361.jpg,wearing,gloves,23,26,310,52,person,162,142,235,28,0,3,78,333,170,397,"(310, 333, 52, 78)","(235, 397, 28, 170)"
2345607.jpg,wearing,ring,15,20,190,128,bride,121,160,81,33,0,3,148,205,193,202,"(190, 205, 128, 148)","(81, 202, 33, 193)"
2338770.jpg,parked on,road,72,85,213,291,car,46,58,173,316,0,3,376,285,374,219,"(213, 285, 291, 376)","(173, 219, 316, 374)"
2376289.jpg,sitting on,step,45,181,221,20,person,24,16,229,51,1,3,201,266,67,253,"(221, 266, 20, 201)","(229, 253, 51, 67)"
2402312.jpg,sitting on,table,368,490,8,8,glass,143,74,2,255,1,3,498,376,329,145,"(8, 376, 8, 498)","(2, 145, 255, 329)"
2366512.jpg,sitting on,ground,28,35,244,6,person,45,22,203,1,1,3,41,272,23,248,"(244, 272, 6, 41)","(203, 248, 1, 23)"
2399857.jpg,wearing,shoes,30,88,296,244,girl,231,142,96,200,0,3,332,326,342,327,"(296, 326, 244, 332)","(96, 327, 200, 342)"
2413161.jpg,wearing,pants,36,24,272,248,person,92,38,216,243,0,3,272,308,281,308,"(272, 308, 248, 272)","(216, 308, 243, 281)"
2370904.jpg,sitting on,saucer,89,181,150,20,cup,196,217,23,16,1,3,201,239,233,219,"(150, 239, 20, 201)","(23, 219, 16, 233)"
2396951.jpg,sitting on,snow,242,498,133,1,person,31,16,177,3,1,3,499,375,19,208,"(133, 375, 1, 499)","(177, 208, 3, 19)"
2391090.jpg,painted on,road,102,499,228,1,line,7,32,276,130,0,3,500,330,162,283,"(228, 330, 1, 500)","(276, 283, 130, 162)"
2354201.jpg,sitting on,nightstand,31,86,303,58,clock,19,20,302,53,1,3,144,334,73,321,"(303, 334, 58, 144)","(302, 321, 53, 73)"
2377113.jpg,walking on,beach,167,495,163,3,four,163,58,73,240,0,3,498,330,298,236,"(163, 330, 3, 498)","(73, 236, 240, 298)"
2388962.jpg,watching,baseball,21,21,141,43,batter,121,138,32,127,0,3,64,162,265,153,"(141, 162, 43, 64)","(32, 153, 127, 265)"
2381924.jpg,wearing,shirt,84,57,149,137,man,217,234,57,28,0,3,194,233,262,274,"(149, 233, 137, 194)","(57, 274, 28, 262)"
2344869.jpg,sitting on,seat,24,22,150,85,policeman,210,92,31,13,1,3,107,174,105,241,"(150, 174, 85, 107)","(31, 241, 13, 105)"
2378524.jpg,sitting on,counter,210,330,287,1,holder,426,153,2,167,1,3,331,497,320,428,"(287, 497, 1, 331)","(2, 428, 167, 320)"
2398627.jpg,wearing,jeans,61,263,270,173,man,316,398,13,38,0,3,436,331,436,329,"(270, 331, 173, 436)","(13, 329, 38, 436)"
2393283.jpg,wearing,shirt,93,46,386,1,man,154,75,345,1,0,3,47,479,76,499,"(386, 479, 1, 47)","(345, 499, 1, 76)"
2384382.jpg,sitting on,saucer,75,95,108,404,mug,117,50,45,450,1,3,499,183,500,162,"(108, 183, 404, 499)","(45, 162, 450, 500)"
2369019.jpg,sitting on,chair,93,248,282,1,bird,194,165,132,145,1,3,249,375,310,326,"(282, 375, 1, 249)","(132, 326, 145, 310)"
2354458.jpg,sitting on,shore,43,477,285,8,boats,210,218,47,213,1,3,485,328,431,257,"(285, 328, 8, 485)","(47, 257, 213, 431)"
2403198.jpg,wearing,black,52,16,53,84,man,65,33,26,64,0,3,100,105,97,91,"(53, 105, 84, 100)","(26, 91, 64, 97)"
2357419.jpg,sitting on,shelf,12,36,358,330,shoe,12,13,350,343,1,3,366,370,356,362,"(358, 370, 330, 366)","(350, 362, 343, 356)"
2388144.jpg,says,nadal,22,24,85,178,watermark,20,29,104,175,0,3,202,107,204,124,"(85, 107, 178, 202)","(104, 124, 175, 204)"
2357108.jpg,sitting on,top,171,208,124,158,bird,90,63,78,234,1,3,366,295,297,168,"(124, 295, 158, 366)","(78, 168, 234, 297)"
2411757.jpg,wearing,hat,11,8,110,474,person,81,29,107,468,0,3,482,121,497,188,"(110, 121, 474, 482)","(107, 188, 468, 497)"
2386422.jpg,wearing,wetsuit,29,17,121,276,man,112,58,89,143,0,3,293,150,201,201,"(121, 150, 276, 293)","(89, 201, 143, 201)"
2340256.jpg,wearing,shirt,34,28,33,470,man,63,28,23,470,0,3,498,67,498,86,"(33, 67, 470, 498)","(23, 86, 470, 498)"
2319247.jpg,playing,frisbee,40,29,44,264,man,280,134,30,215,0,3,293,84,349,310,"(44, 84, 264, 293)","(30, 310, 215, 349)"
2417258.jpg,sitting on,desk,128,170,62,315,laptop,67,155,36,341,1,3,485,190,496,103,"(62, 190, 315, 485)","(36, 103, 341, 496)"
2341820.jpg,wearing,cleats,35,103,225,247,player,206,127,57,235,0,3,350,260,362,263,"(225, 260, 247, 350)","(57, 263, 235, 362)"
2318743.jpg,sitting on,plate,67,147,146,304,cake,67,107,137,324,1,3,451,213,431,204,"(146, 213, 304, 451)","(137, 204, 324, 431)"
2383887.jpg,wearing,shirt,55,46,126,38,man,175,81,90,5,0,3,84,181,86,265,"(126, 181, 38, 84)","(90, 265, 5, 86)"
2385999.jpg,sitting on,table,125,191,208,146,bottle,78,18,155,284,1,3,337,333,302,233,"(208, 333, 146, 337)","(155, 233, 284, 302)"
2361090.jpg,wearing,shirt,294,167,195,75,woman,476,218,23,84,0,3,242,489,302,499,"(195, 489, 75, 242)","(23, 499, 84, 302)"
2382819.jpg,sitting on,plate,373,499,1,0,broccoli,82,82,163,118,1,3,499,374,200,245,"(1, 374, 0, 499)","(163, 245, 118, 200)"
2349728.jpg,wearing,jersey,299,194,127,91,woman,453,299,8,86,0,3,285,426,385,461,"(127, 426, 91, 285)","(8, 461, 86, 385)"
2370289.jpg,wearing,vest,24,15,178,270,man,37,20,179,268,0,3,285,202,288,216,"(178, 202, 270, 285)","(179, 216, 268, 288)"
2402488.jpg,sitting on,napkin,101,246,1,37,fork,87,239,2,64,1,3,283,102,303,89,"(1, 102, 37, 283)","(2, 89, 64, 303)"
2390652.jpg,sitting on,bed,161,476,212,0,man,250,216,124,122,1,3,476,373,338,374,"(212, 373, 0, 476)","(124, 374, 122, 338)"
2369994.jpg,sitting on,sidewalk,41,118,146,381,girl,53,38,129,426,1,3,499,187,464,182,"(146, 187, 381, 499)","(129, 182, 426, 464)"
10.jpg,sitting on,desk,231,472,368,0,headphones,48,99,488,22,1,3,472,599,121,536,"(368, 599, 0, 472)","(488, 536, 22, 121)"
4106.jpg,sitting on,bookshelf,22,151,119,103,book,30,21,98,165,1,3,254,141,186,128,"(119, 141, 103, 254)","(98, 128, 165, 186)"
2382060.jpg,sitting on,water,188,498,139,1,boat,61,80,148,133,1,3,499,327,213,209,"(139, 327, 1, 499)","(148, 209, 133, 213)"
2404501.jpg,sitting on,ledge,22,178,119,2,cat,68,107,62,12,1,3,180,141,119,130,"(119, 141, 2, 180)","(62, 130, 12, 119)"
2355042.jpg,wearing,shorts,72,133,158,135,man,304,243,9,131,0,3,268,230,374,313,"(158, 230, 135, 268)","(9, 313, 131, 374)"
2383533.jpg,riding,bike,86,130,251,137,man,85,70,169,149,0,3,267,337,219,254,"(251, 337, 137, 267)","(169, 254, 149, 219)"
2381973.jpg,sitting on,towel,9,114,255,69,people,37,88,221,88,1,3,183,264,176,258,"(255, 264, 69, 183)","(221, 258, 88, 176)"
4145.jpg,lying on,table,162,333,138,63,cards,37,61,169,293,0,3,396,300,354,206,"(138, 300, 63, 396)","(169, 206, 293, 354)"
2397689.jpg,wearing,pants,132,138,190,245,man,265,187,67,225,0,3,383,322,412,332,"(190, 322, 245, 383)","(67, 332, 225, 412)"
285706.jpg,sitting on,ground,443,1012,235,6,luggage,387,1009,283,13,1,3,1018,678,1022,670,"(235, 678, 6, 1018)","(283, 670, 13, 1022)"
2368485.jpg,sitting on,building,371,381,0,118,bird,25,25,194,187,1,3,499,371,212,219,"(0, 371, 118, 499)","(194, 219, 187, 212)"
2403346.jpg,sitting on,counter,84,114,415,73,knife,36,66,445,109,1,3,187,499,175,481,"(415, 499, 73, 187)","(445, 481, 109, 175)"
2415379.jpg,sitting on,bookshelves,111,115,62,98,items,22,50,66,152,1,3,213,173,202,88,"(62, 173, 98, 213)","(66, 88, 152, 202)"
399.jpg,sitting on,chair,93,104,104,51,man,114,140,79,86,1,3,155,197,226,193,"(104, 197, 51, 155)","(79, 193, 86, 226)"
2405857.jpg,sitting on,bench,370,496,4,3,dove,256,341,113,88,1,3,499,374,429,369,"(4, 374, 3, 499)","(113, 369, 88, 429)"
2385121.jpg,wearing,cap,75,78,117,178,person,209,164,115,158,0,3,256,192,322,324,"(117, 192, 178, 256)","(115, 324, 158, 322)"
2411113.jpg,wearing,hat,15,30,87,111,man,69,85,89,89,0,3,141,102,174,158,"(87, 102, 111, 141)","(89, 158, 89, 174)"
2400544.jpg,sitting on,stairs,121,142,1,1,someone,126,61,1,46,1,3,143,122,107,127,"(1, 122, 1, 143)","(1, 127, 46, 107)"
2355736.jpg,sitting on,grass,33,51,226,444,spectator,39,47,193,443,1,3,495,259,490,232,"(226, 259, 444, 495)","(193, 232, 443, 490)"
2349404.jpg,sitting on,bench,18,12,180,387,people,31,20,169,376,1,3,399,198,396,200,"(180, 198, 387, 399)","(169, 200, 376, 396)"
2318288.jpg,sitting on,brick,16,8,195,250,object,6,7,203,250,1,3,258,211,257,209,"(195, 211, 250, 258)","(203, 209, 250, 257)"
2381155.jpg,sitting on,sand,390,371,108,2,boat,54,148,145,1,1,3,373,498,149,199,"(108, 498, 2, 373)","(145, 199, 1, 149)"
2405472.jpg,sitting on,table,281,492,47,2,phone,43,58,62,290,1,3,494,328,348,105,"(47, 328, 2, 494)","(62, 105, 290, 348)"
2383070.jpg,wearing,pants,106,68,140,231,man,186,97,75,209,0,3,299,246,306,261,"(140, 246, 231, 299)","(75, 261, 209, 306)"
2417501.jpg,sitting on,elephant,32,67,228,40,people,32,42,207,64,1,3,107,260,106,239,"(228, 260, 40, 107)","(207, 239, 64, 106)"
1592683.jpg,walking on,street,434,740,588,5,person,669,242,353,304,0,3,745,1022,546,1022,"(588, 1022, 5, 745)","(353, 1022, 304, 546)"
2376683.jpg,wearing,eyeglasses,21,48,73,41,woman,358,175,34,3,0,3,89,94,178,392,"(73, 94, 41, 89)","(34, 392, 3, 178)"
2351410.jpg,wearing,shirt,51,78,319,378,man,68,50,306,396,0,3,456,370,446,374,"(319, 370, 378, 456)","(306, 374, 396, 446)"
1254.jpg,sitting on,couch,202,469,122,14,woman,113,181,168,316,1,3,483,324,497,281,"(122, 324, 14, 483)","(168, 281, 316, 497)"
2395797.jpg,wearing,glasses,17,67,258,281,woman,198,168,213,220,0,3,348,275,388,411,"(258, 275, 281, 348)","(213, 411, 220, 388)"
2340493.jpg,sitting on,table,79,157,136,43,lamp,75,55,69,160,1,3,200,215,215,144,"(136, 215, 43, 200)","(69, 144, 160, 215)"
2371285.jpg,sitting on,floor,267,310,5,2,cat,180,184,27,110,1,3,312,272,294,207,"(5, 272, 2, 312)","(27, 207, 110, 294)"
2353499.jpg,eating,grass,311,492,60,6,sheep,170,324,97,111,0,3,498,371,435,267,"(60, 371, 6, 498)","(97, 267, 111, 435)"
2330011.jpg,standing on,dirt,15,31,272,246,giraffe,140,94,140,191,0,3,277,287,285,280,"(272, 287, 246, 277)","(140, 280, 191, 285)"
2381760.jpg,sitting on,carpet,231,496,143,3,mirror,137,169,70,62,1,3,499,374,231,207,"(143, 374, 3, 499)","(70, 207, 62, 231)"
2350083.jpg,sitting on,bench,211,178,118,170,man,258,206,65,90,1,3,348,329,296,323,"(118, 329, 170, 348)","(65, 323, 90, 296)"
2320439.jpg,sitting on,shelves,122,384,246,116,books,201,387,145,113,1,3,500,368,500,346,"(246, 368, 116, 500)","(145, 346, 113, 500)"
2372775.jpg,sitting on,countertop,100,203,220,260,cup,40,40,260,394,1,3,463,320,434,300,"(220, 320, 260, 463)","(260, 300, 394, 434)"
2359474.jpg,wearing,hat,52,51,140,282,man,220,130,154,247,0,3,333,192,377,374,"(140, 192, 282, 333)","(154, 374, 247, 377)"
2335939.jpg,lying on,plate,299,500,31,0,food,271,381,0,78,0,3,500,330,459,271,"(31, 330, 0, 500)","(0, 271, 78, 459)"
2361233.jpg,sitting on,bench,325,331,13,12,cat,200,254,71,42,1,3,343,338,296,271,"(13, 338, 12, 343)","(71, 271, 42, 296)"
2330252.jpg,wearing,shorts,17,23,242,291,man,68,56,198,272,0,3,314,259,328,266,"(242, 259, 291, 314)","(198, 266, 272, 328)"
2362439.jpg,sitting on,couch,160,280,237,92,man,163,88,230,237,1,3,372,397,325,393,"(237, 397, 92, 372)","(230, 393, 237, 325)"
2412704.jpg,sitting on,toilet,223,296,185,122,cat,164,310,68,106,1,3,418,408,416,232,"(185, 408, 122, 418)","(68, 232, 106, 416)"
2398753.jpg,says,reduce,10,26,312,266,sign,32,41,309,259,0,3,292,322,300,341,"(312, 322, 266, 292)","(309, 341, 259, 300)"
2387150.jpg,sitting on,wall,293,497,206,2,boy,214,111,21,388,1,3,499,499,499,235,"(206, 499, 2, 499)","(21, 235, 388, 499)"
2411856.jpg,carrying,bag,16,9,219,55,man,54,27,187,55,0,3,64,235,82,241,"(219, 235, 55, 64)","(187, 241, 55, 82)"
2331915.jpg,sitting on,chair,66,51,227,48,man,33,33,197,51,1,3,99,293,84,230,"(227, 293, 48, 99)","(197, 230, 51, 84)"
2347810.jpg,wearing,shirt,30,26,97,303,man,406,151,92,51,0,3,329,127,202,498,"(97, 127, 303, 329)","(92, 498, 51, 202)"
2367924.jpg,sitting on,windowsill,17,473,302,26,vase,153,83,157,216,1,3,499,319,299,310,"(302, 319, 26, 499)","(157, 310, 216, 299)"
2370025.jpg,sitting on,armrest,16,123,178,199,pigeon,53,60,120,203,1,3,322,194,263,173,"(178, 194, 199, 322)","(120, 173, 203, 263)"
713774.jpg,wearing,top,29,40,817,459,person,28,32,812,457,0,3,499,846,489,840,"(817, 846, 459, 499)","(812, 840, 457, 489)"
2362598.jpg,sitting on,ground,289,499,129,1,person,20,20,131,366,1,3,500,418,386,151,"(129, 418, 1, 500)","(131, 151, 366, 386)"
2316647.jpg,sitting on,bed,347,409,18,1,girl,212,176,44,124,1,3,410,365,300,256,"(18, 365, 1, 410)","(44, 256, 124, 300)"
2410938.jpg,wearing,top,167,102,96,65,woman,352,150,22,66,0,3,167,263,216,374,"(96, 263, 65, 167)","(22, 374, 66, 216)"
2346259.jpg,wearing,shoes,19,45,406,133,guy,145,96,276,75,0,3,178,425,171,421,"(406, 425, 133, 178)","(276, 421, 75, 171)"
2335623.jpg,sitting on,bed,212,418,159,79,girl,111,124,97,159,1,3,497,371,283,208,"(159, 371, 79, 497)","(97, 208, 159, 283)"
2321703.jpg,sitting on,seat,330,382,42,93,man,363,399,9,100,1,3,475,372,499,372,"(42, 372, 93, 475)","(9, 372, 100, 499)"
2393153.jpg,sitting on,grass,216,499,5,1,bird,15,15,94,421,1,3,500,221,436,109,"(5, 221, 1, 500)","(94, 109, 421, 436)"
2410740.jpg,walking on,right,499,167,0,168,people,16,8,185,327,0,3,335,499,335,201,"(0, 499, 168, 335)","(185, 201, 327, 335)"
2354726.jpg,wearing,pants,126,61,243,245,man,247,57,118,233,0,3,306,369,290,365,"(243, 369, 245, 306)","(118, 365, 233, 290)"
2407141.jpg,wearing,shirt,112,172,219,326,lady,220,205,111,293,0,3,498,331,498,331,"(219, 331, 326, 498)","(111, 331, 293, 498)"
1159975.jpg,wearing,collar,210,220,277,215,dog,670,729,29,1,0,3,435,487,730,699,"(277, 487, 215, 435)","(29, 699, 1, 730)"
239.jpg,using,computer,152,114,138,8,woman,187,196,95,133,0,3,122,290,329,282,"(138, 290, 8, 122)","(95, 282, 133, 329)"
2323545.jpg,wearing,jacket,86,73,56,142,man,168,145,57,103,0,3,215,142,248,225,"(56, 142, 142, 215)","(57, 225, 103, 248)"
2345330.jpg,wearing,jeans,41,27,267,362,man,83,40,232,358,0,3,389,308,398,315,"(267, 308, 362, 389)","(232, 315, 358, 398)"
2354004.jpg,sitting on,bed,145,497,354,1,papers,17,50,387,449,1,3,498,499,499,404,"(354, 499, 1, 498)","(387, 404, 449, 499)"
2412220.jpg,sitting on,bench,100,58,315,5,child,98,42,320,94,1,3,63,415,136,418,"(315, 415, 5, 63)","(320, 418, 94, 136)"
2372829.jpg,standing on,beach,75,187,256,0,kite,29,31,180,313,0,3,187,331,344,209,"(256, 331, 0, 187)","(180, 209, 313, 344)"
2400054.jpg,wearing,vest,183,139,203,38,woman,298,144,201,39,0,3,177,386,183,499,"(203, 386, 38, 177)","(201, 499, 39, 183)"
2363193.jpg,sitting on,desk,41,42,226,40,spam,84,111,45,251,1,3,82,267,362,129,"(226, 267, 40, 82)","(45, 129, 251, 362)"
2394025.jpg,says,shop,29,53,67,218,sign,42,176,67,98,0,3,271,96,274,109,"(67, 96, 218, 271)","(67, 109, 98, 274)"
2339022.jpg,wearing,shirt,15,12,136,283,man,29,20,135,278,0,3,295,151,298,164,"(136, 151, 283, 295)","(135, 164, 278, 298)"
2391867.jpg,wearing,shorts,121,106,342,44,man,409,144,89,47,0,3,150,463,191,498,"(342, 463, 44, 150)","(89, 498, 47, 191)"
2401576.jpg,sitting on,desk,96,489,236,7,monitor,178,161,28,86,1,3,496,332,247,206,"(236, 332, 7, 496)","(28, 206, 86, 247)"
2343459.jpg,sitting on,plate,160,199,207,34,bowl,106,106,215,67,1,3,233,367,173,321,"(207, 367, 34, 233)","(215, 321, 67, 173)"
2345987.jpg,wearing,shirt,15,13,156,485,woman,49,24,143,474,0,3,498,171,498,192,"(156, 171, 485, 498)","(143, 192, 474, 498)"
2360698.jpg,wearing,cap,71,101,232,398,man,120,72,253,425,0,3,499,303,497,373,"(232, 303, 398, 499)","(253, 373, 425, 497)"
61562.jpg,sitting on,floor,202,307,158,715,fan,234,128,15,895,1,3,1022,360,1023,249,"(158, 360, 715, 1022)","(15, 249, 895, 1023)"
2409262.jpg,sitting on,snow,228,498,146,1,person,15,19,217,368,1,3,499,374,387,232,"(146, 374, 1, 499)","(217, 232, 368, 387)"
2380840.jpg,wearing,shirt,165,362,166,27,man,315,390,17,19,0,3,389,331,409,332,"(166, 331, 27, 389)","(17, 332, 19, 409)"
2372768.jpg,sitting on,table,45,49,159,255,vase,15,11,153,273,1,3,304,204,284,168,"(159, 204, 255, 304)","(153, 168, 273, 284)"
463.jpg,flying in,sky,337,574,1,220,flags,30,37,246,536,0,3,794,338,573,276,"(1, 338, 220, 794)","(246, 276, 536, 573)"
2329849.jpg,sitting on,ledge,28,274,178,123,cat,62,46,140,247,1,3,397,206,293,202,"(178, 206, 123, 397)","(140, 202, 247, 293)"
2384720.jpg,wearing,helmet,46,55,106,195,woman,223,103,109,169,0,3,250,152,272,332,"(106, 152, 195, 250)","(109, 332, 169, 272)"
2345458.jpg,wearing,hat,54,79,56,217,person,316,146,57,181,0,3,296,110,327,373,"(56, 110, 217, 296)","(57, 373, 181, 327)"
2389646.jpg,sitting on,chair,188,167,210,155,man,160,169,160,134,1,3,322,398,303,320,"(210, 398, 155, 322)","(160, 320, 134, 303)"
2369797.jpg,sitting on,shelf,493,330,1,0,vase,63,41,279,239,1,3,330,494,280,342,"(1, 494, 0, 330)","(279, 342, 239, 280)"
2398495.jpg,covering,man,155,125,156,173,blanket,96,148,278,245,0,3,298,311,393,374,"(156, 311, 173, 298)","(278, 374, 245, 393)"
2402353.jpg,sitting on,bench,157,314,127,86,person,194,87,84,258,1,3,400,284,345,278,"(127, 284, 86, 400)","(84, 278, 258, 345)"
2361125.jpg,sitting on,chair,73,86,197,184,man,95,100,176,175,1,3,270,270,275,271,"(197, 270, 184, 270)","(176, 271, 175, 275)"
2348101.jpg,wearing,watch,21,10,323,302,person,215,106,220,226,0,3,312,344,332,435,"(323, 344, 302, 312)","(220, 435, 226, 332)"
2413809.jpg,wearing,hat,13,28,217,303,girl,148,40,217,292,0,3,331,230,332,365,"(217, 230, 303, 331)","(217, 365, 292, 332)"
2385625.jpg,sitting on,bench,80,359,208,140,woman,198,157,94,145,1,3,499,288,302,292,"(208, 288, 140, 499)","(94, 292, 145, 302)"
2359738.jpg,standing on,field,238,433,63,27,zebra,93,112,207,373,0,3,460,301,485,300,"(63, 301, 27, 460)","(207, 300, 373, 485)"
2390.jpg,standing on,sidewalk,333,773,264,2,post,113,30,318,13,0,3,775,597,43,431,"(264, 597, 2, 775)","(318, 431, 13, 43)"
2392617.jpg,sitting on,plate,110,292,210,59,pickle,61,162,241,110,1,3,351,320,272,302,"(210, 320, 59, 351)","(241, 302, 110, 272)"
2365079.jpg,sitting on,plank,37,62,245,425,wheel,144,114,124,354,1,3,487,282,468,268,"(245, 282, 425, 487)","(124, 268, 354, 468)"
2357596.jpg,standing on,street,81,113,147,301,person,129,28,10,323,0,3,414,228,351,139,"(147, 228, 301, 414)","(10, 139, 323, 351)"
4633.jpg,sitting on,floor,44,70,268,411,chair,160,89,153,411,1,3,481,312,500,313,"(268, 312, 411, 481)","(153, 313, 411, 500)"
2392335.jpg,wearing,pants,57,46,343,0,person,141,57,259,2,0,3,46,400,59,400,"(343, 400, 0, 46)","(259, 400, 2, 59)"
2391048.jpg,sitting on,street,65,462,217,19,van,30,63,191,324,1,3,481,282,387,221,"(217, 282, 19, 481)","(191, 221, 324, 387)"
2341947.jpg,wearing,shoe,21,41,270,205,man,191,155,100,207,0,3,246,291,362,291,"(270, 291, 205, 246)","(100, 291, 207, 362)"
2330.jpg,wearing,pants,62,30,385,493,woman,122,37,325,488,0,3,523,447,525,447,"(385, 447, 493, 523)","(325, 447, 488, 525)"
2350061.jpg,sitting on,bike,183,312,113,136,helmet,35,81,117,149,1,3,448,296,230,152,"(113, 296, 136, 448)","(117, 152, 149, 230)"
2379318.jpg,carrying,cup,32,24,62,3,woman,132,79,2,1,0,3,27,94,80,134,"(62, 94, 3, 27)","(2, 134, 1, 80)"
2320144.jpg,sitting on,sand,80,499,252,0,person,70,53,206,284,1,3,499,332,337,276,"(252, 332, 0, 499)","(206, 276, 284, 337)"
2339107.jpg,sitting on,bench,22,149,175,176,man,63,23,133,185,1,3,325,197,208,196,"(175, 197, 176, 325)","(133, 196, 185, 208)"
3563.jpg,sitting on,shelf,43,318,403,480,book,109,40,313,650,1,3,798,446,690,422,"(403, 446, 480, 798)","(313, 422, 650, 690)"
1159.jpg,sitting on,rock,107,135,334,2,man,119,79,283,44,1,3,137,441,123,402,"(334, 441, 2, 137)","(283, 402, 44, 123)"
2410191.jpg,watching,boy,138,122,12,189,skater,29,14,128,170,0,3,311,150,184,157,"(12, 150, 189, 311)","(128, 157, 170, 184)"
2350079.jpg,wearing,sandals,28,71,365,101,woman,239,93,149,85,0,3,172,393,178,388,"(365, 393, 101, 172)","(149, 388, 85, 178)"
2328504.jpg,sitting on,motorcycle,71,69,137,429,man,37,29,149,459,1,3,498,208,488,186,"(137, 208, 429, 498)","(149, 186, 459, 488)"
2359077.jpg,wearing,stockings,177,101,149,203,woman,310,195,18,121,0,3,304,326,316,328,"(149, 326, 203, 304)","(18, 328, 121, 316)"
2383011.jpg,sitting on,ground,69,494,243,4,giraffe,266,262,30,155,1,3,498,312,417,296,"(243, 312, 4, 498)","(30, 296, 155, 417)"
2345403.jpg,standing on,boat,54,207,257,290,man,48,51,243,406,0,3,497,311,457,291,"(257, 311, 290, 497)","(243, 291, 406, 457)"
2354393.jpg,sitting on,car,104,355,230,12,man,94,70,148,112,1,3,367,334,182,242,"(230, 334, 12, 367)","(148, 242, 112, 182)"
2333813.jpg,wearing,shirt,50,32,167,56,boy,134,62,145,36,0,3,88,217,98,279,"(167, 217, 56, 88)","(145, 279, 36, 98)"
2343228.jpg,sitting on,bench,205,457,116,41,woman,275,169,44,320,1,3,498,321,489,319,"(116, 321, 41, 498)","(44, 319, 320, 489)"
1965.jpg,sitting on,building,475,636,0,162,person,32,28,405,149,1,3,798,475,177,437,"(0, 475, 162, 798)","(405, 437, 149, 177)"
2410103.jpg,wearing,tag,56,88,443,309,boy,488,451,11,6,0,3,397,499,457,499,"(443, 499, 309, 397)","(11, 499, 6, 457)"
2404284.jpg,wearing,jacket,101,143,176,1,woman,205,145,73,0,0,3,144,277,145,278,"(176, 277, 1, 144)","(73, 278, 0, 145)"
2369797.jpg,sitting on,shelf,40,211,458,66,book,86,26,379,238,1,3,277,498,264,465,"(458, 498, 66, 277)","(379, 465, 238, 264)"
150406.jpg,sitting on,table,366,668,394,351,laptop,302,370,257,437,1,3,1019,760,807,559,"(394, 760, 351, 1019)","(257, 559, 437, 807)"
2416142.jpg,sitting on,grate,50,92,85,24,cone,52,33,65,39,1,3,116,135,72,117,"(85, 135, 24, 116)","(65, 117, 39, 72)"
2352617.jpg,sitting on,chair,117,111,85,377,bag,24,45,145,402,1,3,488,202,447,169,"(85, 202, 377, 488)","(145, 169, 402, 447)"
1767.jpg,sitting on,wall,56,316,400,440,person,55,58,373,622,1,3,756,456,680,428,"(400, 456, 440, 756)","(373, 428, 622, 680)"
2349007.jpg,sitting on,chair,91,74,12,138,man,103,95,0,100,1,3,212,103,195,103,"(12, 103, 138, 212)","(0, 103, 100, 195)"
2368649.jpg,wearing,headband,27,21,138,239,man,272,131,118,132,0,3,260,165,263,390,"(138, 165, 239, 260)","(118, 390, 132, 263)"
1159373.jpg,sitting on,lap,50,201,381,445,dog,223,197,264,469,1,3,646,431,666,487,"(381, 431, 445, 646)","(264, 487, 469, 666)"
2366665.jpg,wearing,glasses,16,42,80,270,woman,331,199,52,152,0,3,312,96,351,383,"(80, 96, 270, 312)","(52, 383, 152, 351)"
2376977.jpg,sitting on,plate,174,183,0,116,fork,120,107,12,104,1,3,299,174,211,132,"(0, 174, 116, 299)","(12, 132, 104, 211)"
2364709.jpg,wearing,scarf,145,188,109,197,man,351,330,2,159,0,3,385,254,489,353,"(109, 254, 197, 385)","(2, 353, 159, 489)"
2317630.jpg,sitting on,floor,140,183,192,315,lamp,32,34,176,358,1,3,498,332,392,208,"(192, 332, 315, 498)","(176, 208, 358, 392)"
2417671.jpg,covering,window,208,170,25,82,blind,89,174,25,82,0,3,252,233,256,114,"(25, 233, 82, 252)","(25, 114, 82, 256)"
2321601.jpg,wearing,dress,19,9,205,389,girl,20,9,204,389,0,3,398,224,398,224,"(205, 224, 389, 398)","(204, 224, 389, 398)"
2366941.jpg,sitting on,bench,112,196,371,144,lady,155,75,327,238,1,3,340,483,313,482,"(371, 483, 144, 340)","(327, 482, 238, 313)"
2395309.jpg,wearing,short,29,59,74,372,hair,86,97,22,355,0,3,431,103,452,108,"(74, 103, 372, 431)","(22, 108, 355, 452)"
2318630.jpg,riding,elephant,184,304,146,187,person,99,30,90,334,0,3,491,330,364,189,"(146, 330, 187, 491)","(90, 189, 334, 364)"
2318373.jpg,sitting on,bench,29,21,125,88,person,49,32,112,64,1,3,109,154,96,161,"(125, 154, 88, 109)","(112, 161, 64, 96)"
2316734.jpg,wearing,jeans,89,25,332,1,woman,220,29,196,0,0,3,26,421,29,416,"(332, 421, 1, 26)","(196, 416, 0, 29)"
2359041.jpg,sitting on,grass,86,499,127,0,plane,96,498,87,0,1,3,499,213,498,183,"(127, 213, 0, 499)","(87, 183, 0, 498)"
2413026.jpg,sitting on,chair,150,34,180,450,man,262,175,70,289,1,3,484,330,464,332,"(180, 330, 450, 484)","(70, 332, 289, 464)"
2397973.jpg,sitting on,stair,46,270,302,229,woman,42,29,293,352,1,3,499,348,381,335,"(302, 348, 229, 499)","(293, 335, 352, 381)"
2361320.jpg,covering,mattress,72,239,163,134,comforter,130,300,163,92,0,3,373,235,392,293,"(163, 235, 134, 373)","(163, 293, 92, 392)"
2401888.jpg,sitting on,desk,14,118,211,266,keyboard,31,77,172,294,1,3,384,225,371,203,"(211, 225, 266, 384)","(172, 203, 294, 371)"
2374663.jpg,painted on,field,147,497,172,0,line,38,211,220,0,0,3,497,319,211,258,"(172, 319, 0, 497)","(220, 258, 0, 211)"
2345409.jpg,sitting on,grass,283,490,89,2,woman,146,75,78,372,1,3,492,372,447,224,"(89, 372, 2, 492)","(78, 224, 372, 447)"
2385808.jpg,sitting on,sidewalk,49,229,112,81,man,94,56,88,128,1,3,310,161,184,182,"(112, 161, 81, 310)","(88, 182, 128, 184)"
2417770.jpg,sitting on,couch,127,330,101,169,girl,85,65,108,260,1,3,499,228,325,193,"(101, 228, 169, 499)","(108, 193, 260, 325)"
1592646.jpg,growing on,tree,124,113,1,655,leaf,7,9,59,701,0,3,768,125,710,66,"(1, 125, 655, 768)","(59, 66, 701, 710)"
2416093.jpg,wearing,shirt,18,20,240,183,man,30,17,239,184,0,3,203,258,201,269,"(240, 258, 183, 203)","(239, 269, 184, 201)"
2409620.jpg,sitting on,plate,431,488,60,8,sandwich,385,375,6,80,1,3,496,491,455,391,"(60, 491, 8, 496)","(6, 391, 80, 455)"
2338569.jpg,sitting on,plate,228,337,44,152,bruschetta,223,304,46,182,1,3,489,272,486,269,"(44, 272, 152, 489)","(46, 269, 182, 486)"
2401087.jpg,wearing,glasses,128,334,11,135,man,356,465,9,31,0,3,469,139,496,365,"(11, 139, 135, 469)","(9, 365, 31, 496)"
713893.jpg,sitting on,snow,322,891,344,99,man,318,411,279,468,1,3,990,666,879,597,"(344, 666, 99, 990)","(279, 597, 468, 879)"
2404722.jpg,sitting on,beach,99,496,235,3,tourist,13,13,253,171,1,3,499,334,184,266,"(235, 334, 3, 499)","(253, 266, 171, 184)"
2360475.jpg,wearing,shirt,96,50,62,155,girl,227,106,22,148,0,3,205,158,254,249,"(62, 158, 155, 205)","(22, 249, 148, 254)"
2391984.jpg,wearing,jeans,88,104,286,63,man,371,281,2,0,0,3,167,374,281,373,"(286, 374, 63, 167)","(2, 373, 0, 281)"
2316676.jpg,covering,window,85,106,70,21,curtain,94,110,70,17,0,3,127,155,127,164,"(70, 155, 21, 127)","(70, 164, 17, 127)"
2354984.jpg,sitting on,cart,99,126,202,98,luggage,69,83,203,94,1,3,224,301,177,272,"(202, 301, 98, 224)","(203, 272, 94, 177)"
2411621.jpg,sitting on,field,232,499,70,1,bird,4,5,83,417,1,3,500,302,422,87,"(70, 302, 1, 500)","(83, 87, 417, 422)"
2348126.jpg,wearing,shirt,20,24,216,292,man,34,30,207,293,0,3,316,236,323,241,"(216, 236, 292, 316)","(207, 241, 293, 323)"
2406282.jpg,sitting on,elephant,239,207,211,30,person,140,64,134,76,1,3,237,450,140,274,"(211, 450, 30, 237)","(134, 274, 76, 140)"
2336510.jpg,sitting on,rubbish,248,427,120,0,bird,265,150,71,200,1,3,427,368,350,336,"(120, 368, 0, 427)","(71, 336, 200, 350)"
2360379.jpg,sitting on,table,195,495,179,2,glass,71,50,141,356,1,3,497,374,406,212,"(179, 374, 2, 497)","(141, 212, 356, 406)"
2393813.jpg,wearing,bracelet,40,39,388,313,woman,451,337,44,162,0,3,352,428,499,495,"(388, 428, 313, 352)","(44, 495, 162, 499)"
1592636.jpg,sitting on,train,398,863,148,11,man,91,67,335,336,1,3,874,546,403,426,"(148, 546, 11, 874)","(335, 426, 336, 403)"
2384907.jpg,wearing,beanie,10,15,134,286,man,93,64,131,256,0,3,301,144,320,224,"(134, 144, 286, 301)","(131, 224, 256, 320)"
498359.jpg,wearing,jacket,43,106,627,684,person,83,101,590,692,0,3,790,670,793,673,"(627, 670, 684, 790)","(590, 673, 692, 793)"
2361561.jpg,walking in,snow,57,200,254,181,dog,60,80,190,183,0,3,381,311,263,250,"(254, 311, 181, 381)","(190, 250, 183, 263)"
2338066.jpg,sitting on,boat,74,465,157,17,duck,29,58,79,157,1,3,482,231,215,108,"(157, 231, 17, 482)","(79, 108, 157, 215)"
2365244.jpg,wearing,tie,50,20,184,202,man,161,100,82,152,0,3,222,234,252,243,"(184, 234, 202, 222)","(82, 243, 152, 252)"
2336669.jpg,hanging from,shoulder,7,8,248,139,purse,33,16,250,136,0,3,147,255,152,283,"(248, 255, 139, 147)","(250, 283, 136, 152)"
713605.jpg,wearing,shorts,130,167,496,146,man,460,301,347,156,0,3,313,626,457,807,"(496, 626, 146, 313)","(347, 807, 156, 457)"
2412500.jpg,watching,game,366,471,33,12,umpire,262,100,136,1,0,3,483,399,101,398,"(33, 399, 12, 483)","(136, 398, 1, 101)"
2345081.jpg,wearing,jeans,31,27,394,203,woman,60,27,367,201,0,3,230,425,228,427,"(394, 425, 203, 230)","(367, 427, 201, 228)"
2339698.jpg,wearing,hoodie,117,71,173,115,biker,193,151,130,108,0,3,186,290,259,323,"(173, 290, 115, 186)","(130, 323, 108, 259)"
2402333.jpg,standing on,floor,90,385,281,3,lamp,66,60,155,404,0,3,388,371,464,221,"(281, 371, 3, 388)","(155, 221, 404, 464)"
2345520.jpg,sitting on,chairs,83,110,135,298,children,200,489,117,10,1,3,408,218,499,317,"(135, 218, 298, 408)","(117, 317, 10, 499)"
2355452.jpg,wearing,pearls,22,20,215,48,woman,275,120,140,1,0,3,68,237,121,415,"(215, 237, 48, 68)","(140, 415, 1, 121)"
2394807.jpg,covering,ground,97,59,219,86,snow,82,79,231,76,0,3,145,316,155,313,"(219, 316, 86, 145)","(231, 313, 76, 155)"
713777.jpg,sitting on,table,218,681,258,44,plate,68,141,424,161,1,3,725,476,302,492,"(258, 476, 44, 725)","(424, 492, 161, 302)"
2387111.jpg,watching,man,254,120,61,11,girl,71,63,59,308,0,3,131,315,371,130,"(61, 315, 11, 131)","(59, 130, 308, 371)"
2403316.jpg,wearing,shirt,125,44,210,248,woman,370,101,129,251,0,3,292,335,352,499,"(210, 335, 248, 292)","(129, 499, 251, 352)"
2339756.jpg,sitting on,couch,251,497,122,0,man,224,97,116,217,1,3,497,373,314,340,"(122, 373, 0, 497)","(116, 340, 217, 314)"
2365304.jpg,hanging from,oven,72,97,190,54,towels,55,82,187,61,0,3,151,262,143,242,"(190, 262, 54, 151)","(187, 242, 61, 143)"
2381204.jpg,wearing,glasses,31,77,166,91,man,217,197,123,31,0,3,168,197,228,340,"(166, 197, 91, 168)","(123, 340, 31, 228)"
3055.jpg,wearing,pants,54,24,401,292,woman,100,32,357,286,0,3,316,455,318,457,"(401, 455, 292, 316)","(357, 457, 286, 318)"
2338661.jpg,walking in,park,236,471,264,17,people,125,85,365,296,0,3,488,500,381,490,"(264, 500, 17, 488)","(365, 490, 296, 381)"
2412520.jpg,sitting on,feeder,120,73,32,172,bird,37,37,32,196,1,3,245,152,233,69,"(32, 152, 172, 245)","(32, 69, 196, 233)"
2359431.jpg,wearing,helmet,49,42,68,213,man,260,126,65,168,0,3,255,117,294,325,"(68, 117, 213, 255)","(65, 325, 168, 294)"
2360333.jpg,wearing,shoes,42,68,453,158,man,494,142,0,116,0,3,226,495,258,494,"(453, 495, 158, 226)","(0, 494, 116, 258)"
2363205.jpg,sitting on,chair,81,105,419,269,man,171,118,301,256,1,3,374,500,374,472,"(419, 500, 269, 374)","(301, 472, 256, 374)"
901.jpg,wearing,pants,210,203,334,253,man,436,175,191,210,0,3,456,544,385,627,"(334, 544, 253, 456)","(191, 627, 210, 385)"
2333417.jpg,lying on,bed,285,430,87,67,sheet,119,408,252,77,0,3,497,372,485,371,"(87, 372, 67, 497)","(252, 371, 77, 485)"
2356158.jpg,sitting on,table,262,497,1,2,basket,59,81,0,4,1,3,499,263,85,59,"(1, 263, 2, 499)","(0, 59, 4, 85)"
2355323.jpg,sitting on,bench,101,219,231,239,men,145,131,164,272,1,3,458,332,403,309,"(231, 332, 239, 458)","(164, 309, 272, 403)"
2408488.jpg,standing on,wall,187,499,145,0,bird,169,112,93,285,0,3,499,332,397,262,"(145, 332, 0, 499)","(93, 262, 285, 397)"
2328214.jpg,sitting on,shelf,153,42,45,270,cup,13,10,151,275,1,3,312,198,285,164,"(45, 198, 270, 312)","(151, 164, 275, 285)"
2398750.jpg,sitting on,step,44,365,175,135,man,284,178,59,166,1,3,500,219,344,343,"(175, 219, 135, 500)","(59, 343, 166, 344)"
2317992.jpg,covering,meat,152,305,86,153,sauce,92,140,90,41,0,3,458,238,181,182,"(86, 238, 153, 458)","(90, 182, 41, 181)"
2397295.jpg,wearing,shirt,56,27,164,1,woman,207,49,125,0,0,3,28,220,49,332,"(164, 220, 1, 28)","(125, 332, 0, 49)"
2376249.jpg,sitting on,cart,72,82,150,88,man,65,35,127,119,1,3,170,222,154,192,"(150, 222, 88, 170)","(127, 192, 119, 154)"
2398624.jpg,wearing,sunglasses,13,21,229,177,person,49,43,225,160,0,3,198,242,203,274,"(229, 242, 177, 198)","(225, 274, 160, 203)"
2368390.jpg,sitting on,sidewalk,88,495,254,4,dog,74,48,242,288,1,3,499,342,336,316,"(254, 342, 4, 499)","(242, 316, 288, 336)"
2335320.jpg,watching,man,92,37,175,156,people,28,448,346,52,0,3,193,267,500,374,"(175, 267, 156, 193)","(346, 374, 52, 500)"
2400456.jpg,wearing,white,85,51,252,37,lady,164,72,210,24,0,3,88,337,96,374,"(252, 337, 37, 88)","(210, 374, 24, 96)"
2410909.jpg,sitting on,buildings,135,160,117,334,crane,71,29,110,408,1,3,494,252,437,181,"(117, 252, 334, 494)","(110, 181, 408, 437)"
2342894.jpg,wearing,boots,16,36,236,245,man,183,104,69,174,0,3,281,252,278,252,"(236, 252, 245, 281)","(69, 252, 174, 278)"
2348597.jpg,wearing,watch,16,15,207,173,man,155,84,155,132,0,3,188,223,216,310,"(207, 223, 173, 188)","(155, 310, 132, 216)"
2318135.jpg,sitting on,mountain,220,499,15,0,person,24,23,187,325,1,3,499,235,348,211,"(15, 235, 0, 499)","(187, 211, 325, 348)"
1592212.jpg,wearing,jeans,152,502,612,42,man,175,583,592,59,0,3,544,764,642,767,"(612, 764, 42, 544)","(592, 767, 59, 642)"
2412142.jpg,sitting on,mantle,36,27,110,473,figurine,42,23,84,472,1,3,500,146,495,126,"(110, 146, 473, 500)","(84, 126, 472, 495)"
2324546.jpg,wearing,pants,42,30,216,250,lady,91,33,179,251,0,3,280,258,284,270,"(216, 258, 250, 280)","(179, 270, 251, 284)"
2399561.jpg,sitting on,table,28,354,471,20,bear,195,178,280,82,1,3,374,499,260,475,"(471, 499, 20, 374)","(280, 475, 82, 260)"
2360790.jpg,sitting on,floor,135,63,340,304,toilet,392,250,95,68,1,3,367,475,318,487,"(340, 475, 304, 367)","(95, 487, 68, 318)"
2394118.jpg,wearing,shirt,15,20,105,431,spectator,23,20,96,432,0,3,451,120,452,119,"(105, 120, 431, 451)","(96, 119, 432, 452)"
2346000.jpg,parked on,street,69,307,245,192,car,37,49,253,376,0,3,499,314,425,290,"(245, 314, 192, 499)","(253, 290, 376, 425)"
2358409.jpg,using,surfboard,80,375,156,125,woman,163,289,35,198,0,3,500,236,487,198,"(156, 236, 125, 500)","(35, 198, 198, 487)"
2372782.jpg,sitting on,plate,206,322,94,177,donut,37,47,43,237,1,3,499,300,284,80,"(94, 300, 177, 499)","(43, 80, 237, 284)"
1593003.jpg,wearing,shorts,107,94,565,474,boy,251,107,472,467,0,3,568,672,574,723,"(565, 672, 474, 568)","(472, 723, 467, 574)"
1592928.jpg,wearing,shirt,55,93,329,153,man,111,93,292,164,0,3,246,384,257,403,"(329, 384, 153, 246)","(292, 403, 164, 257)"
2384163.jpg,wearing,shirt,110,124,192,239,boy,329,464,1,34,0,3,363,302,498,330,"(192, 302, 239, 363)","(1, 330, 34, 498)"
2357136.jpg,sitting on,desk,342,497,31,1,computer,321,281,1,87,1,3,498,373,368,322,"(31, 373, 1, 498)","(1, 322, 87, 368)"
2348272.jpg,sitting on,desk,125,423,147,5,papers,66,290,165,27,1,3,428,272,317,231,"(147, 272, 5, 428)","(165, 231, 27, 317)"
2369418.jpg,sitting on,fence,60,473,142,9,man,43,26,120,95,1,3,482,202,121,163,"(142, 202, 9, 482)","(120, 163, 95, 121)"
2369856.jpg,standing on,grass,75,117,254,360,zebra,124,128,156,248,0,3,477,329,376,280,"(254, 329, 360, 477)","(156, 280, 248, 376)"
2354217.jpg,wearing,shirt,33,22,142,186,woman,183,60,98,174,0,3,208,175,234,281,"(142, 175, 186, 208)","(98, 281, 174, 234)"
2412863.jpg,wearing,shirt,42,66,135,347,player,111,93,129,328,0,3,413,177,421,240,"(135, 177, 347, 413)","(129, 240, 328, 421)"
2400627.jpg,using,laptop,45,37,189,272,man,105,144,166,216,0,3,309,234,360,271,"(189, 234, 272, 309)","(166, 271, 216, 360)"
2403734.jpg,wearing,coat,81,80,86,269,child,190,86,56,267,0,3,349,167,353,246,"(86, 167, 269, 349)","(56, 246, 267, 353)"
2396731.jpg,playing,frisbee,12,26,114,136,people,140,113,94,178,0,3,162,126,291,234,"(114, 126, 136, 162)","(94, 234, 178, 291)"
2371337.jpg,sitting on,menu,112,271,261,184,glass,257,115,68,330,1,3,455,373,445,325,"(261, 373, 184, 455)","(68, 325, 330, 445)"
2408797.jpg,riding,hands,49,43,203,44,bicyclists,101,132,186,74,0,3,87,252,206,287,"(203, 252, 44, 87)","(186, 287, 74, 206)"
2341622.jpg,sitting on,branch,303,415,1,85,bird,278,155,35,179,1,3,500,304,334,313,"(1, 304, 85, 500)","(35, 313, 179, 334)"
2414361.jpg,sitting on,table,373,497,2,2,plate,361,468,12,15,1,3,499,375,483,373,"(2, 375, 2, 499)","(12, 373, 15, 483)"
1593173.jpg,mounted on,pole,161,865,93,157,light,113,44,134,146,0,3,1022,254,190,247,"(93, 254, 157, 1022)","(134, 247, 146, 190)"
2358447.jpg,sitting on,chairs,105,92,186,144,people,130,430,93,69,1,3,236,291,499,223,"(186, 291, 144, 236)","(93, 223, 69, 499)"
2384787.jpg,wearing,shoes,43,96,393,276,man,385,111,60,279,0,3,372,436,390,445,"(393, 436, 276, 372)","(60, 445, 279, 390)"
2408581.jpg,sitting on,bench,422,447,64,17,boy,406,235,41,105,1,3,464,486,340,447,"(64, 486, 17, 464)","(41, 447, 105, 340)"
2360762.jpg,sitting on,chair,12,24,235,184,person,23,22,225,179,1,3,208,247,201,248,"(235, 247, 184, 208)","(225, 248, 179, 201)"
2387768.jpg,wearing,socks,23,56,395,138,player,300,117,149,101,0,3,194,418,218,449,"(395, 418, 138, 194)","(149, 449, 101, 218)"
2354681.jpg,wearing,shorts,79,85,324,162,man,193,141,264,107,0,3,247,403,248,457,"(324, 403, 162, 247)","(264, 457, 107, 248)"
2401104.jpg,sitting on,bench,68,99,137,216,man,76,63,130,226,1,3,315,205,289,206,"(137, 205, 216, 315)","(130, 206, 226, 289)"
2398319.jpg,parked on,ground,61,495,310,4,car,46,167,264,204,0,3,499,371,371,310,"(310, 371, 4, 499)","(264, 310, 204, 371)"
2368844.jpg,hanging from,ceiling,140,493,0,6,light,15,8,113,113,0,3,499,140,121,128,"(0, 140, 6, 499)","(113, 128, 113, 121)"
2391428.jpg,wearing,jacket,157,118,176,184,woman,56,52,137,220,0,3,302,333,272,193,"(176, 333, 184, 302)","(137, 193, 220, 272)"
2354729.jpg,wearing,helmet,27,31,201,153,skater,106,119,203,63,0,3,184,228,182,309,"(201, 228, 153, 184)","(203, 309, 63, 182)"
2359192.jpg,wearing,shirt,182,232,154,19,boy,308,267,30,19,0,3,251,336,286,338,"(154, 336, 19, 251)","(30, 338, 19, 286)"
2381432.jpg,wearing,sunglasses,7,19,270,415,woman,67,90,262,387,0,3,434,277,477,329,"(270, 277, 415, 434)","(262, 329, 387, 477)"
2402150.jpg,wearing,hat,29,32,59,201,person,95,61,59,179,0,3,233,88,240,154,"(59, 88, 201, 233)","(59, 154, 179, 240)"
2380648.jpg,wearing,pants,51,43,107,211,person,129,62,43,201,0,3,254,158,263,172,"(107, 158, 211, 254)","(43, 172, 201, 263)"
2318702.jpg,sitting on,desk,237,414,133,0,glass,39,25,140,296,1,3,414,370,321,179,"(133, 370, 0, 414)","(140, 179, 296, 321)"
2396754.jpg,sitting on,desk,134,489,109,10,keyboard,59,261,137,150,1,3,499,243,411,196,"(109, 243, 10, 499)","(137, 196, 150, 411)"
2386717.jpg,wearing,shorts,42,50,178,235,woman,299,144,44,185,0,3,285,220,329,343,"(178, 220, 235, 285)","(44, 343, 185, 329)"
1159316.jpg,sitting on,sand,387,282,288,737,sailboat,148,256,180,421,1,3,1019,675,677,328,"(288, 675, 737, 1019)","(180, 328, 421, 677)"
2332999.jpg,mounted on,drawer,23,26,210,128,handle,4,10,220,136,0,3,154,233,146,224,"(210, 233, 128, 154)","(220, 224, 136, 146)"
2401560.jpg,eating,hen,43,54,105,190,fox,42,53,99,29,0,3,244,148,82,141,"(105, 148, 190, 244)","(99, 141, 29, 82)"
2355980.jpg,sitting on,floor,105,147,269,220,man,197,176,174,118,1,3,367,374,294,371,"(269, 374, 220, 367)","(174, 371, 118, 294)"
2377631.jpg,says,6.55,97,57,112,142,clock,462,191,37,110,0,3,199,209,301,499,"(112, 209, 142, 199)","(37, 499, 110, 301)"
2330136.jpg,sitting on,bench,232,161,168,337,man,262,190,59,267,1,3,498,400,457,321,"(168, 400, 337, 498)","(59, 321, 267, 457)"
2373616.jpg,wearing,gloves,22,19,195,261,skateboarder,147,63,123,235,0,3,280,217,298,270,"(195, 217, 261, 280)","(123, 270, 235, 298)"
2368140.jpg,sitting on,bench,50,68,219,431,man,71,49,211,442,1,3,499,269,491,282,"(219, 269, 431, 499)","(211, 282, 442, 491)"
2354055.jpg,painted on,road,79,104,392,139,line,122,28,370,160,0,3,243,471,188,492,"(392, 471, 139, 243)","(370, 492, 160, 188)"
2346024.jpg,sitting on,table,88,331,412,0,spatula,19,81,471,82,1,3,331,500,163,490,"(412, 500, 0, 331)","(471, 490, 82, 163)"
2362843.jpg,sitting on,platform,60,479,266,5,person,84,56,205,261,1,3,484,326,317,289,"(266, 326, 5, 484)","(205, 289, 261, 317)"
2317232.jpg,sitting on,counter,34,119,129,76,bottle,49,15,108,152,1,3,195,163,167,157,"(129, 163, 76, 195)","(108, 157, 152, 167)"
2358947.jpg,sitting on,ground,230,498,106,1,animals,47,68,170,238,1,3,499,336,306,217,"(106, 336, 1, 499)","(170, 217, 238, 306)"
2320281.jpg,sitting on,bench,162,499,168,0,woman,294,245,37,1,1,3,499,330,246,331,"(168, 330, 0, 499)","(37, 331, 1, 246)"
2413602.jpg,wearing,jeans,65,166,267,217,man,282,179,48,205,0,3,383,332,384,330,"(267, 332, 217, 383)","(48, 330, 205, 384)"
2390500.jpg,carrying,surfboard,28,147,219,159,man,87,42,198,200,0,3,306,247,242,285,"(219, 247, 159, 306)","(198, 285, 200, 242)"
2389573.jpg,sitting on,table,82,342,417,0,bouquet,101,124,398,0,1,3,342,499,124,499,"(417, 499, 0, 342)","(398, 499, 0, 124)"
2328292.jpg,sitting on,table,485,371,14,1,sandwich,71,57,341,254,1,3,372,499,311,412,"(14, 499, 1, 372)","(341, 412, 254, 311)"
2315454.jpg,sitting on,sand,255,472,227,10,boy,105,82,226,240,1,3,482,482,322,331,"(227, 482, 10, 482)","(226, 331, 240, 322)"
1618.jpg,sitting on,desk,391,793,207,5,cup,71,56,361,572,1,3,798,598,628,432,"(207, 598, 5, 798)","(361, 432, 572, 628)"
2417868.jpg,sitting on,desk,370,493,3,4,computer,187,163,35,335,1,3,497,373,498,222,"(3, 373, 4, 497)","(35, 222, 335, 498)"
2333238.jpg,wearing,sweater,70,111,97,217,girl,150,127,27,204,0,3,328,167,331,177,"(97, 167, 217, 328)","(27, 177, 204, 331)"
2326284.jpg,sitting on,chair,40,24,271,269,man,94,33,220,267,1,3,293,311,300,314,"(271, 311, 269, 293)","(220, 314, 267, 300)"
2329360.jpg,sitting on,grass,70,497,209,2,people,12,19,219,242,1,3,499,279,261,231,"(209, 279, 2, 499)","(219, 231, 242, 261)"
2387763.jpg,sitting on,toilet,186,477,146,0,cat,332,450,1,1,1,3,477,332,451,333,"(146, 332, 0, 477)","(1, 333, 1, 451)"
2414581.jpg,watching,woman,374,264,103,24,child,287,137,106,269,0,3,288,477,406,393,"(103, 477, 24, 288)","(106, 393, 269, 406)"
1159341.jpg,wearing,hat,68,109,35,583,man,394,317,35,535,0,3,692,103,852,429,"(35, 103, 583, 692)","(35, 429, 535, 852)"
2403683.jpg,standing on,field,239,495,93,2,man,150,50,79,187,0,3,497,332,237,229,"(93, 332, 2, 497)","(79, 229, 187, 237)"
2408216.jpg,wearing,jeans,134,50,190,135,woman,296,86,52,128,0,3,185,324,214,348,"(190, 324, 135, 185)","(52, 348, 128, 214)"
2391930.jpg,sitting on,floor,86,494,240,6,shoes,23,40,267,426,1,3,500,326,466,290,"(240, 326, 6, 500)","(267, 290, 426, 466)"
2413331.jpg,sitting on,tray,372,496,0,2,pizza,332,405,25,79,1,3,498,372,484,357,"(0, 372, 2, 498)","(25, 357, 79, 484)"
2337236.jpg,parked on,street,254,491,118,4,car,225,191,147,0,0,3,495,372,191,372,"(118, 372, 4, 495)","(147, 372, 0, 191)"
2362794.jpg,sitting on,road,197,393,129,105,cone,113,38,217,358,1,3,498,326,396,330,"(129, 326, 105, 498)","(217, 330, 358, 396)"
2353452.jpg,playing,tennis,470,337,18,5,man,321,195,138,48,0,3,342,488,243,459,"(18, 488, 5, 342)","(138, 459, 48, 243)"
2374045.jpg,sitting on,table,371,496,1,3,tray,370,496,3,3,1,3,499,372,499,373,"(1, 372, 3, 499)","(3, 373, 3, 499)"
2383728.jpg,riding,bike,20,44,425,224,man,19,15,404,232,0,3,268,445,247,423,"(425, 445, 224, 268)","(404, 423, 232, 247)"
1159426.jpg,sitting on,couch,488,1009,162,7,woman,580,633,70,388,1,3,1016,650,1021,650,"(162, 650, 7, 1016)","(70, 650, 388, 1021)"
2406082.jpg,wearing,shirt,12,14,130,206,person,71,15,111,210,0,3,220,142,225,182,"(130, 142, 206, 220)","(111, 182, 210, 225)"
2363964.jpg,sitting on,ground,312,345,185,1,man,48,58,164,98,1,3,346,497,156,212,"(185, 497, 1, 346)","(164, 212, 98, 156)"
2381396.jpg,sitting on,table,301,433,68,34,vase,55,41,27,348,1,3,467,369,389,82,"(68, 369, 34, 467)","(27, 82, 348, 389)"
2410863.jpg,sitting on,table,26,47,325,433,cake,69,149,280,176,1,3,480,351,325,349,"(325, 351, 433, 480)","(280, 349, 176, 325)"
2331646.jpg,wearing,uniform,86,85,53,402,person,132,114,27,383,0,3,487,139,497,159,"(53, 139, 402, 487)","(27, 159, 383, 497)"
2380962.jpg,sitting on,bench,55,228,164,233,player,147,84,74,238,1,3,461,219,322,221,"(164, 219, 233, 461)","(74, 221, 238, 322)"
2402501.jpg,wearing,tie,167,60,165,286,man,311,268,21,222,0,3,346,332,490,332,"(165, 332, 286, 346)","(21, 332, 222, 490)"
2388009.jpg,sitting on,book,190,169,0,330,remote,130,53,0,446,1,3,499,190,499,130,"(0, 190, 330, 499)","(0, 130, 446, 499)"
2320421.jpg,sitting on,roof,95,360,144,3,man,42,37,162,194,1,3,363,239,231,204,"(144, 239, 3, 363)","(162, 204, 194, 231)"
2408700.jpg,sitting on,lot,67,495,227,0,plane,65,197,187,299,1,3,495,294,496,252,"(227, 294, 0, 495)","(187, 252, 299, 496)"
2354078.jpg,sitting on,bench,114,322,165,2,man,178,182,117,127,1,3,324,279,309,295,"(165, 279, 2, 324)","(117, 295, 127, 309)"
2382195.jpg,sitting on,bench,91,269,234,217,groom,185,122,93,312,1,3,486,325,434,278,"(234, 325, 217, 486)","(93, 278, 312, 434)"
2382190.jpg,sitting on,platter,103,229,220,256,cake,116,152,175,305,1,3,485,323,457,291,"(220, 323, 256, 485)","(175, 291, 305, 457)"
2369797.jpg,sitting on,shelf,113,230,354,62,book,91,14,376,94,1,3,292,467,108,467,"(354, 467, 62, 292)","(376, 467, 94, 108)"
2356427.jpg,wearing,shirt,190,157,140,75,man,330,237,0,3,0,3,232,330,240,330,"(140, 330, 75, 232)","(0, 330, 3, 240)"
2346593.jpg,wearing,tag,14,16,206,214,person,342,114,111,130,0,3,230,220,244,453,"(206, 220, 214, 230)","(111, 453, 130, 244)"
713085.jpg,sitting on,bench,55,225,459,306,person,93,18,411,468,1,3,531,514,486,504,"(459, 514, 306, 531)","(411, 504, 468, 486)"
2414633.jpg,sitting on,bench,249,195,126,302,woman,336,189,39,297,1,3,497,375,486,375,"(126, 375, 302, 497)","(39, 375, 297, 486)"
2361606.jpg,sitting on,table,66,66,195,288,lamp,68,33,136,319,1,3,354,261,352,204,"(195, 261, 288, 354)","(136, 204, 319, 352)"
2411182.jpg,wearing,coat,23,24,95,431,woman,56,24,85,430,0,3,455,118,454,141,"(95, 118, 431, 455)","(85, 141, 430, 454)"
2378738.jpg,wearing,harness,154,69,221,425,dog,352,402,21,87,0,3,494,375,489,373,"(221, 375, 425, 494)","(21, 373, 87, 489)"
2351519.jpg,lying on,beach,195,492,176,6,seaweed,56,200,286,246,0,3,498,371,446,342,"(176, 371, 6, 498)","(286, 342, 246, 446)"
2382977.jpg,sitting on,keyboard,161,337,214,94,cat,234,270,109,179,1,3,431,375,449,343,"(214, 375, 94, 431)","(109, 343, 179, 449)"
2379021.jpg,sitting on,sofa,125,392,249,108,man,152,220,222,242,1,3,500,374,462,374,"(249, 374, 108, 500)","(222, 374, 242, 462)"
2361954.jpg,sitting on,bench,12,65,87,249,person,23,12,80,282,1,3,314,99,294,103,"(87, 99, 249, 314)","(80, 103, 282, 294)"
2347819.jpg,sitting on,couch,229,369,271,5,woman,466,371,34,3,1,3,374,500,374,500,"(271, 500, 5, 374)","(34, 500, 3, 374)"
2389825.jpg,wearing,wetsuit,62,107,189,326,man,81,122,179,317,0,3,433,251,439,260,"(189, 251, 326, 433)","(179, 260, 317, 439)"
2357209.jpg,wearing,hat,7,10,181,197,woman,21,11,182,199,0,3,207,188,210,203,"(181, 188, 197, 207)","(182, 203, 199, 210)"
2374071.jpg,covered in,snow,75,490,256,4,buildings,63,157,170,78,0,3,494,331,235,233,"(256, 331, 4, 494)","(170, 233, 78, 235)"
2376576.jpg,wearing,shirt,236,272,71,166,woman,307,283,1,166,0,3,438,307,449,308,"(71, 307, 166, 438)","(1, 308, 166, 449)"
2329984.jpg,sitting on,ground,170,475,203,10,magazine,57,196,307,207,1,3,485,373,403,364,"(203, 373, 10, 485)","(307, 364, 207, 403)"
2332506.jpg,wearing,shirt,142,94,90,162,skater,357,233,37,62,0,3,256,232,295,394,"(90, 232, 162, 256)","(37, 394, 62, 295)"
3178.jpg,wearing,shirt,8,11,589,508,person,34,29,563,502,0,3,519,597,531,597,"(589, 597, 508, 519)","(563, 597, 502, 531)"
2317615.jpg,playing,frisbee,32,60,60,101,dog,195,132,100,165,0,3,161,92,297,295,"(60, 92, 101, 161)","(100, 295, 165, 297)"
2370540.jpg,walking on,sidewalk,177,277,195,48,people,102,68,142,222,0,3,325,372,290,244,"(195, 372, 48, 325)","(142, 244, 222, 290)"
2354774.jpg,sitting on,chair,103,74,261,0,person,37,44,248,15,1,3,74,364,59,285,"(261, 364, 0, 74)","(248, 285, 15, 59)"
2395335.jpg,sitting on,bench,120,275,196,40,woman,202,140,97,151,1,3,315,316,291,299,"(196, 316, 40, 315)","(97, 299, 151, 291)"
392.jpg,sitting on,desk,133,497,242,3,laptop,153,155,184,4,1,3,500,375,159,337,"(242, 375, 3, 500)","(184, 337, 4, 159)"
2358720.jpg,sitting on,bench,29,148,172,337,people,70,44,130,362,1,3,485,201,406,200,"(172, 201, 337, 485)","(130, 200, 362, 406)"
2396897.jpg,wearing,cap,44,71,68,378,man,219,191,78,295,0,3,449,112,486,297,"(68, 112, 378, 449)","(78, 297, 295, 486)"
2326356.jpg,sitting on,benches,39,16,300,9,people,155,134,197,8,1,3,25,339,142,352,"(300, 339, 9, 25)","(197, 352, 8, 142)"
2347396.jpg,sitting on,crates,41,57,191,231,bananas,53,77,164,233,1,3,288,232,310,217,"(191, 232, 231, 288)","(164, 217, 233, 310)"
2390964.jpg,carrying,backpack,18,8,197,104,person,38,23,184,94,0,3,112,215,117,222,"(197, 215, 104, 112)","(184, 222, 94, 117)"
2319859.jpg,sitting on,windowsill,18,122,148,43,bottle,21,12,131,95,1,3,165,166,107,152,"(148, 166, 43, 165)","(131, 152, 95, 107)"
2379621.jpg,sitting on,sidewalk,249,290,245,84,sign,90,52,236,320,1,3,374,494,372,326,"(245, 494, 84, 374)","(236, 326, 320, 372)"
285997.jpg,sitting on,bench,581,307,695,452,suitcase,141,204,599,243,1,3,759,1276,447,740,"(695, 1276, 452, 759)","(599, 740, 243, 447)"
713711.jpg,sitting on,bookshelf,582,188,4,809,book,111,32,162,944,1,3,997,586,976,273,"(4, 586, 809, 997)","(162, 273, 944, 976)"
2364286.jpg,sitting on,bench,13,67,173,432,woman,88,40,118,457,1,3,499,186,497,206,"(173, 186, 432, 499)","(118, 206, 457, 497)"
2404878.jpg,sitting on,toilet,108,76,391,257,boy,360,149,139,191,1,3,333,499,340,499,"(391, 499, 257, 333)","(139, 499, 191, 340)"
2361233.jpg,sitting on,bench,461,323,16,11,cat,200,254,71,42,1,3,334,477,296,271,"(16, 477, 11, 334)","(71, 271, 42, 296)"
2338983.jpg,wearing,uniform,116,44,150,167,catcher,151,51,132,167,0,3,211,266,218,283,"(150, 266, 167, 211)","(132, 283, 167, 218)"
2404039.jpg,eating,hen,43,54,124,190,fox,42,53,119,29,0,3,244,167,82,161,"(124, 167, 190, 244)","(119, 161, 29, 82)"
2415724.jpg,sitting on,shore,26,370,160,3,man,18,17,165,327,1,3,373,186,344,183,"(160, 186, 3, 373)","(165, 183, 327, 344)"
2342457.jpg,wearing,pants,18,17,176,404,woman,87,30,112,392,0,3,421,194,422,199,"(176, 194, 404, 421)","(112, 199, 392, 422)"
2403683.jpg,wearing,suit,178,82,90,247,man,207,72,59,255,0,3,329,268,327,266,"(90, 268, 247, 329)","(59, 266, 255, 327)"
2375352.jpg,sitting on,bench,255,493,185,5,man,470,267,1,230,1,3,498,440,497,471,"(185, 440, 5, 498)","(1, 471, 230, 497)"
2341114.jpg,parked on,ground,15,13,60,266,bicycle,279,112,141,2,0,3,279,75,114,420,"(60, 75, 266, 279)","(141, 420, 2, 114)"
2398148.jpg,growing on,rocks,79,100,249,124,succulents,60,75,258,112,0,3,224,328,187,318,"(249, 328, 124, 224)","(258, 318, 112, 187)"
2351999.jpg,wearing,belt,40,80,197,204,man,297,324,21,76,0,3,284,237,400,318,"(197, 237, 204, 284)","(21, 318, 76, 400)"
2401380.jpg,sitting on,ground,183,499,149,1,log,23,81,184,317,1,3,500,332,398,207,"(149, 332, 1, 500)","(184, 207, 317, 398)"
2398739.jpg,wearing,jacket,33,26,153,347,man,72,25,146,346,0,3,373,186,371,218,"(153, 186, 347, 373)","(146, 218, 346, 371)"
2318068.jpg,sitting on,skateboard,7,24,204,91,man,35,32,175,81,1,3,115,211,113,210,"(204, 211, 91, 115)","(175, 210, 81, 113)"
2348645.jpg,wearing,pants,50,24,357,189,person,108,27,303,189,0,3,213,407,216,411,"(357, 407, 189, 213)","(303, 411, 189, 216)"
2365222.jpg,carrying,purse,72,30,189,23,woman,306,123,131,23,0,3,53,261,146,437,"(189, 261, 23, 53)","(131, 437, 23, 146)"
2404351.jpg,sitting on,ground,238,332,258,0,flower,39,38,402,199,1,3,332,496,237,441,"(258, 496, 0, 332)","(402, 441, 199, 237)"
2403684.jpg,eating,hen,43,54,124,190,fox,42,53,119,29,0,3,244,167,82,161,"(124, 167, 190, 244)","(119, 161, 29, 82)"
2394057.jpg,sitting on,bed,297,420,77,78,remote,20,35,239,433,1,3,498,374,468,259,"(77, 374, 78, 498)","(239, 259, 433, 468)"
2384217.jpg,sitting on,countertop,8,45,139,351,flower,6,5,117,386,1,3,396,147,391,123,"(139, 147, 351, 396)","(117, 123, 386, 391)"
2315568.jpg,sitting on,floor,272,496,37,0,male,182,120,4,283,1,3,496,309,403,186,"(37, 309, 0, 496)","(4, 186, 283, 403)"
2412478.jpg,wearing,pants,147,142,200,200,girl,290,126,84,217,0,3,342,347,343,374,"(200, 347, 200, 342)","(84, 374, 217, 343)"
2372953.jpg,sitting on,bench,346,370,153,2,child,454,248,41,54,1,3,372,499,302,495,"(153, 499, 2, 372)","(41, 495, 54, 302)"
2355173.jpg,sitting on,table,116,499,257,0,stove,55,126,276,0,1,3,499,373,126,331,"(257, 373, 0, 499)","(276, 331, 0, 126)"
2372775.jpg,sitting on,floor,56,126,317,11,box,41,114,333,77,1,3,137,373,191,374,"(317, 373, 11, 137)","(333, 374, 77, 191)"
2323036.jpg,covering,trees,210,400,51,54,snow,110,81,13,228,0,3,454,261,309,123,"(51, 261, 54, 454)","(13, 123, 228, 309)"
2384578.jpg,sitting on,chair,107,95,224,219,bag,80,97,234,221,1,3,314,331,318,314,"(224, 331, 219, 314)","(234, 314, 221, 318)"
2405431.jpg,sitting on,counter,288,498,1,2,apple,77,73,29,299,1,3,500,289,372,106,"(1, 289, 2, 500)","(29, 106, 299, 372)"
2392772.jpg,riding,gondola,61,260,176,109,people,21,67,175,124,0,3,369,237,191,196,"(176, 237, 109, 369)","(175, 196, 124, 191)"
2349040.jpg,wearing,glasses,13,45,84,91,man,273,106,60,66,0,3,136,97,172,333,"(84, 97, 91, 136)","(60, 333, 66, 172)"
2368662.jpg,sitting on,elephant,219,286,112,88,man,81,59,50,178,1,3,374,331,237,131,"(112, 331, 88, 374)","(50, 131, 178, 237)"
2380293.jpg,sitting on,street,102,367,216,124,cone,40,16,216,242,1,3,491,318,258,256,"(216, 318, 124, 491)","(216, 256, 242, 258)"
2368155.jpg,sitting on,platform,87,143,217,73,bench,26,18,225,167,1,3,216,304,185,251,"(217, 304, 73, 216)","(225, 251, 167, 185)"
2327527.jpg,sitting on,beach,181,498,192,0,man,27,28,195,29,1,3,498,373,57,222,"(192, 373, 0, 498)","(195, 222, 29, 57)"
2388497.jpg,sitting on,counter,43,118,274,326,object,40,56,84,383,1,3,444,317,439,124,"(274, 317, 326, 444)","(84, 124, 383, 439)"
2385458.jpg,wearing,shorts,66,61,147,390,man,241,80,34,383,0,3,451,213,463,275,"(147, 213, 390, 451)","(34, 275, 383, 463)"
2401641.jpg,wearing,jacket,50,45,244,72,man,101,61,231,62,0,3,117,294,123,332,"(244, 294, 72, 117)","(231, 332, 62, 123)"
2367917.jpg,wearing,shoes,66,173,349,48,man,362,257,57,40,0,3,221,415,297,419,"(349, 415, 48, 221)","(57, 419, 40, 297)"
2392281.jpg,wearing,glove,53,33,321,192,snowboarder,332,227,42,4,0,3,225,374,231,374,"(321, 374, 192, 225)","(42, 374, 4, 231)"
2268.jpg,wearing,shirt,32,29,294,450,person,62,29,286,453,0,3,479,326,482,348,"(294, 326, 450, 479)","(286, 348, 453, 482)"
2352055.jpg,hanging from,ceiling,44,464,18,18,light,75,44,18,217,0,3,482,62,261,93,"(18, 62, 18, 482)","(18, 93, 217, 261)"
2406051.jpg,wearing,jeans,37,32,224,68,man,89,34,188,69,0,3,100,261,103,277,"(224, 261, 68, 100)","(188, 277, 69, 103)"
2373213.jpg,wearing,headphones,274,121,135,81,man,449,295,37,0,0,3,202,409,295,486,"(135, 409, 81, 202)","(37, 486, 0, 295)"
2415263.jpg,watching,person,169,97,110,208,woman,129,83,185,1,0,3,305,279,84,314,"(110, 279, 208, 305)","(185, 314, 1, 84)"
2413084.jpg,wearing,coat,44,36,234,295,person,99,44,220,292,0,3,331,278,336,319,"(234, 278, 295, 331)","(220, 319, 292, 336)"
2407422.jpg,wearing,capris,45,37,173,311,woman,126,49,118,304,0,3,348,218,353,244,"(173, 218, 311, 348)","(118, 244, 304, 353)"
2413086.jpg,wearing,coat,153,191,179,308,lady,248,193,84,306,0,3,499,332,499,332,"(179, 332, 308, 499)","(84, 332, 306, 499)"
2361911.jpg,sitting on,shelf,105,271,63,1,plants,57,221,24,20,1,3,272,168,241,81,"(63, 168, 1, 272)","(24, 81, 20, 241)"
2376990.jpg,growing on,mountain,127,296,3,1,tree,50,16,55,211,0,3,297,130,227,105,"(3, 130, 1, 297)","(55, 105, 211, 227)"
2415111.jpg,sitting on,bench,184,328,157,125,person,242,132,101,87,1,3,453,341,219,343,"(157, 341, 125, 453)","(101, 343, 87, 219)"
2352326.jpg,hanging from,bear,154,73,157,139,object,93,42,183,157,0,3,212,311,199,276,"(157, 311, 139, 212)","(183, 276, 157, 199)"
2353858.jpg,covered in,design,82,132,35,151,ceiling,161,210,0,85,0,3,283,117,295,161,"(35, 117, 151, 283)","(0, 161, 85, 295)"
2349887.jpg,sitting on,step,32,257,373,0,people,99,83,297,206,1,3,257,405,289,396,"(373, 405, 0, 257)","(297, 396, 206, 289)"
2405832.jpg,eating,grass,176,499,169,1,deer,23,25,172,301,0,3,500,345,326,195,"(169, 345, 1, 500)","(172, 195, 301, 326)"
2328457.jpg,wearing,boot,60,26,217,108,woman,217,91,61,91,0,3,134,277,182,278,"(217, 277, 108, 134)","(61, 278, 91, 182)"
2388654.jpg,using,phone,45,28,251,359,man,94,100,193,254,0,3,387,296,354,287,"(251, 296, 359, 387)","(193, 287, 254, 354)"
2370168.jpg,wearing,shirt,36,21,211,479,umpire,79,30,204,469,0,3,500,247,499,283,"(211, 247, 479, 500)","(204, 283, 469, 499)"
2342617.jpg,walking on,sidewalk,57,95,190,353,pedestrians,44,21,163,358,0,3,448,247,379,207,"(190, 247, 353, 448)","(163, 207, 358, 379)"
2376361.jpg,painted on,curb,97,58,169,316,yellow,30,32,189,331,0,3,374,266,363,219,"(169, 266, 316, 374)","(189, 219, 331, 363)"
2386393.jpg,sitting on,table,343,337,155,0,dessert,56,94,392,153,1,3,337,498,247,448,"(155, 498, 0, 337)","(392, 448, 153, 247)"
2411442.jpg,wearing,shirt,73,78,98,205,man,174,103,63,181,0,3,283,171,284,237,"(98, 171, 205, 283)","(63, 237, 181, 284)"
2341195.jpg,wearing,belt,18,80,206,99,woman,413,217,35,83,0,3,179,224,300,448,"(206, 224, 99, 179)","(35, 448, 83, 300)"
2410645.jpg,wearing,cap,42,43,143,299,man,26,45,155,288,0,3,342,185,333,181,"(143, 185, 299, 342)","(155, 181, 288, 333)"
2411412.jpg,wearing,helmet,16,21,189,105,man,67,32,187,101,0,3,126,205,133,254,"(189, 205, 105, 126)","(187, 254, 101, 133)"
2413.jpg,walking on,sidewalk,101,193,353,480,person,55,36,346,574,0,3,673,454,610,401,"(353, 454, 480, 673)","(346, 401, 574, 610)"
2406695.jpg,standing on,plaza,343,328,156,3,woman,351,135,105,76,0,3,331,499,211,456,"(156, 499, 3, 331)","(105, 456, 76, 211)"
2400888.jpg,says,imagine,28,41,159,182,sign,95,109,80,162,0,3,223,187,271,175,"(159, 187, 182, 223)","(80, 175, 162, 271)"
2396994.jpg,sitting on,beach,144,489,231,5,bird,11,7,360,104,1,3,494,375,111,371,"(231, 375, 5, 494)","(360, 371, 104, 111)"
2344943.jpg,wearing,jeans,47,32,180,251,lady,95,42,142,242,0,3,283,227,284,237,"(180, 227, 251, 283)","(142, 237, 242, 284)"
4471.jpg,wearing,curved,115,102,113,134,wall,119,85,100,66,0,3,236,228,151,219,"(113, 228, 134, 236)","(100, 219, 66, 151)"
4263.jpg,wearing,jeans,87,103,232,329,woman,170,160,160,322,0,3,432,319,482,330,"(232, 319, 329, 432)","(160, 330, 322, 482)"
2277.jpg,carrying,bag,46,21,341,213,woman,147,57,277,180,0,3,234,387,237,424,"(341, 387, 213, 234)","(277, 424, 180, 237)"
2336732.jpg,sitting on,bed,117,209,257,290,cat,144,239,101,195,1,3,499,374,434,245,"(257, 374, 290, 499)","(101, 245, 195, 434)"
2358247.jpg,sitting on,table,139,151,5,340,plate,92,49,15,450,1,3,491,144,499,107,"(5, 144, 340, 491)","(15, 107, 450, 499)"
2404440.jpg,wearing,sweater,146,326,188,3,lady,227,325,105,1,0,3,329,334,326,332,"(188, 334, 3, 329)","(105, 332, 1, 326)"
2383502.jpg,wearing,socks,29,53,262,214,man,290,194,20,137,0,3,267,291,331,310,"(262, 291, 214, 267)","(20, 310, 137, 331)"
2366433.jpg,wearing,glasses,23,46,106,118,woman,419,241,62,22,0,3,164,129,263,481,"(106, 129, 118, 164)","(62, 481, 22, 263)"
2410211.jpg,lying on,board,10,42,196,263,surfer,42,152,154,215,0,3,305,206,367,196,"(196, 206, 263, 305)","(154, 196, 215, 367)"
2325047.jpg,watching,skateboarder,132,98,49,105,person,13,10,234,60,0,3,203,181,70,247,"(49, 181, 105, 203)","(234, 247, 60, 70)"
2379373.jpg,wearing,wetsuit,60,31,120,232,man,93,41,86,230,0,3,263,180,271,179,"(120, 180, 232, 263)","(86, 179, 230, 271)"
2361396.jpg,sitting on,bench,246,267,253,0,cat,337,246,160,0,1,3,267,499,246,497,"(253, 499, 0, 267)","(160, 497, 0, 246)"
2410226.jpg,wearing,hat,36,47,26,268,player,306,203,26,189,0,3,315,62,392,332,"(26, 62, 268, 315)","(26, 332, 189, 392)"
2387357.jpg,sitting on,bench,22,46,213,388,person,32,13,204,399,1,3,434,235,412,236,"(213, 235, 388, 434)","(204, 236, 399, 412)"
2342859.jpg,sitting on,couch,294,372,80,126,cat,331,345,22,82,1,3,498,374,427,353,"(80, 374, 126, 498)","(22, 353, 82, 427)"
2409421.jpg,wearing,shirt,102,169,44,169,man,219,222,9,146,0,3,338,146,368,228,"(44, 146, 169, 338)","(9, 228, 146, 368)"
2363193.jpg,sitting on,desk,41,42,226,40,can,181,73,22,102,1,3,82,267,175,203,"(226, 267, 40, 82)","(22, 203, 102, 175)"
2324534.jpg,wearing,shorts,25,28,249,260,man,58,159,220,186,0,3,288,274,345,278,"(249, 274, 260, 288)","(220, 278, 186, 345)"
2372192.jpg,sitting on,ground,151,490,182,10,backpack,65,49,211,244,1,3,500,333,293,276,"(182, 333, 10, 500)","(211, 276, 244, 293)"
2357053.jpg,sitting on,cart,133,266,197,1,man,235,253,97,5,1,3,267,330,258,332,"(197, 330, 1, 267)","(97, 332, 5, 258)"
2347889.jpg,standing on,shore,154,483,175,2,bull,140,197,149,266,0,3,485,329,463,289,"(175, 329, 2, 485)","(149, 289, 266, 463)"
2380991.jpg,sitting on,table,62,82,180,0,light,40,21,149,50,1,3,82,242,71,189,"(180, 242, 0, 82)","(149, 189, 50, 71)"
1593010.jpg,wearing,pants,242,130,391,456,person,569,191,100,435,0,3,586,633,626,669,"(391, 633, 456, 586)","(100, 669, 435, 626)"
2322497.jpg,wearing,shoes,55,107,210,371,man,177,102,100,396,0,3,478,265,498,277,"(210, 265, 371, 478)","(100, 277, 396, 498)"
2387433.jpg,wearing,wristband,35,32,163,260,man,479,320,2,0,0,3,292,198,320,481,"(163, 198, 260, 292)","(2, 481, 0, 320)"
2315396.jpg,sitting on,desk,121,498,155,0,laptop,245,405,23,91,1,3,498,276,496,268,"(155, 276, 0, 498)","(23, 268, 91, 496)"
2409980.jpg,wearing,black,13,13,201,275,person,28,10,193,277,0,3,288,214,287,221,"(201, 214, 275, 288)","(193, 221, 277, 287)"
2360127.jpg,sitting on,motorcycle,142,124,124,356,man,175,117,71,368,1,3,480,266,485,246,"(124, 266, 356, 480)","(71, 246, 368, 485)"
2379021.jpg,sitting on,sofa,125,392,249,108,man,136,224,215,38,1,3,500,374,262,351,"(249, 374, 108, 500)","(215, 351, 38, 262)"
2316838.jpg,walking on,street,151,397,191,78,people,40,58,191,382,0,3,475,342,440,231,"(191, 342, 78, 475)","(191, 231, 382, 440)"
2380362.jpg,wearing,top,48,36,158,264,woman,178,194,75,152,0,3,300,206,346,253,"(158, 206, 264, 300)","(75, 253, 152, 346)"
2364711.jpg,wearing,jacket,232,230,98,0,man,238,238,89,1,0,3,230,330,239,327,"(98, 330, 0, 230)","(89, 327, 1, 239)"
2404781.jpg,sitting on,couch,163,146,58,174,man,189,113,30,188,1,3,320,221,301,219,"(58, 221, 174, 320)","(30, 219, 188, 301)"
2352617.jpg,sitting on,chair,117,111,85,377,bag,32,36,130,430,1,3,488,202,466,162,"(85, 202, 377, 488)","(130, 162, 430, 466)"
2352117.jpg,riding,boy,366,284,132,0,hair,149,132,129,0,0,3,284,498,132,278,"(132, 498, 0, 284)","(129, 278, 0, 132)"
2370001.jpg,sitting on,stairs,260,198,1,212,woman,332,299,1,201,1,3,410,261,500,333,"(1, 261, 212, 410)","(1, 333, 201, 500)"
1592134.jpg,mounted on,car,132,65,366,1,wheel,94,48,404,7,0,3,66,498,55,498,"(366, 498, 1, 66)","(404, 498, 7, 55)"
2381973.jpg,sitting on,bench,58,132,227,213,woman,92,55,194,276,1,3,345,285,331,286,"(227, 285, 213, 345)","(194, 286, 276, 331)"
2348361.jpg,wearing,ties,29,14,150,224,men,245,342,93,157,0,3,238,179,499,338,"(150, 179, 224, 238)","(93, 338, 157, 499)"
2341555.jpg,wearing,sweatshirt,12,14,217,286,person,27,19,214,286,0,3,300,229,305,241,"(217, 229, 286, 300)","(214, 241, 286, 305)"
2392019.jpg,sitting on,couch,178,414,154,76,man,105,153,118,59,1,3,490,332,212,223,"(154, 332, 76, 490)","(118, 223, 59, 212)"
2392784.jpg,lying on,couch,141,219,172,3,man,96,242,217,47,0,3,222,313,289,313,"(172, 313, 3, 222)","(217, 313, 47, 289)"
2356979.jpg,wearing,red,25,24,4,84,teammate,48,41,7,77,0,3,108,29,118,55,"(4, 29, 84, 108)","(7, 55, 77, 118)"
2375088.jpg,sitting on,desk,193,462,129,0,laptops,34,83,118,303,1,3,462,322,386,152,"(129, 322, 0, 462)","(118, 152, 303, 386)"
2358076.jpg,sitting on,table,300,219,193,3,laptop,96,146,117,34,1,3,222,493,180,213,"(193, 493, 3, 222)","(117, 213, 34, 180)"
2328186.jpg,wearing,shirt,69,51,57,259,boy,254,91,13,221,0,3,310,126,312,267,"(57, 126, 259, 310)","(13, 267, 221, 312)"
2407090.jpg,riding,elephant,65,138,198,1,man,103,47,119,30,0,3,139,263,77,222,"(198, 263, 1, 139)","(119, 222, 30, 77)"
2412029.jpg,wearing,hat,22,31,144,176,man,189,113,138,136,0,3,207,166,249,327,"(144, 166, 176, 207)","(138, 327, 136, 249)"
2407139.jpg,wearing,t-shirt,26,16,125,271,skater,108,36,118,259,0,3,287,151,295,226,"(125, 151, 271, 287)","(118, 226, 259, 295)"
1592088.jpg,sitting on,table,443,964,114,4,cup,80,81,448,423,1,3,968,557,504,528,"(114, 557, 4, 968)","(448, 528, 423, 504)"
216.jpg,hanging from,ceiling,72,509,2,0,light,117,111,32,0,0,3,509,74,111,149,"(2, 74, 0, 509)","(32, 149, 0, 111)"
2395854.jpg,sitting on,horse,197,332,302,0,girl,389,153,110,144,1,3,332,499,297,499,"(302, 499, 0, 332)","(110, 499, 144, 297)"
2347793.jpg,sitting on,bike,88,44,161,104,person,125,63,122,83,1,3,148,249,146,247,"(161, 249, 104, 148)","(122, 247, 83, 146)"
285612.jpg,standing on,ski,74,45,432,656,man,493,224,1,593,0,3,701,506,817,494,"(432, 506, 656, 701)","(1, 494, 593, 817)"
2411388.jpg,wearing,glove,42,28,265,210,woman,379,169,56,66,0,3,238,307,235,435,"(265, 307, 210, 238)","(56, 435, 66, 235)"
2398787.jpg,wearing,necklace,37,52,91,124,guy,288,153,31,48,0,3,176,128,201,319,"(91, 128, 124, 176)","(31, 319, 48, 201)"
2357577.jpg,says,private,20,50,155,327,sign,128,102,152,300,0,3,377,175,402,280,"(155, 175, 327, 377)","(152, 280, 300, 402)"
2411207.jpg,says,wii,13,14,163,257,remote,148,156,46,246,0,3,271,176,402,194,"(163, 176, 257, 271)","(46, 194, 246, 402)"
2360852.jpg,sitting on,bench,84,52,345,41,man,156,89,277,29,1,3,93,429,118,433,"(345, 429, 41, 93)","(277, 433, 29, 118)"
2353639.jpg,sitting on,floor,320,492,3,3,person,244,214,17,85,1,3,495,323,299,261,"(3, 323, 3, 495)","(17, 261, 85, 299)"
2372167.jpg,wearing,coat,53,41,186,151,person,80,53,160,153,0,3,192,239,206,240,"(186, 239, 151, 192)","(160, 240, 153, 206)"
713328.jpg,walking on,sidewalk,130,1016,633,4,person,197,106,415,516,0,3,1020,763,622,612,"(633, 763, 4, 1020)","(415, 612, 516, 622)"
2408408.jpg,wearing,top,80,97,150,243,boy,215,155,118,185,0,3,340,230,340,333,"(150, 230, 243, 340)","(118, 333, 185, 340)"
2403019.jpg,sitting on,bus,343,495,1,3,boy,245,230,99,269,1,3,498,344,499,344,"(1, 344, 3, 498)","(99, 344, 269, 499)"
2369229.jpg,covering,ground,79,456,137,39,grass,45,244,137,240,0,3,495,216,484,182,"(137, 216, 39, 495)","(137, 182, 240, 484)"
2405968.jpg,sitting on,track,50,126,257,372,train,118,279,161,116,1,3,498,307,395,279,"(257, 307, 372, 498)","(161, 279, 116, 395)"
2355093.jpg,sitting on,bench,207,220,159,29,man,370,230,54,249,1,3,249,366,479,424,"(159, 366, 29, 249)","(54, 424, 249, 479)"
2338108.jpg,wearing,shorts,46,41,300,37,man,175,71,214,21,0,3,78,346,92,389,"(300, 346, 37, 78)","(214, 389, 21, 92)"
547.jpg,sitting on,shelf,9,80,99,430,book,24,8,74,430,1,3,510,108,438,98,"(99, 108, 430, 510)","(74, 98, 430, 438)"
2324694.jpg,sitting on,counter,39,61,167,436,bottle,32,9,151,481,1,3,497,206,490,183,"(167, 206, 436, 497)","(151, 183, 481, 490)"
2349735.jpg,sitting on,grass,25,116,154,5,person,96,98,88,29,1,3,121,179,127,184,"(154, 179, 5, 121)","(88, 184, 29, 127)"
2341206.jpg,wearing,earring,49,22,330,81,girl,422,262,78,69,0,3,103,379,331,500,"(330, 379, 81, 103)","(78, 500, 69, 331)"
2352196.jpg,mounted on,wires,104,110,183,13,aircraft,88,172,232,1,0,3,123,287,173,320,"(183, 287, 13, 123)","(232, 320, 1, 173)"
2321337.jpg,wearing,gloves,11,20,115,148,man,227,140,17,140,0,3,168,126,280,244,"(115, 126, 148, 168)","(17, 244, 140, 280)"
2358739.jpg,hanging from,clock,196,488,118,11,character,65,63,100,38,0,3,499,314,101,165,"(118, 314, 11, 499)","(100, 165, 38, 101)"
2359411.jpg,wearing,glasses,21,66,72,171,woman,193,150,53,345,0,3,237,93,495,246,"(72, 93, 171, 237)","(53, 246, 345, 495)"
2324001.jpg,sitting on,table,124,305,151,94,food,78,128,241,332,1,3,399,275,460,319,"(151, 275, 94, 399)","(241, 319, 332, 460)"
2360977.jpg,walking on,stairs,42,72,160,354,people,30,30,159,348,0,3,426,202,378,189,"(160, 202, 354, 426)","(159, 189, 348, 378)"
2350222.jpg,sitting on,bleachers,206,246,138,134,person,73,38,192,303,1,3,380,344,341,265,"(138, 344, 134, 380)","(192, 265, 303, 341)"
2416016.jpg,sitting on,sidewalk,437,298,58,1,television,190,190,278,72,1,3,299,495,262,468,"(58, 495, 1, 299)","(278, 468, 72, 262)"
2400750.jpg,carrying,purse,12,10,268,44,person,27,14,257,42,0,3,54,280,56,284,"(268, 280, 44, 54)","(257, 284, 42, 56)"
2390269.jpg,sitting on,plate,68,125,157,374,food,57,87,159,391,1,3,499,225,478,216,"(157, 225, 374, 499)","(159, 216, 391, 478)"
2394928.jpg,sitting on,floor,93,323,406,3,shoes,40,61,456,21,1,3,326,499,82,496,"(406, 499, 3, 326)","(456, 496, 21, 82)"
2402609.jpg,wearing,pink,18,18,71,247,man,31,22,60,244,0,3,265,89,266,91,"(71, 89, 247, 265)","(60, 91, 244, 266)"
2392736.jpg,sitting on,floor,211,274,289,59,scale,27,53,330,63,1,3,333,500,116,357,"(289, 500, 59, 333)","(330, 357, 63, 116)"
2414017.jpg,sitting on,moped,292,448,3,51,cat,70,88,130,205,1,3,499,295,293,200,"(3, 295, 51, 499)","(130, 200, 205, 293)"
2334819.jpg,wearing,glasses,70,75,71,396,lady,274,141,45,340,0,3,471,141,481,319,"(71, 141, 396, 471)","(45, 319, 340, 481)"
2384097.jpg,eating,grass,34,93,202,60,zebra,113,147,99,131,0,3,153,236,278,212,"(202, 236, 60, 153)","(99, 212, 131, 278)"
2342799.jpg,sitting on,shelf,21,163,147,67,apple,17,17,129,168,1,3,230,168,185,146,"(147, 168, 67, 230)","(129, 146, 168, 185)"
2341560.jpg,wearing,shirt,37,30,331,96,man,122,51,319,84,0,3,126,368,135,441,"(331, 368, 96, 126)","(319, 441, 84, 135)"
2334627.jpg,covering,floor,221,375,278,0,wood,65,225,432,143,0,3,375,499,368,497,"(278, 499, 0, 375)","(432, 497, 143, 368)"
2407323.jpg,wearing,shirt,112,75,262,422,man,247,76,128,422,0,3,497,374,498,375,"(262, 374, 422, 497)","(128, 375, 422, 498)"
2357779.jpg,wearing,necklace,10,17,157,171,woman,210,62,121,150,0,3,188,167,212,331,"(157, 167, 171, 188)","(121, 331, 150, 212)"
2384879.jpg,riding,horseback,90,94,145,166,man,89,56,108,183,0,3,260,235,239,197,"(145, 235, 166, 260)","(108, 197, 183, 239)"
2349829.jpg,sitting on,table,49,130,221,348,vase,37,12,207,389,1,3,478,270,401,244,"(221, 270, 348, 478)","(207, 244, 389, 401)"
1593199.jpg,watching,boat,65,242,290,472,man,573,404,186,13,0,3,714,355,417,759,"(290, 355, 472, 714)","(186, 759, 13, 417)"
2408641.jpg,lying on,pillow,213,154,129,346,dog,235,279,132,155,0,3,500,342,434,367,"(129, 342, 346, 500)","(132, 367, 155, 434)"
2386584.jpg,sitting on,bench,234,463,97,3,woman,306,193,26,20,1,3,466,331,213,332,"(97, 331, 3, 466)","(26, 332, 20, 213)"
2385595.jpg,wearing,glasses,60,96,51,127,woman,188,182,0,69,0,3,223,111,251,188,"(51, 111, 127, 223)","(0, 188, 69, 251)"
2370242.jpg,sitting on,snow,275,498,100,1,ski,27,123,290,134,1,3,499,375,257,317,"(100, 375, 1, 499)","(290, 317, 134, 257)"
2340563.jpg,sitting on,branch,241,79,259,124,bug,45,40,332,111,1,3,203,500,151,377,"(259, 500, 124, 203)","(332, 377, 111, 151)"
2340674.jpg,carrying,guitar,210,76,163,117,person,118,40,149,162,0,3,193,373,202,267,"(163, 373, 117, 193)","(149, 267, 162, 202)"
2347689.jpg,sitting on,table,113,435,218,15,bottle,150,68,181,103,1,3,450,331,171,331,"(218, 331, 15, 450)","(181, 331, 103, 171)"
2410840.jpg,wearing,collar,35,11,227,300,pet,249,320,32,88,0,3,311,262,408,281,"(227, 262, 300, 311)","(32, 281, 88, 408)"
2404153.jpg,sitting on,table,99,291,227,134,basket,24,35,238,306,1,3,425,326,341,262,"(227, 326, 134, 425)","(238, 262, 306, 341)"
2380757.jpg,sitting on,table,87,116,412,258,remote,35,21,464,297,1,3,374,499,318,499,"(412, 499, 258, 374)","(464, 499, 297, 318)"
2368026.jpg,covering,floor,129,365,244,56,powder,136,244,227,88,0,3,421,373,332,363,"(244, 373, 56, 421)","(227, 363, 88, 332)"
1306.jpg,sitting on,desk,70,234,163,221,bottle,66,45,167,335,1,3,455,233,380,233,"(163, 233, 221, 455)","(167, 233, 335, 380)"
2340236.jpg,sitting on,dirt,78,331,419,0,mat,42,303,439,27,1,3,331,497,330,481,"(419, 497, 0, 331)","(439, 481, 27, 330)"
2382197.jpg,wearing,suspenders,75,15,69,368,man,284,95,38,335,0,3,383,144,430,322,"(69, 144, 368, 383)","(38, 322, 335, 430)"
2348752.jpg,walking on,stairs,274,332,212,0,person,263,66,104,267,0,3,332,486,333,367,"(212, 486, 0, 332)","(104, 367, 267, 333)"
2356372.jpg,wearing,backpack,128,87,71,96,man,307,120,19,88,0,3,183,199,208,326,"(71, 199, 96, 183)","(19, 326, 88, 208)"
2328082.jpg,sitting on,sand,183,495,100,4,kid,32,36,156,56,1,3,499,283,92,188,"(100, 283, 4, 499)","(156, 188, 56, 92)"
2353599.jpg,sitting on,table,186,368,146,1,glass,90,42,202,262,1,3,369,332,304,292,"(146, 332, 1, 369)","(202, 292, 262, 304)"
2393884.jpg,sitting on,bench,58,10,380,16,man,60,23,365,138,1,3,26,438,161,425,"(380, 438, 16, 26)","(365, 425, 138, 161)"
2400385.jpg,sitting on,chair,119,32,20,131,person,141,136,1,0,1,3,163,139,136,142,"(20, 139, 131, 163)","(1, 142, 0, 136)"
2322750.jpg,sitting on,plate,432,362,68,13,knife,236,161,17,192,1,3,375,500,353,253,"(68, 500, 13, 375)","(17, 253, 192, 353)"
2353412.jpg,sitting on,desk,190,221,180,0,cd,10,75,73,134,1,3,221,370,209,83,"(180, 370, 0, 221)","(73, 83, 134, 209)"
2416127.jpg,sitting on,table,166,374,207,1,laptop,115,144,215,18,1,3,375,373,162,330,"(207, 373, 1, 375)","(215, 330, 18, 162)"
325.jpg,wearing,sweatshirt,50,72,273,318,man,109,48,256,330,0,3,390,323,378,365,"(273, 323, 318, 390)","(256, 365, 330, 378)"
2394525.jpg,mounted on,tripod,157,95,144,113,umbrella,117,129,44,89,0,3,208,301,218,161,"(144, 301, 113, 208)","(44, 161, 89, 218)"
2338097.jpg,wearing,jeans,147,49,247,195,woman,363,80,32,178,0,3,244,394,258,395,"(247, 394, 195, 244)","(32, 395, 178, 258)"
2384457.jpg,wearing,jacket,89,75,111,196,man,215,92,91,198,0,3,271,200,290,306,"(111, 200, 196, 271)","(91, 306, 198, 290)"
2353722.jpg,sitting on,placement,140,405,212,43,cup,102,69,155,108,1,3,448,352,177,257,"(212, 352, 43, 448)","(155, 257, 108, 177)"
2331425.jpg,standing on,sidewalk,95,342,237,5,woman,332,217,1,79,0,3,347,332,296,333,"(237, 332, 5, 347)","(1, 333, 79, 296)"
3611.jpg,sitting on,saddle,187,252,396,435,woman,393,390,209,277,1,3,687,583,667,602,"(396, 583, 435, 687)","(209, 602, 277, 667)"
2356133.jpg,sitting on,table,20,52,230,47,person,17,22,211,73,1,3,99,250,95,228,"(230, 250, 47, 99)","(211, 228, 73, 95)"
2376988.jpg,sitting on,ground,197,312,302,14,girl,122,53,196,2,1,3,326,499,55,318,"(302, 499, 14, 326)","(196, 318, 2, 55)"
2336913.jpg,sitting on,bench,48,69,166,133,person,34,38,176,157,1,3,202,214,195,210,"(166, 214, 133, 202)","(176, 210, 157, 195)"
2316066.jpg,wearing,t-shirt,120,110,52,56,man,264,255,17,33,0,3,166,172,288,281,"(52, 172, 56, 166)","(17, 281, 33, 288)"
2392019.jpg,sitting on,table,119,156,215,3,books,46,98,228,10,1,3,159,334,108,274,"(215, 334, 3, 159)","(228, 274, 10, 108)"
2382996.jpg,riding,surf,146,497,126,3,person,77,68,114,252,0,3,500,272,320,191,"(126, 272, 3, 500)","(114, 191, 252, 320)"
2327523.jpg,sitting on,chair,176,142,194,0,sunglasses,22,14,311,49,1,3,142,370,63,333,"(194, 370, 0, 142)","(311, 333, 49, 63)"
2320410.jpg,wearing,shorts,48,43,232,298,man,177,56,149,300,0,3,341,280,356,326,"(232, 280, 298, 341)","(149, 326, 300, 356)"
2364265.jpg,sitting on,floor,87,102,407,7,bag,36,61,354,92,1,3,109,494,153,390,"(407, 494, 7, 109)","(354, 390, 92, 153)"
2326262.jpg,sitting on,desk,114,275,127,0,computer,57,47,88,183,1,3,275,241,230,145,"(127, 241, 0, 275)","(88, 145, 183, 230)"
2401877.jpg,sitting on,bench,54,130,178,290,man,53,111,142,288,1,3,420,232,399,195,"(178, 232, 290, 420)","(142, 195, 288, 399)"
2341354.jpg,wearing,hat,25,39,186,419,man,160,53,179,419,0,3,458,211,472,339,"(186, 211, 419, 458)","(179, 339, 419, 472)"
2357514.jpg,sitting on,lid,124,207,216,53,cat,216,201,101,64,1,3,260,340,265,317,"(216, 340, 53, 260)","(101, 317, 64, 265)"
2321207.jpg,covered in,snow,81,120,240,320,ground,131,482,190,3,0,3,440,321,485,321,"(240, 321, 320, 440)","(190, 321, 3, 485)"
2398386.jpg,sitting on,beach,134,332,366,0,building,45,41,330,256,1,3,332,500,297,375,"(366, 500, 0, 332)","(330, 375, 256, 297)"
2353017.jpg,sitting on,counter,185,347,146,152,microwave,124,116,144,381,1,3,499,331,497,268,"(146, 331, 152, 499)","(144, 268, 381, 497)"
2401752.jpg,wearing,uniform,103,37,119,148,man,122,38,103,149,0,3,185,222,187,225,"(119, 222, 148, 185)","(103, 225, 149, 187)"
2350382.jpg,growing on,wall,127,494,2,3,greenery,30,254,1,5,0,3,497,129,259,31,"(2, 129, 3, 497)","(1, 31, 5, 259)"
2416558.jpg,wearing,shirt,16,20,94,276,person,35,39,82,276,0,3,296,110,315,117,"(94, 110, 276, 296)","(82, 117, 276, 315)"
2353606.jpg,sitting on,sidewalk,336,369,161,4,chair,125,142,292,125,1,3,373,497,267,417,"(161, 497, 4, 373)","(292, 417, 125, 267)"
2363502.jpg,sitting on,couch,150,405,103,79,people,184,145,46,304,1,3,484,253,449,230,"(103, 253, 79, 484)","(46, 230, 304, 449)"
2347002.jpg,walking on,field,330,492,3,1,lamb,72,77,152,239,0,3,493,333,316,224,"(3, 333, 1, 493)","(152, 224, 239, 316)"
2316386.jpg,wearing,shirt,8,17,212,166,driver,27,22,201,164,0,3,183,220,186,228,"(212, 220, 166, 183)","(201, 228, 164, 186)"
2393883.jpg,wearing,shorts,70,80,219,355,man,247,144,41,342,0,3,435,289,486,288,"(219, 289, 355, 435)","(41, 288, 342, 486)"
2335584.jpg,sitting on,table,136,92,153,14,food,210,405,273,88,1,3,106,289,493,483,"(153, 289, 14, 106)","(273, 483, 88, 493)"
2386687.jpg,wearing,glasses,28,48,88,228,groom,333,260,41,165,0,3,276,116,425,374,"(88, 116, 228, 276)","(41, 374, 165, 425)"
107946.jpg,wearing,shirt,25,58,183,338,man,51,47,158,349,0,3,396,208,396,209,"(183, 208, 338, 396)","(158, 209, 349, 396)"
2374975.jpg,wearing,shirt,100,92,111,394,woman,329,217,3,5,0,3,486,211,222,332,"(111, 211, 394, 486)","(3, 332, 5, 222)"
2406240.jpg,sitting on,table,369,496,1,3,glass,27,72,0,392,1,3,499,370,464,27,"(1, 370, 3, 499)","(0, 27, 392, 464)"
2392615.jpg,carrying,board,109,104,106,243,surfer,195,82,59,288,0,3,347,215,370,254,"(106, 215, 243, 347)","(59, 254, 288, 370)"
2358447.jpg,wearing,shirt,70,107,160,195,man,93,60,114,212,0,3,302,230,272,207,"(160, 230, 195, 302)","(114, 207, 212, 272)"
2352875.jpg,sitting on,couch,316,272,119,5,woman,305,169,132,2,1,3,277,435,171,437,"(119, 435, 5, 277)","(132, 437, 2, 171)"
2321841.jpg,wearing,watch,17,21,139,6,lady,438,174,30,0,0,3,27,156,174,468,"(139, 156, 6, 27)","(30, 468, 0, 174)"
4572.jpg,sitting on,shelf,288,110,0,24,box,27,57,38,38,1,3,134,288,95,65,"(0, 288, 24, 134)","(38, 65, 38, 95)"
2347387.jpg,hanging from,branches,76,30,9,287,leaves,36,26,20,253,0,3,317,85,279,56,"(9, 85, 287, 317)","(20, 56, 253, 279)"
2347520.jpg,sitting on,carpet,288,494,8,5,equipment,248,481,16,18,1,3,499,296,499,264,"(8, 296, 5, 499)","(16, 264, 18, 499)"
2391430.jpg,wearing,helmet,38,41,194,446,boy,90,56,193,441,0,3,487,232,497,283,"(194, 232, 446, 487)","(193, 283, 441, 497)"
2319439.jpg,sitting on,track,186,292,132,46,train,151,190,65,271,1,3,338,318,461,216,"(132, 318, 46, 338)","(65, 216, 271, 461)"
2354209.jpg,sitting on,bench,68,187,340,121,woman,116,39,283,140,1,3,308,408,179,399,"(340, 408, 121, 308)","(283, 399, 140, 179)"
2364673.jpg,parked on,street,204,499,128,0,car,154,209,86,128,0,3,499,332,337,240,"(128, 332, 0, 499)","(86, 240, 128, 337)"
2357561.jpg,sitting on,ground,55,137,318,11,box,42,80,270,78,1,3,148,373,158,312,"(318, 373, 11, 148)","(270, 312, 78, 158)"
2324542.jpg,sitting on,street,101,481,199,2,cone,14,11,242,465,1,3,483,300,476,256,"(199, 300, 2, 483)","(242, 256, 465, 476)"
2401635.jpg,sitting on,table,19,69,187,249,lamp,61,20,139,279,1,3,318,206,299,200,"(187, 206, 249, 318)","(139, 200, 279, 299)"
2415546.jpg,wearing,collar,10,32,156,20,cat,67,88,127,12,0,3,52,166,100,194,"(156, 166, 20, 52)","(127, 194, 12, 100)"
2391570.jpg,sitting on,counter,119,142,284,71,girl,273,129,110,103,1,3,213,403,232,383,"(284, 403, 71, 213)","(110, 383, 103, 232)"
2389424.jpg,sitting on,motorcycle,67,56,202,329,man,90,43,170,334,1,3,385,269,377,260,"(202, 269, 329, 385)","(170, 260, 334, 377)"
2415909.jpg,sitting on,chair,119,70,162,206,person,27,23,114,13,1,3,276,281,36,141,"(162, 281, 206, 276)","(114, 141, 13, 36)"
2382190.jpg,sitting on,table,350,467,137,14,container,115,119,17,317,1,3,481,487,436,132,"(137, 487, 14, 481)","(17, 132, 317, 436)"
2374886.jpg,sitting on,tracks,160,288,212,2,train,57,42,162,257,1,3,290,372,299,219,"(212, 372, 2, 290)","(162, 219, 257, 299)"
2317419.jpg,wearing,shirt,262,289,112,121,man,329,310,45,102,0,3,410,374,412,374,"(112, 374, 121, 410)","(45, 374, 102, 412)"
2347793.jpg,sitting on,bike,177,110,132,386,person,192,102,79,395,1,3,496,309,497,271,"(132, 309, 386, 496)","(79, 271, 395, 497)"
2405435.jpg,sitting on,table,162,195,185,126,telephone,18,47,178,266,1,3,321,347,313,196,"(185, 347, 126, 321)","(178, 196, 266, 313)"
2409688.jpg,wearing,shirt,7,1,97,208,rower,10,16,97,206,0,3,209,104,222,107,"(97, 104, 208, 209)","(97, 107, 206, 222)"
2346231.jpg,sitting on,floor,244,496,88,2,lint,15,12,271,275,1,3,498,332,287,286,"(88, 332, 2, 498)","(271, 286, 275, 287)"
2411136.jpg,sitting on,table,46,162,305,25,doll,39,47,297,63,1,3,187,351,110,336,"(305, 351, 25, 187)","(297, 336, 63, 110)"
2346632.jpg,sitting on,plate,31,236,220,15,pie,84,196,189,48,1,3,251,251,244,273,"(220, 251, 15, 251)","(189, 273, 48, 244)"
2324528.jpg,sitting on,table,322,483,6,5,plate,275,293,19,41,1,3,488,328,334,294,"(6, 328, 5, 488)","(19, 294, 41, 334)"
2381206.jpg,playing,frisbee,7,28,183,139,person,285,106,79,269,0,3,167,190,375,364,"(183, 190, 139, 167)","(79, 364, 269, 375)"
1422.jpg,growing on,tree,338,314,5,468,leaf,8,8,48,640,0,3,782,343,648,56,"(5, 343, 468, 782)","(48, 56, 640, 648)"
713456.jpg,wearing,helmet,24,30,248,159,man,331,82,245,125,0,3,189,272,207,576,"(248, 272, 159, 189)","(245, 576, 125, 207)"
713800.jpg,wearing,jacket,47,35,97,198,person,92,38,96,201,0,3,233,144,239,188,"(97, 144, 198, 233)","(96, 188, 201, 239)"
2324890.jpg,covering,car,90,45,176,2,snow,60,38,170,1,0,3,47,266,39,230,"(176, 266, 2, 47)","(170, 230, 1, 39)"
2412500.jpg,wearing,shirt,107,107,66,287,player,278,231,33,204,0,3,394,173,435,311,"(66, 173, 287, 394)","(33, 311, 204, 435)"
497968.jpg,sitting on,charger,45,99,825,598,cellphone,157,96,726,593,1,3,697,870,689,883,"(825, 870, 598, 697)","(726, 883, 593, 689)"
2345060.jpg,wearing,jacket,107,54,125,313,man,280,135,92,283,0,3,367,232,418,372,"(125, 232, 313, 367)","(92, 372, 283, 418)"
2372082.jpg,wearing,red,134,103,131,76,lady,232,157,80,75,0,3,179,265,232,312,"(131, 265, 76, 179)","(80, 312, 75, 232)"
2387127.jpg,walking on,snow,267,499,13,1,woman,133,62,27,35,0,3,500,280,97,160,"(13, 280, 1, 500)","(27, 160, 35, 97)"
2316391.jpg,wearing,wristband,45,57,274,202,man,295,317,25,150,0,3,259,319,467,320,"(274, 319, 202, 259)","(25, 320, 150, 467)"
2367804.jpg,sitting on,desk,231,420,57,51,magazine,108,183,139,0,1,3,471,288,183,247,"(57, 288, 51, 471)","(139, 247, 0, 183)"
2347427.jpg,playing,person,184,105,109,389,person,203,150,71,94,0,3,494,293,244,274,"(109, 293, 389, 494)","(71, 274, 94, 244)"
2328745.jpg,sitting on,plate,210,217,40,0,donut,144,137,71,9,1,3,217,250,146,215,"(40, 250, 0, 217)","(71, 215, 9, 146)"
2356258.jpg,sitting on,desk,156,498,219,1,keyboard,64,144,257,194,1,3,499,375,338,321,"(219, 375, 1, 499)","(257, 321, 194, 338)"
2321728.jpg,wearing,visor,40,48,46,124,man,146,53,34,119,0,3,172,86,172,180,"(46, 86, 124, 172)","(34, 180, 119, 172)"
2341996.jpg,wearing,shirt,50,87,156,345,child,170,126,62,317,0,3,432,206,443,232,"(156, 206, 345, 432)","(62, 232, 317, 443)"
1592942.jpg,sitting on,couch,348,482,338,21,man,601,437,150,13,1,3,503,686,450,751,"(338, 686, 21, 503)","(150, 751, 13, 450)"
2353658.jpg,sitting on,motorcycle,271,265,185,25,woman,280,110,145,149,1,3,290,456,259,425,"(185, 456, 25, 290)","(145, 425, 149, 259)"
2410910.jpg,sitting on,table,461,300,38,0,plate,40,120,177,38,1,3,300,499,158,217,"(38, 499, 0, 300)","(177, 217, 38, 158)"
2403418.jpg,wearing,glasses,11,13,165,424,man,116,75,151,410,0,3,437,176,485,267,"(165, 176, 424, 437)","(151, 267, 410, 485)"
2364528.jpg,wearing,shirt,80,216,144,29,girl,262,225,38,39,0,3,245,224,264,300,"(144, 224, 29, 245)","(38, 300, 39, 264)"
2417629.jpg,sitting on,sidewalk,105,498,233,0,bench,232,456,100,28,1,3,498,338,484,332,"(233, 338, 0, 498)","(100, 332, 28, 484)"
2333881.jpg,sitting on,sofa,161,261,157,237,man,113,107,134,378,1,3,498,318,485,247,"(157, 318, 237, 498)","(134, 247, 378, 485)"
2362696.jpg,sitting on,road,183,496,190,4,dog,42,40,179,193,1,3,500,373,233,221,"(190, 373, 4, 500)","(179, 221, 193, 233)"
3985.jpg,wearing,jeans,76,94,171,233,man,230,178,32,227,0,3,327,247,405,262,"(171, 247, 233, 327)","(32, 262, 227, 405)"
2382660.jpg,sitting on,stairs,175,339,147,8,man,114,55,129,191,1,3,347,322,246,243,"(147, 322, 8, 347)","(129, 243, 191, 246)"
2359418.jpg,sitting on,floor,39,72,249,284,mannequin,98,51,127,129,1,3,356,288,180,225,"(249, 288, 284, 356)","(127, 225, 129, 180)"
2359929.jpg,covered in,snow,38,32,140,305,trees,106,189,67,245,0,3,337,178,434,173,"(140, 178, 305, 337)","(67, 173, 245, 434)"
713196.jpg,covered in,snow,61,20,314,644,tree,61,20,314,644,0,3,664,375,664,375,"(314, 375, 644, 664)","(314, 375, 644, 664)"
2405379.jpg,sitting on,couch,134,128,196,372,man,231,116,101,383,1,3,500,330,499,332,"(196, 330, 372, 500)","(101, 332, 383, 499)"
2411757.jpg,wearing,helmet,27,32,69,21,person,183,63,67,14,0,3,53,96,77,250,"(69, 96, 21, 53)","(67, 250, 14, 77)"
2403779.jpg,sitting on,table,499,373,1,1,fork,42,98,49,276,1,3,374,500,374,91,"(1, 500, 1, 374)","(49, 91, 276, 374)"
2317756.jpg,sitting on,bench,63,130,211,71,woman,95,63,176,144,1,3,201,274,207,271,"(211, 274, 71, 201)","(176, 271, 144, 207)"
2333558.jpg,sitting on,wall,312,483,60,10,backpack,37,64,100,245,1,3,493,372,309,137,"(60, 372, 10, 493)","(100, 137, 245, 309)"
2347509.jpg,wearing,pants,90,83,222,149,boy,325,154,49,130,0,3,232,312,284,374,"(222, 312, 149, 232)","(49, 374, 130, 284)"
2409253.jpg,wearing,pants,119,60,183,439,woman,193,60,108,437,0,3,499,302,497,301,"(183, 302, 439, 499)","(108, 301, 437, 497)"
2350780.jpg,sitting on,table,130,217,174,138,camera,47,82,200,228,1,3,355,304,310,247,"(174, 304, 138, 355)","(200, 247, 228, 310)"
1759.jpg,sitting on,bench,34,66,402,423,person,36,13,399,444,1,3,489,436,457,435,"(402, 436, 423, 489)","(399, 435, 444, 457)"
2397815.jpg,sitting on,floor,200,498,174,2,bed,170,285,113,104,1,3,500,374,389,283,"(174, 374, 2, 500)","(113, 283, 104, 389)"
2332467.jpg,wearing,shirt,225,173,105,75,woman,317,242,13,78,0,3,248,330,320,330,"(105, 330, 75, 248)","(13, 330, 78, 320)"
4106.jpg,sitting on,bookshelf,22,151,119,103,book,29,21,97,188,1,3,254,141,209,126,"(119, 141, 103, 254)","(97, 126, 188, 209)"
2379017.jpg,sitting on,moon,90,110,107,305,child,39,25,133,311,1,3,415,197,336,172,"(107, 197, 305, 415)","(133, 172, 311, 336)"
2380209.jpg,sitting on,nightstand,16,39,322,204,lamp,33,27,298,233,1,3,243,338,260,331,"(322, 338, 204, 243)","(298, 331, 233, 260)"
2379621.jpg,walking on,sidewalk,249,290,245,84,person,96,42,201,220,0,3,374,494,262,297,"(245, 494, 84, 374)","(201, 297, 220, 262)"
1592723.jpg,wearing,jeans,178,512,567,250,man,433,843,314,2,0,3,762,745,845,747,"(567, 745, 250, 762)","(314, 747, 2, 845)"
2380369.jpg,wearing,shirt,122,102,127,137,guy,286,252,88,139,0,3,239,249,391,374,"(127, 249, 137, 239)","(88, 374, 139, 391)"
2339670.jpg,wearing,helmet,56,86,103,165,man,151,94,109,153,0,3,251,159,247,260,"(103, 159, 165, 251)","(109, 260, 153, 247)"
2415949.jpg,walking on,platform,264,386,64,11,man,109,42,43,124,0,3,397,328,166,152,"(64, 328, 11, 397)","(43, 152, 124, 166)"
2368031.jpg,sitting on,floor,392,372,106,2,safe,63,49,267,2,1,3,374,498,51,330,"(106, 498, 2, 374)","(267, 330, 2, 51)"
2345460.jpg,lying on,counter,395,368,103,4,brochure,91,95,78,277,0,3,372,498,372,169,"(103, 498, 4, 372)","(78, 169, 277, 372)"
2321874.jpg,wearing,boot,15,12,185,112,lady,115,48,88,94,0,3,124,200,142,203,"(185, 200, 112, 124)","(88, 203, 94, 142)"
2315380.jpg,sitting on,land,44,115,234,33,object,25,30,238,108,1,3,148,278,138,263,"(234, 278, 33, 148)","(238, 263, 108, 138)"
2383836.jpg,wearing,jacket,107,88,136,200,woman,240,93,98,195,0,3,288,243,288,338,"(136, 243, 200, 288)","(98, 338, 195, 288)"
2365204.jpg,riding,wave,89,278,97,221,surfer,39,39,103,303,0,3,499,186,342,142,"(97, 186, 221, 499)","(103, 142, 303, 342)"
2390073.jpg,sitting on,chair,145,159,212,152,bear,292,235,83,88,1,3,311,357,323,375,"(212, 357, 152, 311)","(83, 375, 88, 323)"
2363794.jpg,sitting on,counter,91,160,174,1,bottle,25,10,166,119,1,3,161,265,129,191,"(174, 265, 1, 161)","(166, 191, 119, 129)"
2376669.jpg,wearing,jacket,17,7,213,197,woman,49,29,202,187,0,3,204,230,216,251,"(213, 230, 197, 204)","(202, 251, 187, 216)"
2406451.jpg,sitting on,sand,295,498,79,1,man,64,35,140,74,1,3,499,374,109,204,"(79, 374, 1, 499)","(140, 204, 74, 109)"
2336088.jpg,sitting on,tank,200,216,141,99,box,86,136,128,167,1,3,315,341,303,214,"(141, 341, 99, 315)","(128, 214, 167, 303)"
2407436.jpg,wearing,sweater,198,204,132,148,man,269,158,61,149,0,3,352,330,307,330,"(132, 330, 148, 352)","(61, 330, 149, 307)"
2404342.jpg,standing on,platform,189,343,180,4,man,31,9,171,168,0,3,347,369,177,202,"(180, 369, 4, 347)","(171, 202, 168, 177)"
2395359.jpg,sitting on,tile,184,249,314,44,toilet,275,151,201,94,1,3,293,498,245,476,"(314, 498, 44, 293)","(201, 476, 94, 245)"
772.jpg,carrying,bag,61,45,408,415,woman,144,66,345,423,0,3,460,469,489,489,"(408, 469, 415, 460)","(345, 489, 423, 489)"
2396603.jpg,sitting on,beach,95,229,143,4,boat,212,54,12,179,1,3,233,238,233,224,"(143, 238, 4, 233)","(12, 224, 179, 233)"
2411054.jpg,sitting on,stairs,30,93,209,204,people,31,81,201,209,1,3,297,239,290,232,"(209, 239, 204, 297)","(201, 232, 209, 290)"
2148.jpg,sitting on,rack,517,148,116,424,bowl,37,89,177,463,1,3,572,633,552,214,"(116, 633, 424, 572)","(177, 214, 463, 552)"
2382924.jpg,wearing,sandals,78,137,226,256,boy,245,164,66,223,0,3,393,304,387,311,"(226, 304, 256, 393)","(66, 311, 223, 387)"
2349481.jpg,lying on,beach,149,491,221,6,bottle,17,16,292,272,0,3,497,370,288,309,"(221, 370, 6, 497)","(292, 309, 272, 288)"
2349442.jpg,sitting on,desk,135,342,233,86,calendar,80,188,234,38,1,3,428,368,226,314,"(233, 368, 86, 428)","(234, 314, 38, 226)"
2349280.jpg,wearing,belt,16,75,212,256,man,312,222,53,236,0,3,331,228,458,365,"(212, 228, 256, 331)","(53, 365, 236, 458)"
2401538.jpg,sitting on,train,488,366,6,9,man,135,60,43,0,1,3,375,494,60,178,"(6, 494, 9, 375)","(43, 178, 0, 60)"
2354729.jpg,wearing,shorts,47,60,227,80,skater,106,119,203,63,0,3,140,274,182,309,"(227, 274, 80, 140)","(203, 309, 63, 182)"
2344215.jpg,wearing,sunglasses,8,12,191,11,man,129,46,179,2,0,3,23,199,48,308,"(191, 199, 11, 23)","(179, 308, 2, 48)"
2341563.jpg,walking on,sidewalk,31,225,356,54,lady,27,8,343,189,0,3,279,387,197,370,"(356, 387, 54, 279)","(343, 370, 189, 197)"
2363547.jpg,sitting on,post,62,14,382,191,man,150,92,299,177,1,3,205,444,269,449,"(382, 444, 191, 205)","(299, 449, 177, 269)"
2405112.jpg,sitting on,desk,178,455,196,0,phone,69,85,231,367,1,3,455,374,452,300,"(196, 374, 0, 455)","(231, 300, 367, 452)"
2397149.jpg,sitting on,windshield,68,188,112,35,snow,421,374,78,0,1,3,223,180,374,499,"(112, 180, 35, 223)","(78, 499, 0, 374)"
2373859.jpg,wearing,shirt,262,155,238,106,man,499,314,0,59,0,3,261,500,373,499,"(238, 500, 106, 261)","(0, 499, 59, 373)"
1662.jpg,sitting on,bookshelf,388,269,115,161,book,66,18,290,251,1,3,430,503,269,356,"(115, 503, 161, 430)","(290, 356, 251, 269)"
2405424.jpg,sitting on,floor,164,498,333,1,kid,464,405,21,30,1,3,499,497,435,485,"(333, 497, 1, 499)","(21, 485, 30, 435)"
2341806.jpg,playing,frisbee,56,45,135,57,men,270,413,61,86,0,3,102,191,499,331,"(135, 191, 57, 102)","(61, 331, 86, 499)"
2416266.jpg,wearing,jacket,61,47,171,25,man,97,46,168,17,0,3,72,232,63,265,"(171, 232, 25, 72)","(168, 265, 17, 63)"
2410278.jpg,eating,carrot,6,20,197,251,elephant,224,251,82,0,0,3,271,203,251,306,"(197, 203, 251, 271)","(82, 306, 0, 251)"
2398562.jpg,wearing,cap,68,57,13,271,man,160,115,28,109,0,3,328,81,224,188,"(13, 81, 271, 328)","(28, 188, 109, 224)"
2401148.jpg,wearing,helmet,62,49,78,167,person,146,215,71,88,0,3,216,140,303,217,"(78, 140, 167, 216)","(71, 217, 88, 303)"
2402379.jpg,wearing,watch,12,22,203,403,woman,331,151,2,307,0,3,425,215,458,333,"(203, 215, 403, 425)","(2, 333, 307, 458)"
2316536.jpg,sitting on,bucket,29,21,180,41,man,83,47,127,23,1,3,62,209,70,210,"(180, 209, 41, 62)","(127, 210, 23, 70)"
2376506.jpg,sitting on,bench,162,325,268,7,couple,311,171,184,11,1,3,332,430,182,495,"(268, 430, 7, 332)","(184, 495, 11, 182)"
2343495.jpg,sitting on,couch,207,433,91,1,couple,191,306,16,45,1,3,434,298,351,207,"(91, 298, 1, 434)","(16, 207, 45, 351)"
2369736.jpg,sitting on,floor,494,361,1,2,bottle,57,31,189,69,1,3,363,495,100,246,"(1, 495, 2, 363)","(189, 246, 69, 100)"
2386737.jpg,sitting on,table,175,372,321,2,box,129,283,259,75,1,3,374,496,358,388,"(321, 496, 2, 374)","(259, 388, 75, 358)"
2405526.jpg,growing on,tree,119,58,70,164,leaf,4,4,90,192,0,3,222,189,196,94,"(70, 189, 164, 222)","(90, 94, 192, 196)"
2387471.jpg,sitting on,giraffe,239,498,93,2,birds,167,361,63,54,1,3,500,332,415,230,"(93, 332, 2, 500)","(63, 230, 54, 415)"
2405261.jpg,sitting on,bench,111,193,176,144,person,167,109,128,104,1,3,337,287,213,295,"(176, 287, 144, 337)","(128, 295, 104, 213)"
2317278.jpg,wearing,headphones,61,41,65,143,man,398,250,67,4,0,3,184,126,254,465,"(65, 126, 143, 184)","(67, 465, 4, 254)"
2410944.jpg,sitting on,raft,452,211,37,91,man,182,117,110,138,1,3,302,489,255,292,"(37, 489, 91, 302)","(110, 292, 138, 255)"
2388195.jpg,sitting on,platform,97,243,230,116,boy,150,90,161,122,1,3,359,327,212,311,"(230, 327, 116, 359)","(161, 311, 122, 212)"
2347378.jpg,riding,horse,201,212,141,45,man,156,79,98,103,0,3,257,342,182,254,"(141, 342, 45, 257)","(98, 254, 103, 182)"
2359997.jpg,riding,elephant,127,162,176,163,people,33,42,123,242,0,3,325,303,284,156,"(176, 303, 163, 325)","(123, 156, 242, 284)"
2339916.jpg,sitting on,table,292,466,79,1,boxes,67,32,165,56,1,3,467,371,88,232,"(79, 371, 1, 467)","(165, 232, 56, 88)"
2405149.jpg,sitting on,floor,104,397,228,1,lamp,238,26,93,0,1,3,398,332,26,331,"(228, 332, 1, 398)","(93, 331, 0, 26)"
2389565.jpg,sitting on,couch,248,344,230,138,woman,292,222,107,233,1,3,482,478,455,399,"(230, 478, 138, 482)","(107, 399, 233, 455)"
2337996.jpg,wearing,jacket,76,58,151,384,man,146,44,136,391,0,3,442,227,435,282,"(151, 227, 384, 442)","(136, 282, 391, 435)"
2413320.jpg,watching,bags,53,83,312,362,woman,50,9,282,245,0,3,445,365,254,332,"(312, 365, 362, 445)","(282, 332, 245, 254)"
2415990.jpg,sitting on,stool,164,136,197,174,woman,375,133,115,194,1,3,310,361,327,490,"(197, 361, 174, 310)","(115, 490, 194, 327)"
2345247.jpg,sitting on,bed,187,124,186,279,bottle,74,58,251,311,1,3,403,373,369,325,"(186, 373, 279, 403)","(251, 325, 311, 369)"
2392665.jpg,sitting on,saddle,117,101,101,310,child,149,79,45,314,1,3,411,218,393,194,"(101, 218, 310, 411)","(45, 194, 314, 393)"
2351169.jpg,sitting on,bench,127,292,126,105,couple,209,145,41,105,1,3,397,253,250,250,"(126, 253, 105, 397)","(41, 250, 105, 250)"
2359232.jpg,wearing,glasses,22,40,86,240,woman,203,101,73,265,0,3,280,108,366,276,"(86, 108, 240, 280)","(73, 276, 265, 366)"
2395488.jpg,sitting on,ground,198,480,84,1,equipment,17,28,160,112,1,3,481,282,140,177,"(84, 282, 1, 481)","(160, 177, 112, 140)"
2397630.jpg,wearing,goggles,18,21,188,42,skier,82,65,187,43,0,3,63,206,108,269,"(188, 206, 42, 63)","(187, 269, 43, 108)"
2393014.jpg,sitting on,plate,79,195,247,164,plate,52,127,258,197,1,3,359,326,324,310,"(247, 326, 164, 359)","(258, 310, 197, 324)"
2402232.jpg,sitting on,head,44,61,73,145,basket,53,134,12,102,1,3,206,117,236,65,"(73, 117, 145, 206)","(12, 65, 102, 236)"
2381978.jpg,sitting on,couch,146,218,225,112,woman,59,45,204,163,1,3,330,371,208,263,"(225, 371, 112, 330)","(204, 263, 163, 208)"
2381146.jpg,wearing,jeans,85,34,216,283,person,338,112,5,262,0,3,317,301,374,343,"(216, 301, 283, 317)","(5, 343, 262, 374)"
345.jpg,covering,sidewalk,38,73,158,566,awning,32,189,3,430,0,3,639,196,619,35,"(158, 196, 566, 639)","(3, 35, 430, 619)"
2405174.jpg,sitting on,motorcycle,280,213,93,138,boy,125,169,41,163,1,3,351,373,332,166,"(93, 373, 138, 351)","(41, 166, 163, 332)"
1593066.jpg,sitting on,bench,106,247,359,701,man,180,70,300,752,1,3,948,465,822,480,"(359, 465, 701, 948)","(300, 480, 752, 822)"
2356316.jpg,sitting on,motorcycle,70,58,160,161,man,70,24,151,187,1,3,219,230,211,221,"(160, 230, 161, 219)","(151, 221, 187, 211)"
2341882.jpg,sitting on,grass,378,490,1,3,bear,223,205,37,17,1,3,493,379,222,260,"(1, 379, 3, 493)","(37, 260, 17, 222)"
2326393.jpg,using,cellphone,70,84,336,43,woman,466,302,34,30,0,3,127,406,332,500,"(336, 406, 43, 127)","(34, 500, 30, 332)"
2384342.jpg,sitting on,bench,53,71,232,181,person,27,19,220,226,1,3,252,285,245,247,"(232, 285, 181, 252)","(220, 247, 226, 245)"
2378902.jpg,wearing,lei,25,30,130,23,bear,45,43,111,13,0,3,53,155,56,156,"(130, 155, 23, 53)","(111, 156, 13, 56)"
2351773.jpg,sitting on,bench,97,191,164,51,person,118,103,123,55,1,3,242,261,158,241,"(164, 261, 51, 242)","(123, 241, 55, 158)"
2373069.jpg,wearing,shirt,107,60,74,156,man,338,148,7,107,0,3,216,181,255,345,"(74, 181, 156, 216)","(7, 345, 107, 255)"
2359027.jpg,wearing,sweater,32,20,277,33,woman,59,36,269,25,0,3,53,309,61,328,"(277, 309, 33, 53)","(269, 328, 25, 61)"
2377445.jpg,wearing,shoe,13,13,192,125,boy,87,78,111,109,0,3,138,205,187,198,"(192, 205, 125, 138)","(111, 198, 109, 187)"
2360379.jpg,sitting on,couch,142,494,60,3,man,209,225,1,273,1,3,497,202,498,210,"(60, 202, 3, 497)","(1, 210, 273, 498)"
2384515.jpg,sitting on,counter,86,240,173,0,objects,42,57,148,185,1,3,240,259,242,190,"(173, 259, 0, 240)","(148, 190, 185, 242)"
2368305.jpg,wearing,pants,20,26,180,224,man,45,21,159,232,0,3,250,200,253,204,"(180, 200, 224, 250)","(159, 204, 232, 253)"
2335072.jpg,sitting on,table,178,142,264,231,cup,25,15,252,341,1,3,373,442,356,277,"(264, 442, 231, 373)","(252, 277, 341, 356)"
2390974.jpg,sitting on,bench,112,239,145,94,woman,173,57,109,218,1,3,333,257,275,282,"(145, 257, 94, 333)","(109, 282, 218, 275)"
2334660.jpg,sitting on,stool,58,100,246,391,man,82,118,183,381,1,3,491,304,499,265,"(246, 304, 391, 491)","(183, 265, 381, 499)"
2385092.jpg,sitting on,scooter,118,170,214,173,person,215,147,48,158,1,3,343,332,305,263,"(214, 332, 173, 343)","(48, 263, 158, 305)"
2402488.jpg,sitting on,plate,313,499,45,1,bean,21,19,274,146,1,3,500,358,165,295,"(45, 358, 1, 500)","(274, 295, 146, 165)"
713110.jpg,wearing,sunglasses,12,38,40,409,man,105,90,17,390,0,3,447,52,480,122,"(40, 52, 409, 447)","(17, 122, 390, 480)"
2396719.jpg,wearing,cap,30,32,232,174,man,267,65,231,163,0,3,206,262,228,498,"(232, 262, 174, 206)","(231, 498, 163, 228)"
2358265.jpg,sitting on,table,343,488,32,10,phone,113,68,114,431,1,3,498,375,499,227,"(32, 375, 10, 498)","(114, 227, 431, 499)"
2411953.jpg,wearing,shirt,47,42,190,134,girl,138,46,166,134,0,3,176,237,180,304,"(190, 237, 134, 176)","(166, 304, 134, 180)"
2385214.jpg,sitting on,bench,49,470,230,1,man,255,171,26,221,1,3,471,279,392,281,"(230, 279, 1, 471)","(26, 281, 221, 392)"
2412710.jpg,using,cloth,73,77,136,148,hand,156,275,159,61,0,3,225,209,336,315,"(136, 209, 148, 225)","(159, 315, 61, 336)"
2406451.jpg,sitting on,beach,298,500,76,0,fin,12,14,220,282,1,3,500,374,296,232,"(76, 374, 0, 500)","(220, 232, 282, 296)"
2376778.jpg,sitting on,bench,267,463,100,36,woman,289,322,10,86,1,3,499,367,408,299,"(100, 367, 36, 499)","(10, 299, 86, 408)"
2327631.jpg,wearing,shorts,71,98,184,267,man,344,139,7,253,0,3,365,255,392,351,"(184, 255, 267, 365)","(7, 351, 253, 392)"
2355278.jpg,sitting on,floor,314,372,185,1,cat,140,107,205,233,1,3,373,499,340,345,"(185, 499, 1, 373)","(205, 345, 233, 340)"
2395648.jpg,wearing,beanie,29,43,37,226,woman,245,164,35,150,0,3,269,66,314,280,"(37, 66, 226, 269)","(35, 280, 150, 314)"
2375327.jpg,sitting on,couch,307,468,48,28,cat,58,67,160,306,1,3,496,355,373,218,"(48, 355, 28, 496)","(160, 218, 306, 373)"
2372305.jpg,wearing,hat,10,21,82,153,man,92,54,90,134,0,3,174,92,188,182,"(82, 92, 153, 174)","(90, 182, 134, 188)"
2364816.jpg,wearing,glove,23,18,117,184,hand,12,24,171,156,0,3,202,140,180,183,"(117, 140, 184, 202)","(171, 183, 156, 180)"
2324719.jpg,sitting on,couch,331,164,38,208,man,497,372,0,1,1,3,372,369,373,497,"(38, 369, 208, 372)","(0, 497, 1, 373)"
2395015.jpg,lying on,ground,332,498,0,0,hay,203,293,126,3,0,3,498,332,296,329,"(0, 332, 0, 498)","(126, 329, 3, 296)"
2344332.jpg,wearing,flats,35,27,273,429,woman,309,126,32,340,0,3,456,308,466,341,"(273, 308, 429, 456)","(32, 341, 340, 466)"
2412489.jpg,wearing,shirt,26,13,137,393,person,90,24,121,391,0,3,406,163,415,211,"(137, 163, 393, 406)","(121, 211, 391, 415)"
2380882.jpg,sitting on,bench,133,184,241,178,woman,195,209,176,176,1,3,362,374,385,371,"(241, 374, 178, 362)","(176, 371, 176, 385)"
2367479.jpg,sitting on,chair,91,32,216,149,man,179,151,130,140,1,3,181,307,291,309,"(216, 307, 149, 181)","(130, 309, 140, 291)"
2382815.jpg,sitting on,laptop,307,500,0,0,apple,138,122,88,203,1,3,500,307,325,226,"(0, 307, 0, 500)","(88, 226, 203, 325)"
2319701.jpg,wearing,jumpsuit,24,18,18,465,people,30,18,10,465,0,3,483,42,483,40,"(18, 42, 465, 483)","(10, 40, 465, 483)"
2358481.jpg,sitting on,table,331,499,1,0,glass,53,40,1,242,1,3,499,332,282,54,"(1, 332, 0, 499)","(1, 54, 242, 282)"
2326010.jpg,wearing,shorts,58,49,179,352,man,192,136,106,312,0,3,401,237,448,298,"(179, 237, 352, 401)","(106, 298, 312, 448)"
2412639.jpg,wearing,pants,29,25,471,153,person,60,25,439,153,0,3,178,500,178,499,"(471, 500, 153, 178)","(439, 499, 153, 178)"
2357735.jpg,sitting on,floor,36,33,343,156,man,206,110,138,100,1,3,189,379,210,344,"(343, 379, 156, 189)","(138, 344, 100, 210)"
2342799.jpg,sitting on,shelf,20,142,274,22,apples,91,175,154,114,1,3,164,294,289,245,"(274, 294, 22, 164)","(154, 245, 114, 289)"
2395837.jpg,sitting on,bench,50,60,263,32,person,62,46,249,40,1,3,92,313,86,311,"(263, 313, 32, 92)","(249, 311, 40, 86)"
2396726.jpg,wearing,sunglasses,7,11,146,194,driver,38,21,142,185,0,3,205,153,206,180,"(146, 153, 194, 205)","(142, 180, 185, 206)"
2403375.jpg,sitting on,bike,154,218,165,107,man,144,65,129,260,1,3,325,319,325,273,"(165, 319, 107, 325)","(129, 273, 260, 325)"
2388342.jpg,standing on,tree,497,372,1,1,girl,449,246,48,56,0,3,373,498,302,497,"(1, 498, 1, 373)","(48, 497, 56, 302)"
2406385.jpg,sitting on,mantle,17,235,102,11,lamp,85,27,28,69,1,3,246,119,96,113,"(102, 119, 11, 246)","(28, 113, 69, 96)"
2351057.jpg,sitting on,pizza,136,245,45,14,mushroom,24,35,120,67,1,3,259,181,102,144,"(45, 181, 14, 259)","(120, 144, 67, 102)"
2351563.jpg,sitting on,bench,93,107,83,19,person,177,153,27,76,1,3,126,176,229,204,"(83, 176, 19, 126)","(27, 204, 76, 229)"
2367099.jpg,sitting on,bench,231,498,101,0,people,314,297,18,98,1,3,498,332,395,332,"(101, 332, 0, 498)","(18, 332, 98, 395)"
2406471.jpg,wearing,jeans,87,49,217,182,man,206,92,95,177,0,3,231,304,269,301,"(217, 304, 182, 231)","(95, 301, 177, 269)"
2392665.jpg,hanging from,building,121,184,26,316,windsock,45,17,1,337,0,3,500,147,354,46,"(26, 147, 316, 500)","(1, 46, 337, 354)"
2404898.jpg,sitting on,ground,24,62,358,281,barrels,101,34,248,306,1,3,343,382,340,349,"(358, 382, 281, 343)","(248, 349, 306, 340)"
2349173.jpg,sitting on,block,62,73,246,24,fork,34,14,249,69,1,3,97,308,83,283,"(246, 308, 24, 97)","(249, 283, 69, 83)"
2358481.jpg,sitting on,table,331,499,1,0,spoon,38,111,100,388,1,3,499,332,499,138,"(1, 332, 0, 499)","(100, 138, 388, 499)"
2400750.jpg,walking in,field,239,324,259,4,people,27,11,257,57,0,3,328,498,68,284,"(259, 498, 4, 328)","(257, 284, 57, 68)"
2401515.jpg,wearing,shirt,60,125,223,170,bear,191,205,136,138,0,3,295,283,343,327,"(223, 283, 170, 295)","(136, 327, 138, 343)"
2392925.jpg,sitting on,sidewalk,48,497,233,0,bench,78,105,167,0,1,3,497,281,105,245,"(233, 281, 0, 497)","(167, 245, 0, 105)"
2333104.jpg,sitting on,counter,58,498,174,0,can,32,20,183,147,1,3,498,232,167,215,"(174, 232, 0, 498)","(183, 215, 147, 167)"
2403830.jpg,sitting on,bench,233,119,113,36,jacket,145,198,130,224,1,3,155,346,422,275,"(113, 346, 36, 155)","(130, 275, 224, 422)"
2347793.jpg,sitting on,bike,153,115,177,12,person,192,124,127,27,1,3,127,330,151,319,"(177, 330, 12, 127)","(127, 319, 27, 151)"
2355269.jpg,sitting on,counter,31,186,202,189,towel,14,18,195,279,1,3,375,233,297,209,"(202, 233, 189, 375)","(195, 209, 279, 297)"
2383502.jpg,sitting on,grass,221,499,110,0,man,171,115,149,331,1,3,499,331,446,320,"(110, 331, 0, 499)","(149, 320, 331, 446)"
2371364.jpg,wearing,eyeglasses,12,13,179,187,player,287,168,150,115,0,3,200,191,283,437,"(179, 191, 187, 200)","(150, 437, 115, 283)"
2371403.jpg,wearing,shoe,27,49,314,181,boy,324,138,114,184,0,3,230,341,322,438,"(314, 341, 181, 230)","(114, 438, 184, 322)"
2356099.jpg,sitting on,shelf,8,47,137,235,book,33,7,107,241,1,3,282,145,248,140,"(137, 145, 235, 282)","(107, 140, 241, 248)"
2994.jpg,sitting on,square,49,135,445,228,statue,203,111,258,247,1,3,363,494,358,461,"(445, 494, 228, 363)","(258, 461, 247, 358)"
2393397.jpg,wearing,hat,30,33,100,96,man,213,83,99,82,0,3,129,130,165,312,"(100, 130, 96, 129)","(99, 312, 82, 165)"
2373424.jpg,sitting on,grass,29,56,128,195,people,30,54,128,195,1,3,251,157,249,158,"(128, 157, 195, 251)","(128, 158, 195, 249)"
2399039.jpg,carrying,bananas,114,50,200,3,woman,462,290,36,39,0,3,53,314,329,498,"(200, 314, 3, 53)","(36, 498, 39, 329)"
2402191.jpg,wearing,pants,187,217,232,47,player,392,301,59,15,0,3,264,419,316,451,"(232, 419, 47, 264)","(59, 451, 15, 316)"
2326845.jpg,sitting on,table,349,488,22,6,peaches,82,95,185,134,1,3,494,371,229,267,"(22, 371, 6, 494)","(185, 267, 134, 229)"
2395445.jpg,sitting on,napkin,106,142,391,232,utensil,110,80,386,294,1,3,374,497,374,496,"(391, 497, 232, 374)","(386, 496, 294, 374)"
2342023.jpg,wearing,vest,113,90,95,245,person,318,111,43,231,0,3,335,208,342,361,"(95, 208, 245, 335)","(43, 361, 231, 342)"
2324272.jpg,wearing,jeans,269,108,229,30,man,353,242,146,33,0,3,138,498,275,499,"(229, 498, 30, 138)","(146, 499, 33, 275)"
2389434.jpg,sitting on,table,71,87,92,32,cup,57,85,112,273,1,3,119,163,358,169,"(92, 163, 32, 119)","(112, 169, 273, 358)"
2368330.jpg,wearing,blouse,67,57,252,442,woman,125,84,206,415,0,3,499,319,499,331,"(252, 319, 442, 499)","(206, 331, 415, 499)"
2332745.jpg,sitting on,table,43,149,228,200,bowl,22,44,223,257,1,3,349,271,301,245,"(228, 271, 200, 349)","(223, 245, 257, 301)"
2343076.jpg,sitting on,couch,194,120,127,373,man,252,254,79,228,1,3,493,321,482,331,"(127, 321, 373, 493)","(79, 331, 228, 482)"
2378611.jpg,wearing,jeans,93,77,264,233,man,211,117,162,219,0,3,310,357,336,373,"(264, 357, 233, 310)","(162, 373, 219, 336)"
2360551.jpg,sitting on,counter,314,372,184,2,bottle,423,139,44,116,1,3,374,498,255,467,"(184, 498, 2, 374)","(44, 467, 116, 255)"
2386183.jpg,wearing,shoes,94,49,201,219,boy,254,218,37,51,0,3,268,295,269,291,"(201, 295, 219, 268)","(37, 291, 51, 269)"
2413222.jpg,eating,food,51,54,263,170,man,453,325,32,18,0,3,224,314,343,485,"(263, 314, 170, 224)","(32, 485, 18, 343)"
2399190.jpg,sitting on,cement,109,131,210,37,plane,173,442,102,29,1,3,168,319,471,275,"(210, 319, 37, 168)","(102, 275, 29, 471)"
2391779.jpg,sitting on,couch,390,378,109,62,boy,366,151,132,65,1,3,440,499,216,498,"(109, 499, 62, 440)","(132, 498, 65, 216)"
2333301.jpg,wearing,collar,40,69,93,146,dog,277,313,56,1,0,3,215,133,314,333,"(93, 133, 146, 215)","(56, 333, 1, 314)"
2363647.jpg,wearing,helmet,35,44,48,359,girl,240,79,48,318,0,3,403,83,397,288,"(48, 83, 359, 403)","(48, 288, 318, 397)"
2390218.jpg,wearing,pants,27,26,148,209,woman,73,30,105,205,0,3,235,175,235,178,"(148, 175, 209, 235)","(105, 178, 205, 235)"
1247.jpg,standing on,floor,29,86,252,208,person,175,62,106,228,0,3,294,281,290,281,"(252, 281, 208, 294)","(106, 281, 228, 290)"
2404048.jpg,sitting on,plate,86,148,357,23,cake,122,119,309,37,1,3,171,443,156,431,"(357, 443, 23, 171)","(309, 431, 37, 156)"
2344845.jpg,sitting on,ground,107,473,211,2,woman,108,76,134,109,1,3,475,318,185,242,"(211, 318, 2, 475)","(134, 242, 109, 185)"
2336222.jpg,wearing,hat,29,40,17,110,man,146,116,3,47,0,3,150,46,163,149,"(17, 46, 110, 150)","(3, 149, 47, 163)"
2364152.jpg,sitting on,stairs,133,240,145,1,boy,58,46,124,187,1,3,241,278,233,182,"(145, 278, 1, 241)","(124, 182, 187, 233)"
2392143.jpg,wearing,eyeglasses,141,158,29,248,man,309,282,29,127,0,3,406,170,409,338,"(29, 170, 248, 406)","(29, 338, 127, 409)"
2357517.jpg,wearing,jeans,169,87,329,135,woman,202,106,95,100,0,3,222,498,206,297,"(329, 498, 135, 222)","(95, 297, 100, 206)"
2341338.jpg,sitting on,sand,54,36,190,428,children,31,63,115,432,1,3,464,244,495,146,"(190, 244, 428, 464)","(115, 146, 432, 495)"
2399003.jpg,watching,kites,175,467,4,30,people,17,498,166,2,0,3,497,179,500,183,"(4, 179, 30, 497)","(166, 183, 2, 500)"
150394.jpg,sitting on,table,169,711,510,9,grinder,245,119,341,460,1,3,720,679,579,586,"(510, 679, 9, 720)","(341, 586, 460, 579)"
2390683.jpg,wearing,jeans,135,71,250,106,man,297,155,104,48,0,3,177,385,203,401,"(250, 385, 106, 177)","(104, 401, 48, 203)"
2333451.jpg,wearing,coat,10,8,216,319,child,21,10,210,318,0,3,327,226,328,231,"(216, 226, 319, 327)","(210, 231, 318, 328)"
2387888.jpg,hanging from,ear,81,86,62,212,tag,17,19,107,242,0,3,298,143,261,124,"(62, 143, 212, 298)","(107, 124, 242, 261)"
2330674.jpg,wearing,helmet,37,39,118,148,man,251,107,118,121,0,3,187,155,228,369,"(118, 155, 148, 187)","(118, 369, 121, 228)"
2379970.jpg,sitting on,bench,176,194,180,1,man,327,192,45,139,1,3,195,356,331,372,"(180, 356, 1, 195)","(45, 372, 139, 331)"
2345902.jpg,sitting on,ground,116,378,359,19,skateboard,18,88,318,115,1,3,397,475,203,336,"(359, 475, 19, 397)","(318, 336, 115, 203)"
2401646.jpg,sitting on,animal,45,40,245,154,woman,102,41,204,159,1,3,194,290,200,306,"(245, 290, 154, 194)","(204, 306, 159, 200)"
2341752.jpg,wearing,tie,112,35,299,147,man,251,278,165,26,0,3,182,411,304,416,"(299, 411, 147, 182)","(165, 416, 26, 304)"
2380237.jpg,sitting on,grass,221,499,112,0,person,91,62,7,57,1,3,499,333,119,98,"(112, 333, 0, 499)","(7, 98, 57, 119)"
2349296.jpg,sitting on,grass,210,493,67,3,man,82,83,113,324,1,3,496,277,407,195,"(67, 277, 3, 496)","(113, 195, 324, 407)"
2345032.jpg,sitting on,rack,37,63,220,418,rim,11,9,225,465,1,3,481,257,474,236,"(220, 257, 418, 481)","(225, 236, 465, 474)"
3670.jpg,wearing,shirt,325,186,29,89,guy,453,249,6,87,0,3,275,354,336,459,"(29, 354, 89, 275)","(6, 459, 87, 336)"
2385214.jpg,sitting on,leg,81,80,199,312,child,204,121,65,271,1,3,392,280,392,269,"(199, 280, 312, 392)","(65, 269, 271, 392)"
2336278.jpg,wearing,glove,27,40,171,104,woman,262,185,69,7,0,3,144,198,192,331,"(171, 198, 104, 144)","(69, 331, 7, 192)"
2323644.jpg,wearing,pants,101,90,320,77,person,216,98,205,76,0,3,167,421,174,421,"(320, 421, 77, 167)","(205, 421, 76, 174)"
2374580.jpg,sitting on,table,121,79,312,204,phone,195,43,132,211,1,3,283,433,254,327,"(312, 433, 204, 283)","(132, 327, 211, 254)"
2403182.jpg,sitting on,grass,300,372,199,2,chair,202,169,194,1,1,3,374,499,170,396,"(199, 499, 2, 374)","(194, 396, 1, 170)"
2351238.jpg,carrying,bag,19,32,234,123,woman,110,46,202,116,0,3,155,253,162,312,"(234, 253, 123, 155)","(202, 312, 116, 162)"
2333263.jpg,covering,bird,76,68,114,102,feather,7,15,169,123,0,3,170,190,138,176,"(114, 190, 102, 170)","(169, 176, 123, 138)"
2349432.jpg,hanging from,side,254,47,11,38,banana,35,19,203,27,0,3,85,265,46,238,"(11, 265, 38, 85)","(203, 238, 27, 46)"
713711.jpg,sitting on,bookshelf,582,188,4,809,book,111,22,162,922,1,3,997,586,944,273,"(4, 586, 809, 997)","(162, 273, 922, 944)"
2411287.jpg,sitting on,counter,143,216,277,2,sink,43,108,301,76,1,3,218,420,184,344,"(277, 420, 2, 218)","(301, 344, 76, 184)"
2367536.jpg,sitting on,bench,214,290,259,42,woman,302,123,72,148,1,3,332,473,271,374,"(259, 473, 42, 332)","(72, 374, 148, 271)"
2401880.jpg,sitting on,tray,419,359,0,2,doughnut,92,109,79,242,1,3,361,419,351,171,"(0, 419, 2, 361)","(79, 171, 242, 351)"
2411913.jpg,watching,tennis,272,329,227,0,person,89,29,254,61,0,3,329,499,90,343,"(227, 499, 0, 329)","(254, 343, 61, 90)"
2386590.jpg,covered in,snow,372,496,2,3,mountain,373,497,0,0,0,3,499,374,497,373,"(2, 374, 3, 499)","(0, 373, 0, 497)"
1673.jpg,sitting on,desk,206,375,303,152,keyboard,56,290,355,196,1,3,527,509,486,411,"(303, 509, 152, 527)","(355, 411, 196, 486)"
2367824.jpg,sitting on,table,226,329,274,2,plate,145,233,319,48,1,3,331,500,281,464,"(274, 500, 2, 331)","(319, 464, 48, 281)"
2380881.jpg,wearing,shirt,23,23,187,405,woman,37,21,177,403,0,3,428,210,424,214,"(187, 210, 405, 428)","(177, 214, 403, 424)"
2408060.jpg,sitting on,bench,252,468,171,2,man,484,362,15,10,1,3,470,423,372,499,"(171, 423, 2, 470)","(15, 499, 10, 372)"
2326000.jpg,wearing,shirt,26,249,57,230,man,51,255,51,229,0,3,479,83,484,102,"(57, 83, 230, 479)","(51, 102, 229, 484)"
2336590.jpg,wearing,pants,72,42,186,44,woman,144,60,116,39,0,3,86,258,99,260,"(186, 258, 44, 86)","(116, 260, 39, 99)"
2373444.jpg,sitting on,bed,397,418,56,30,child,79,95,164,145,1,3,448,453,240,243,"(56, 453, 30, 448)","(164, 243, 145, 240)"
2384625.jpg,sitting on,bench,240,273,89,1,woman,313,192,19,79,1,3,274,329,271,332,"(89, 329, 1, 274)","(19, 332, 79, 271)"
2396239.jpg,lying on,surfboard,7,33,227,339,girl,25,35,209,340,0,3,372,234,375,234,"(227, 234, 339, 372)","(209, 234, 340, 375)"
2376627.jpg,wearing,strap,166,36,193,174,man,396,167,100,166,0,3,210,359,333,496,"(193, 359, 174, 210)","(100, 496, 166, 333)"
2330358.jpg,sitting on,bench,146,251,169,1,kid,116,87,174,38,1,3,252,315,125,290,"(169, 315, 1, 252)","(174, 290, 38, 125)"
2416061.jpg,sitting on,table,160,477,185,5,man,261,151,40,348,1,3,482,345,499,301,"(185, 345, 5, 482)","(40, 301, 348, 499)"
3356.jpg,eating,grass,93,149,263,361,goose,144,81,171,539,0,3,510,356,620,315,"(263, 356, 361, 510)","(171, 315, 539, 620)"
2368661.jpg,playing,frisbee,42,37,116,126,man,249,118,57,17,0,3,163,158,135,306,"(116, 158, 126, 163)","(57, 306, 17, 135)"
2370209.jpg,sitting on,shelf,54,343,15,27,object,27,56,78,63,1,3,370,69,119,105,"(15, 69, 27, 370)","(78, 105, 63, 119)"
2411209.jpg,covering,field,372,499,0,0,snow,372,499,0,0,0,3,499,372,499,372,"(0, 372, 0, 499)","(0, 372, 0, 499)"
2329126.jpg,wearing,jeans,148,93,223,191,man,270,186,102,298,0,3,284,371,484,372,"(223, 371, 191, 284)","(102, 372, 298, 484)"
2375148.jpg,wearing,glasses,15,45,141,112,woman,226,320,103,2,0,3,157,156,322,329,"(141, 156, 112, 157)","(103, 329, 2, 322)"
2328174.jpg,sitting on,sidewalk,349,332,151,0,pot,60,58,116,66,1,3,332,500,124,176,"(151, 500, 0, 332)","(116, 176, 66, 124)"
2369469.jpg,wearing,hat,24,33,101,93,person,215,134,104,34,0,3,126,125,168,319,"(101, 125, 93, 126)","(104, 319, 34, 168)"
2393392.jpg,wearing,helmet,11,9,218,303,batter,48,27,213,297,0,3,312,229,324,261,"(218, 229, 303, 312)","(213, 261, 297, 324)"
2374893.jpg,sitting on,counter,42,50,265,205,candy,12,20,271,235,1,3,255,307,255,283,"(265, 307, 205, 255)","(271, 283, 235, 255)"
2413074.jpg,wearing,shirt,127,107,82,175,boy,280,160,2,155,0,3,282,209,315,282,"(82, 209, 175, 282)","(2, 282, 155, 315)"
2401439.jpg,sitting on,blanket,353,497,20,2,cat,365,264,8,0,1,3,499,373,264,373,"(20, 373, 2, 499)","(8, 373, 0, 264)"
2393092.jpg,wearing,overcoat,143,85,195,287,person,238,102,168,266,0,3,372,338,368,406,"(195, 338, 287, 372)","(168, 406, 266, 368)"
2325735.jpg,painted on,sign,30,115,150,181,statue,23,17,154,273,0,3,296,180,290,177,"(150, 180, 181, 296)","(154, 177, 273, 290)"
2325308.jpg,painted on,floor,310,321,184,1,line,37,70,460,252,0,3,322,494,322,497,"(184, 494, 1, 322)","(460, 497, 252, 322)"
2364005.jpg,wearing,shirt,194,190,159,92,child,369,269,4,95,0,3,282,353,364,373,"(159, 353, 92, 282)","(4, 373, 95, 364)"
1159536.jpg,wearing,pants,115,94,372,827,man,251,135,246,786,0,3,921,487,921,497,"(372, 487, 827, 921)","(246, 497, 786, 921)"
2343830.jpg,sitting on,broccoli,248,279,102,72,caterpillar,124,98,90,165,1,3,351,350,263,214,"(102, 350, 72, 351)","(90, 214, 165, 263)"
2396240.jpg,sitting on,counter,85,300,257,189,pineapple,55,21,257,253,1,3,489,342,274,312,"(257, 342, 189, 489)","(257, 312, 253, 274)"
2356543.jpg,sitting on,bench,41,64,7,97,women,28,20,2,119,1,3,161,48,139,30,"(7, 48, 97, 161)","(2, 30, 119, 139)"
2412699.jpg,sitting on,chair,138,74,142,366,woman,140,140,82,298,1,3,440,280,438,222,"(142, 280, 366, 440)","(82, 222, 298, 438)"
2386924.jpg,painted on,wall,71,443,3,2,alien,61,47,77,114,0,3,445,74,161,138,"(3, 74, 2, 445)","(77, 138, 114, 161)"
2323220.jpg,covering,fence,127,382,71,117,tarp,111,157,81,341,0,3,499,198,498,192,"(71, 198, 117, 499)","(81, 192, 341, 498)"
2325922.jpg,wearing,hat,23,52,55,223,man,277,89,54,215,0,3,275,78,304,331,"(55, 78, 223, 275)","(54, 331, 215, 304)"
2384217.jpg,sitting on,floor,111,178,220,321,container,46,63,211,409,1,3,499,331,472,257,"(220, 331, 321, 499)","(211, 257, 409, 472)"
2360163.jpg,covering,bush,100,102,79,137,snow,79,137,252,2,0,3,239,179,139,331,"(79, 179, 137, 239)","(252, 331, 2, 139)"
2338380.jpg,wearing,hat,37,73,0,370,man,267,149,1,350,0,3,443,37,499,268,"(0, 37, 370, 443)","(1, 268, 350, 499)"
2328292.jpg,sitting on,table,485,371,14,1,sandwich,74,100,234,234,1,3,372,499,334,308,"(14, 499, 1, 372)","(234, 308, 234, 334)"
2351274.jpg,sitting on,table,367,493,4,5,food,266,421,103,49,1,3,498,371,470,369,"(4, 371, 5, 498)","(103, 369, 49, 470)"
2385356.jpg,sitting on,table,331,499,1,1,plate,224,344,60,81,1,3,500,332,425,284,"(1, 332, 1, 500)","(60, 284, 81, 425)"
2409784.jpg,sitting on,eggs,62,145,197,284,bowl,18,35,204,323,1,3,429,259,358,222,"(197, 259, 284, 429)","(204, 222, 323, 358)"
2401605.jpg,wearing,jacket,308,322,192,3,man,460,322,40,1,0,3,325,500,323,500,"(192, 500, 3, 325)","(40, 500, 1, 323)"
2378249.jpg,eating,cake,29,30,421,190,man,167,106,325,8,0,3,220,450,114,492,"(421, 450, 190, 220)","(325, 492, 8, 114)"
2412008.jpg,wearing,uniform,66,43,200,151,player,93,56,183,143,0,3,194,266,199,276,"(200, 266, 151, 194)","(183, 276, 143, 199)"
2351416.jpg,wearing,bracelet,7,10,109,119,he,242,193,75,88,0,3,129,116,281,317,"(109, 116, 119, 129)","(75, 317, 88, 281)"
2327613.jpg,wearing,pants,47,19,148,281,man,125,32,79,274,0,3,300,195,306,204,"(148, 195, 281, 300)","(79, 204, 274, 306)"
2370712.jpg,sitting on,table,125,379,249,119,napkin,37,20,285,478,1,3,498,374,498,322,"(249, 374, 119, 498)","(285, 322, 478, 498)"
2364265.jpg,playing,game,98,67,202,79,girl,432,228,65,83,0,3,146,300,311,497,"(202, 300, 79, 146)","(65, 497, 83, 311)"
2334778.jpg,sitting on,desk,292,496,0,2,cat,235,322,138,0,1,3,498,292,322,373,"(0, 292, 2, 498)","(138, 373, 0, 322)"
2370374.jpg,wearing,glasses,18,24,138,475,boy,158,19,79,481,0,3,499,156,500,237,"(138, 156, 475, 499)","(79, 237, 481, 500)"
2340767.jpg,sitting on,bench,17,32,175,122,person,184,97,82,157,1,3,154,192,254,266,"(175, 192, 122, 154)","(82, 266, 157, 254)"
2401126.jpg,wearing,sweatband,20,42,54,244,player,319,197,39,185,0,3,286,74,382,358,"(54, 74, 244, 286)","(39, 358, 185, 382)"
2372679.jpg,sitting on,bench,26,32,118,406,person,35,27,108,426,1,3,438,144,453,143,"(118, 144, 406, 438)","(108, 143, 426, 453)"
2323316.jpg,sitting on,floor,29,25,458,95,bear,62,84,412,2,1,3,120,487,86,474,"(458, 487, 95, 120)","(412, 474, 2, 86)"
2394087.jpg,sitting on,desk,158,326,211,169,notepad,46,69,268,395,1,3,495,369,464,314,"(211, 369, 169, 495)","(268, 314, 395, 464)"
1401.jpg,wearing,blue,8,12,559,354,woman,83,26,510,344,0,3,366,567,370,593,"(559, 567, 354, 366)","(510, 593, 344, 370)"
2404677.jpg,wearing,jacket,24,22,279,412,skier,60,23,270,411,0,3,434,303,434,330,"(279, 303, 412, 434)","(270, 330, 411, 434)"
2364089.jpg,sitting on,sidewalk,64,499,237,0,woman,44,33,212,211,1,3,499,301,244,256,"(237, 301, 0, 499)","(212, 256, 211, 244)"
2352209.jpg,sitting on,bench,54,165,310,44,people,114,115,247,66,1,3,209,364,181,361,"(310, 364, 44, 209)","(247, 361, 66, 181)"
2356099.jpg,sitting on,shelf,9,43,179,146,book,36,14,149,165,1,3,189,188,179,185,"(179, 188, 146, 189)","(149, 185, 165, 179)"
2384437.jpg,wearing,wrap,126,129,286,25,man,399,155,11,32,0,3,154,412,187,410,"(286, 412, 25, 154)","(11, 410, 32, 187)"
3874.jpg,sitting on,plate,348,348,38,126,meat,184,167,158,159,1,3,474,386,326,342,"(38, 386, 126, 474)","(158, 342, 159, 326)"
2356543.jpg,sitting on,chair,32,36,17,116,people,46,39,2,114,1,3,152,49,153,48,"(17, 49, 116, 152)","(2, 48, 114, 153)"
2349692.jpg,wearing,shoes,24,34,349,329,man,297,226,76,209,0,3,363,373,435,373,"(349, 373, 329, 363)","(76, 373, 209, 435)"
2408760.jpg,sitting on,field,37,497,296,2,truck,220,416,74,46,1,3,499,333,462,294,"(296, 333, 2, 499)","(74, 294, 46, 462)"
2400664.jpg,sitting on,bench,149,342,185,62,man,243,228,90,152,1,3,404,334,380,333,"(185, 334, 62, 404)","(90, 333, 152, 380)"
2382845.jpg,sitting on,table,40,354,274,136,cat,187,100,89,164,1,3,490,314,264,276,"(274, 314, 136, 490)","(89, 276, 164, 264)"
2417050.jpg,wearing,shorts,79,103,261,206,boy,469,176,4,166,0,3,309,340,342,473,"(261, 340, 206, 309)","(4, 473, 166, 342)"
2398827.jpg,sitting on,bed,408,371,90,3,pillow,17,113,177,86,1,3,374,498,199,194,"(90, 498, 3, 374)","(177, 194, 86, 199)"
2374886.jpg,sitting on,tracks,160,288,212,2,car,49,151,215,90,1,3,290,372,241,264,"(212, 372, 2, 290)","(215, 264, 90, 241)"
2402488.jpg,sitting on,plate,313,499,45,1,bean,19,24,194,112,1,3,500,358,136,213,"(45, 358, 1, 500)","(194, 213, 112, 136)"
2356523.jpg,growing on,farm,107,492,170,6,plants,100,493,180,3,0,3,498,277,496,280,"(170, 277, 6, 498)","(180, 280, 3, 496)"
2415935.jpg,hanging from,ceiling,85,495,2,1,light,22,20,18,353,0,3,496,87,373,40,"(2, 87, 1, 496)","(18, 40, 353, 373)"
2382471.jpg,eating,branches,281,89,10,46,panda,306,373,2,56,0,3,135,291,429,308,"(10, 291, 46, 135)","(2, 308, 56, 429)"
2391716.jpg,sitting on,couch,255,448,119,50,man,323,348,51,0,1,3,498,374,348,374,"(119, 374, 50, 498)","(51, 374, 0, 348)"
2416070.jpg,wearing,shorts,135,85,189,303,guy,291,133,36,263,0,3,388,324,396,327,"(189, 324, 303, 388)","(36, 327, 263, 396)"
2315782.jpg,sitting on,grass,20,38,98,235,bench,32,70,70,214,1,3,273,118,284,102,"(98, 118, 235, 273)","(70, 102, 214, 284)"
2364910.jpg,sitting on,surface,392,261,12,10,banana,325,254,55,18,1,3,271,404,272,380,"(12, 404, 10, 271)","(55, 380, 18, 272)"
2362972.jpg,riding,bicycle,82,152,45,329,man,196,97,57,367,0,3,481,127,464,253,"(45, 127, 329, 481)","(57, 253, 367, 464)"
2385415.jpg,carrying,backpack,46,24,162,167,man,104,51,153,158,0,3,191,208,209,257,"(162, 208, 167, 191)","(153, 257, 158, 209)"
3328.jpg,growing on,tree,261,237,17,3,leaf,16,11,50,73,0,3,240,278,84,66,"(17, 278, 3, 240)","(50, 66, 73, 84)"
2388851.jpg,wearing,shoe,7,8,460,382,man,352,90,117,330,0,3,390,467,420,469,"(460, 467, 382, 390)","(117, 469, 330, 420)"
2400342.jpg,eating,grass,113,108,360,92,cow,47,66,409,148,0,3,200,473,214,456,"(360, 473, 92, 200)","(409, 456, 148, 214)"
2407966.jpg,wearing,cap,21,26,78,410,man,46,39,83,401,0,3,436,99,440,129,"(78, 99, 410, 436)","(83, 129, 401, 440)"
2399863.jpg,sitting on,wood,148,272,222,198,bear,262,238,28,187,1,3,470,370,425,290,"(222, 370, 198, 470)","(28, 290, 187, 425)"
2339709.jpg,standing on,train,243,447,58,51,man,51,9,142,168,0,3,498,301,177,193,"(58, 301, 51, 498)","(142, 193, 168, 177)"
2356182.jpg,sitting on,couch,231,156,263,1,girl,167,109,230,11,1,3,157,494,120,397,"(263, 494, 1, 157)","(230, 397, 11, 120)"
2335071.jpg,sitting on,table,335,500,2,0,food,152,222,104,151,1,3,500,337,373,256,"(2, 337, 0, 500)","(104, 256, 151, 373)"
2398829.jpg,lying on,counter,85,121,394,253,top,9,11,281,272,0,3,374,479,283,290,"(394, 479, 253, 374)","(281, 290, 272, 283)"
2394731.jpg,parked on,street,174,319,149,180,car,39,68,150,425,0,3,499,323,493,189,"(149, 323, 180, 499)","(150, 189, 425, 493)"
2388880.jpg,sitting on,carpet,286,496,87,3,inhaler,28,63,305,159,1,3,499,373,222,333,"(87, 373, 3, 499)","(305, 333, 159, 222)"
2387917.jpg,wearing,sunglasses,24,32,197,85,woman,155,175,175,27,0,3,117,221,202,330,"(197, 221, 85, 117)","(175, 330, 27, 202)"
2368834.jpg,sitting on,lap,85,210,404,148,dog,231,140,235,158,1,3,358,489,298,466,"(404, 489, 148, 358)","(235, 466, 158, 298)"
2415103.jpg,sitting on,bench,21,191,205,3,man,35,24,186,35,1,3,194,226,59,221,"(205, 226, 3, 194)","(186, 221, 35, 59)"
2320451.jpg,sitting on,motorcycle,131,150,163,188,couple,128,67,138,185,1,3,338,294,252,266,"(163, 294, 188, 338)","(138, 266, 185, 252)"
2352101.jpg,sitting on,chair,321,392,177,0,bear,457,360,16,32,1,3,392,498,392,473,"(177, 498, 0, 392)","(16, 473, 32, 392)"
2363415.jpg,riding,bicycle,247,292,126,207,person,291,179,49,258,0,3,499,373,437,340,"(126, 373, 207, 499)","(49, 340, 258, 437)"
150286.jpg,covering,cream,75,191,1,307,lid,107,245,2,280,0,3,498,76,525,109,"(1, 76, 307, 498)","(2, 109, 280, 525)"
2364983.jpg,riding,bicycle,116,117,293,40,lady,134,120,219,38,0,3,157,409,158,353,"(293, 409, 40, 157)","(219, 353, 38, 158)"
2315934.jpg,sitting on,chair,140,102,312,247,girl,147,68,267,256,1,3,349,452,324,414,"(312, 452, 247, 349)","(267, 414, 256, 324)"
2324897.jpg,wearing,shorts,124,110,237,32,man,430,214,32,21,0,3,142,361,235,462,"(237, 361, 32, 142)","(32, 462, 21, 235)"
2416544.jpg,sitting on,curb,35,497,272,1,photographer,91,87,206,305,1,3,498,307,392,297,"(272, 307, 1, 498)","(206, 297, 305, 392)"
1592103.jpg,sitting on,couch,301,502,167,352,man,251,184,139,370,1,3,854,468,554,390,"(167, 468, 352, 854)","(139, 390, 370, 554)"
2334795.jpg,wearing,jeans,35,19,214,322,man,93,33,166,314,0,3,341,249,347,259,"(214, 249, 322, 341)","(166, 259, 314, 347)"
2379918.jpg,sitting on,grass,166,499,200,0,giraffe,81,81,168,117,1,3,499,366,198,249,"(200, 366, 0, 499)","(168, 249, 117, 198)"
2356238.jpg,sitting on,bench,207,269,124,29,boy,281,125,86,190,1,3,298,331,315,367,"(124, 331, 29, 298)","(86, 367, 190, 315)"
2319631.jpg,wearing,sweater,29,22,264,251,boy,66,20,253,253,0,3,273,293,273,319,"(264, 293, 251, 273)","(253, 319, 253, 273)"
2319574.jpg,painted on,ground,287,479,206,6,line,94,16,399,290,0,3,485,493,306,493,"(206, 493, 6, 485)","(399, 493, 290, 306)"
2343780.jpg,sitting on,sofa,316,258,182,3,cat,256,161,241,0,1,3,261,498,161,497,"(182, 498, 3, 261)","(241, 497, 0, 161)"
2364838.jpg,wearing,tie,37,8,147,209,man,98,49,125,182,0,3,217,184,231,223,"(147, 184, 209, 217)","(125, 223, 182, 231)"
2369793.jpg,hanging from,ceiling,188,325,21,87,clock,92,97,157,218,0,3,412,209,315,249,"(21, 209, 87, 412)","(157, 249, 218, 315)"
2317742.jpg,riding,ramp,55,81,220,31,guy,42,34,175,49,0,3,112,275,83,217,"(220, 275, 31, 112)","(175, 217, 49, 83)"
2376360.jpg,sitting on,bench,142,174,167,325,bag,20,44,154,432,1,3,499,309,476,174,"(167, 309, 325, 499)","(154, 174, 432, 476)"
2360828.jpg,wearing,jacket,106,94,271,46,man,190,90,221,48,0,3,140,377,138,411,"(271, 377, 46, 140)","(221, 411, 48, 138)"
2326961.jpg,sitting on,bench,169,498,160,1,bird,32,34,137,233,1,3,499,329,267,169,"(160, 329, 1, 499)","(137, 169, 233, 267)"
2382074.jpg,wearing,shoes,45,59,454,228,man,357,109,142,212,0,3,287,499,321,499,"(454, 499, 228, 287)","(142, 499, 212, 321)"
2367082.jpg,sitting on,beach,187,456,1,43,boat,62,168,0,162,1,3,499,188,330,62,"(1, 188, 43, 499)","(0, 62, 162, 330)"
2346853.jpg,sitting on,table,150,220,224,49,cat,55,98,240,53,1,3,269,374,151,295,"(224, 374, 49, 269)","(240, 295, 53, 151)"
2347265.jpg,sitting on,pizza,260,189,80,67,pepper,45,42,117,277,1,3,256,340,319,162,"(80, 340, 67, 256)","(117, 162, 277, 319)"
2398216.jpg,standing on,sidewalk,290,233,40,10,person,48,40,0,57,0,3,243,330,97,48,"(40, 330, 10, 243)","(0, 48, 57, 97)"
4559.jpg,wearing,shorts,43,57,306,23,man,207,81,200,11,0,3,80,349,92,407,"(306, 349, 23, 80)","(200, 407, 11, 92)"
2344207.jpg,wearing,jacket,115,61,75,210,person,183,86,50,208,0,3,271,190,294,233,"(75, 190, 210, 271)","(50, 233, 208, 294)"
2391197.jpg,wearing,socks,39,43,438,39,man,413,181,81,18,0,3,82,477,199,494,"(438, 477, 39, 82)","(81, 494, 18, 199)"
2363082.jpg,walking on,floor,373,499,1,1,person,27,40,1,412,0,3,500,374,452,28,"(1, 374, 1, 500)","(1, 28, 412, 452)"
1484.jpg,wearing,sweater,19,14,343,562,person,39,24,333,559,0,3,576,362,583,372,"(343, 362, 562, 576)","(333, 372, 559, 583)"
2378288.jpg,wearing,pant,184,88,238,128,boy,390,305,61,15,0,3,216,422,320,451,"(238, 422, 128, 216)","(61, 451, 15, 320)"
2386956.jpg,sitting on,ground,38,498,290,1,bag,27,53,271,439,1,3,499,328,492,298,"(290, 328, 1, 499)","(271, 298, 439, 492)"
2410346.jpg,wearing,jacket,206,226,70,68,kid,285,237,0,64,0,3,294,276,301,285,"(70, 276, 68, 294)","(0, 285, 64, 301)"
2372650.jpg,sitting on,bench,169,352,161,89,antman,316,105,47,139,1,3,441,330,244,363,"(161, 330, 89, 441)","(47, 363, 139, 244)"
2347788.jpg,sitting on,bench,130,98,197,402,kid,97,54,116,440,1,3,500,327,494,213,"(197, 327, 402, 500)","(116, 213, 440, 494)"
3683.jpg,sitting on,desk,280,786,319,4,speaker,90,75,320,204,1,3,790,599,279,410,"(319, 599, 4, 790)","(320, 410, 204, 279)"
2387036.jpg,sitting on,sofa,216,476,114,3,woman,266,309,63,14,1,3,479,330,323,329,"(114, 330, 3, 479)","(63, 329, 14, 323)"
2383348.jpg,sitting on,keys,207,270,293,80,cat,300,269,191,226,1,3,350,500,495,491,"(293, 500, 80, 350)","(191, 491, 226, 495)"
2316099.jpg,wearing,mitt,26,32,264,273,catcher,178,96,178,247,0,3,305,290,343,356,"(264, 290, 273, 305)","(178, 356, 247, 343)"
2348941.jpg,sitting on,shelf,16,48,177,316,basket,17,43,165,324,1,3,364,193,367,182,"(177, 193, 316, 364)","(165, 182, 324, 367)"
2391189.jpg,wearing,shoes,34,35,245,269,person,153,63,128,259,0,3,304,279,322,281,"(245, 279, 269, 304)","(128, 281, 259, 322)"
2411098.jpg,covering,tree,311,66,139,122,fence,248,105,209,100,0,3,188,450,205,457,"(139, 450, 122, 188)","(209, 457, 100, 205)"
2410236.jpg,walking on,beach,159,499,173,0,person,11,7,196,99,0,3,499,332,106,207,"(173, 332, 0, 499)","(196, 207, 99, 106)"
2366909.jpg,sitting on,floor,69,280,262,91,handle,43,17,221,86,1,3,371,331,103,264,"(262, 331, 91, 371)","(221, 264, 86, 103)"
2386957.jpg,sitting on,paper,229,437,87,18,donut,142,165,122,162,1,3,455,316,327,264,"(87, 316, 18, 455)","(122, 264, 162, 327)"
2387037.jpg,sitting on,counter,103,248,2,0,glass,27,37,0,74,1,3,248,105,111,27,"(2, 105, 0, 248)","(0, 27, 74, 111)"
2346389.jpg,watching,snowboarders,128,212,52,103,man,39,19,182,261,0,3,315,180,280,221,"(52, 180, 103, 315)","(182, 221, 261, 280)"
2363057.jpg,sitting on,bench,38,148,336,20,man,322,212,39,13,1,3,168,374,225,361,"(336, 374, 20, 168)","(39, 361, 13, 225)"
2403550.jpg,wearing,white,12,17,437,151,woman,80,22,419,127,0,3,168,449,149,499,"(437, 449, 151, 168)","(419, 499, 127, 149)"
2352074.jpg,sitting on,counter,160,486,214,13,cupcakes,24,117,259,315,1,3,499,374,432,283,"(214, 374, 13, 499)","(259, 283, 315, 432)"
2401132.jpg,wearing,shirt,51,38,40,159,boy,89,75,31,126,0,3,197,91,201,120,"(40, 91, 159, 197)","(31, 120, 126, 201)"
2316488.jpg,sitting on,desk,119,484,208,13,laptop,184,237,116,9,1,3,497,327,246,300,"(208, 327, 13, 497)","(116, 300, 9, 246)"
2359560.jpg,sitting on,sandwich,58,68,68,187,hand,61,122,14,198,1,3,255,126,320,75,"(68, 126, 187, 255)","(14, 75, 198, 320)"
2404394.jpg,sitting on,grass,292,498,41,0,man,65,44,106,125,1,3,498,333,169,171,"(41, 333, 0, 498)","(106, 171, 125, 169)"
2417119.jpg,sitting on,motorcycle,52,41,126,383,man,65,44,98,379,1,3,424,178,423,163,"(126, 178, 383, 424)","(98, 163, 379, 423)"
2340179.jpg,sitting on,couch,154,362,345,1,cat,413,299,86,0,1,3,363,499,299,499,"(345, 499, 1, 363)","(86, 499, 0, 299)"
2380287.jpg,wearing,pants,85,49,154,133,male,220,60,59,129,0,3,182,239,189,279,"(154, 239, 133, 182)","(59, 279, 129, 189)"
2411597.jpg,wearing,hat,20,34,45,28,person,199,86,45,13,0,3,62,65,99,244,"(45, 65, 28, 62)","(45, 244, 13, 99)"
2333326.jpg,wearing,cap,18,24,105,55,man,133,90,104,48,0,3,79,123,138,237,"(105, 123, 55, 79)","(104, 237, 48, 138)"
2398340.jpg,wearing,pants,111,120,119,92,boy,207,202,57,80,0,3,212,230,282,264,"(119, 230, 92, 212)","(57, 264, 80, 282)"
2356176.jpg,mounted on,airplane,196,487,53,8,engine,40,51,185,113,0,3,495,249,164,225,"(53, 249, 8, 495)","(185, 225, 113, 164)"
2366333.jpg,wearing,shirt,39,30,99,151,players,90,44,88,141,0,3,181,138,185,178,"(99, 138, 151, 181)","(88, 178, 141, 185)"
2354870.jpg,sitting on,building,227,497,142,1,person,34,31,164,228,1,3,498,369,259,198,"(142, 369, 1, 498)","(164, 198, 228, 259)"
2336626.jpg,sitting on,bench,163,294,216,37,person,211,101,136,165,1,3,331,379,266,347,"(216, 379, 37, 331)","(136, 347, 165, 266)"
2364018.jpg,wearing,shirt,241,163,54,6,man,487,166,2,11,0,3,169,295,177,489,"(54, 295, 6, 169)","(2, 489, 11, 177)"
2334613.jpg,sitting on,bench,280,370,90,3,dog,250,179,66,170,1,3,373,370,349,316,"(90, 370, 3, 373)","(66, 316, 170, 349)"
2394999.jpg,sitting on,road,177,336,197,4,car,50,59,188,285,1,3,340,374,344,238,"(197, 374, 4, 340)","(188, 238, 285, 344)"
2395837.jpg,sitting on,bench,50,60,263,32,person,64,33,242,60,1,3,92,313,93,306,"(263, 313, 32, 92)","(242, 306, 60, 93)"
1160194.jpg,sitting on,bench,215,362,311,232,woman,209,83,263,498,1,3,594,526,581,472,"(311, 526, 232, 594)","(263, 472, 498, 581)"
2341585.jpg,sitting on,chair,31,24,175,240,woman,77,53,127,213,1,3,264,206,266,204,"(175, 206, 240, 264)","(127, 204, 213, 266)"
2417977.jpg,wearing,jacket,17,16,199,360,child,43,23,182,355,0,3,376,216,378,225,"(199, 216, 360, 376)","(182, 225, 355, 378)"
2322799.jpg,sitting on,seat,209,224,164,81,woman,324,259,48,90,1,3,305,373,349,372,"(164, 373, 81, 305)","(48, 372, 90, 349)"
2407874.jpg,sitting on,bench,50,41,156,257,people,40,39,160,283,1,3,298,206,322,200,"(156, 206, 257, 298)","(160, 200, 283, 322)"
2346858.jpg,sitting on,step,143,178,354,0,plant,27,50,352,14,1,3,178,497,64,379,"(354, 497, 0, 178)","(352, 379, 14, 64)"
2323312.jpg,sitting on,road,61,496,114,2,bird,6,7,136,28,1,3,498,175,35,142,"(114, 175, 2, 498)","(136, 142, 28, 35)"
2396311.jpg,sitting on,grass,66,462,48,0,person,14,15,81,300,1,3,462,114,315,95,"(48, 114, 0, 462)","(81, 95, 300, 315)"
2382122.jpg,wearing,pants,35,18,136,130,man,40,49,105,127,0,3,148,171,176,145,"(136, 171, 130, 148)","(105, 145, 127, 176)"
2403675.jpg,wearing,brown,213,115,116,311,woman,257,154,81,277,0,3,426,329,431,338,"(116, 329, 311, 426)","(81, 338, 277, 431)"
2406082.jpg,wearing,shirt,29,21,132,46,person,82,14,118,51,0,3,67,161,65,200,"(132, 161, 46, 67)","(118, 200, 51, 65)"
2378291.jpg,sitting on,sidewalk,38,392,224,107,man,77,64,159,311,1,3,499,262,375,236,"(224, 262, 107, 499)","(159, 236, 311, 375)"
2401663.jpg,sitting on,shelf,152,139,173,234,book,15,51,206,248,1,3,373,325,299,221,"(173, 325, 234, 373)","(206, 221, 248, 299)"
2330759.jpg,wearing,jeans,85,117,155,55,man,192,140,70,26,0,3,172,240,166,262,"(155, 240, 55, 172)","(70, 262, 26, 166)"
2397054.jpg,watching,player,327,249,51,200,man,186,116,19,138,0,3,449,378,254,205,"(51, 378, 200, 449)","(19, 205, 138, 254)"
2333993.jpg,painted on,street,144,497,228,0,line,17,41,253,421,0,3,497,372,462,270,"(228, 372, 0, 497)","(253, 270, 421, 462)"
2372161.jpg,sitting on,table,75,181,7,317,chips,44,168,1,111,1,3,498,82,279,45,"(7, 82, 317, 498)","(1, 45, 111, 279)"
2348369.jpg,sitting on,coaster,23,33,275,397,glass,60,34,235,391,1,3,430,298,425,295,"(275, 298, 397, 430)","(235, 295, 391, 425)"
1628.jpg,wearing,coat,71,77,311,604,man,152,78,297,606,0,3,681,382,684,449,"(311, 382, 604, 681)","(297, 449, 606, 684)"
2351641.jpg,wearing,blinders,28,50,55,306,horse,277,241,33,118,0,3,356,83,359,310,"(55, 83, 306, 356)","(33, 310, 118, 359)"
2414003.jpg,sitting on,plate,139,298,345,112,bowl,226,323,211,95,1,3,410,484,418,437,"(345, 484, 112, 410)","(211, 437, 95, 418)"
2338711.jpg,covering,ground,72,362,424,0,brick,27,53,454,109,0,3,362,496,162,481,"(424, 496, 0, 362)","(454, 481, 109, 162)"
2397514.jpg,carrying,bag,182,84,114,43,girl,299,191,33,60,0,3,127,296,251,332,"(114, 296, 43, 127)","(33, 332, 60, 251)"
2402201.jpg,wearing,shorts,22,44,95,360,kid,118,132,40,319,0,3,404,117,451,158,"(95, 117, 360, 404)","(40, 158, 319, 451)"
895.jpg,sitting on,ground,367,255,233,543,backpack,103,126,158,618,1,3,798,600,744,261,"(233, 600, 543, 798)","(158, 261, 618, 744)"
2385900.jpg,sitting on,hill,226,312,115,2,house,103,148,49,17,1,3,314,341,165,152,"(115, 341, 2, 314)","(49, 152, 17, 165)"
2363196.jpg,sitting on,bench,289,400,102,19,lady,330,272,48,44,1,3,419,391,316,378,"(102, 391, 19, 419)","(48, 378, 44, 316)"
2330376.jpg,wearing,pants,79,47,255,66,man,251,84,83,38,0,3,113,334,122,334,"(255, 334, 66, 113)","(83, 334, 38, 122)"
2396449.jpg,sitting on,paper,52,142,364,296,bread,79,112,347,291,1,3,438,416,403,426,"(364, 416, 296, 438)","(347, 426, 291, 403)"
2382350.jpg,sitting on,bed,358,499,16,0,cat,218,205,109,115,1,3,499,374,320,327,"(16, 374, 0, 499)","(109, 327, 115, 320)"
2397825.jpg,riding,bikes,92,79,183,50,people,24,55,206,58,0,3,129,275,113,230,"(183, 275, 50, 129)","(206, 230, 58, 113)"
2341198.jpg,wearing,watch,12,80,328,337,person,368,191,4,305,0,3,417,340,496,372,"(328, 340, 337, 417)","(4, 372, 305, 496)"
2359521.jpg,sitting on,chair,202,175,93,184,man,276,212,45,232,1,3,359,295,444,321,"(93, 295, 184, 359)","(45, 321, 232, 444)"
2354553.jpg,wearing,jacket,88,67,213,237,boy,181,58,177,235,0,3,304,301,293,358,"(213, 301, 237, 304)","(177, 358, 235, 293)"
2410975.jpg,sitting on,rug,332,498,1,1,trunk,211,205,32,62,1,3,499,333,267,243,"(1, 333, 1, 499)","(32, 243, 62, 267)"
2379340.jpg,sitting on,beach,177,434,155,30,men,61,270,179,224,1,3,464,332,494,240,"(155, 332, 30, 464)","(179, 240, 224, 494)"
2328879.jpg,sitting on,plate,166,427,146,0,bird,103,91,69,409,1,3,427,312,500,172,"(146, 312, 0, 427)","(69, 172, 409, 500)"
2368399.jpg,covering,hill,85,227,150,268,trees,57,135,178,364,0,3,495,235,499,235,"(150, 235, 268, 495)","(178, 235, 364, 499)"
2347924.jpg,sitting on,bus,211,291,40,139,passenger,20,26,93,289,1,3,430,251,315,113,"(40, 251, 139, 430)","(93, 113, 289, 315)"
2363821.jpg,sitting on,bed,332,498,0,0,cat,330,260,1,102,1,3,498,332,362,331,"(0, 332, 0, 498)","(1, 331, 102, 362)"
2386292.jpg,wearing,vest,106,83,241,88,woman,178,136,180,82,0,3,171,347,218,358,"(241, 347, 88, 171)","(180, 358, 82, 218)"
2318998.jpg,sitting on,counter,38,297,191,34,bottle,32,8,165,220,1,3,331,229,228,197,"(191, 229, 34, 331)","(165, 197, 220, 228)"
2389323.jpg,hanging from,ceiling,18,114,95,53,light,13,10,98,125,0,3,167,113,135,111,"(95, 113, 53, 167)","(98, 111, 125, 135)"
2315689.jpg,flying in,sky,213,497,0,0,kite,7,7,137,291,0,3,497,213,298,144,"(0, 213, 0, 497)","(137, 144, 291, 298)"
2345381.jpg,wearing,jacket,89,65,129,54,man,186,66,112,54,0,3,119,218,120,298,"(129, 218, 54, 119)","(112, 298, 54, 120)"
2359652.jpg,covered in,snow,141,189,232,219,ground,198,483,172,15,0,3,408,373,498,370,"(232, 373, 219, 408)","(172, 370, 15, 498)"
2344647.jpg,sitting on,chair,192,78,121,350,woman,233,105,87,361,1,3,428,313,466,320,"(121, 313, 350, 428)","(87, 320, 361, 466)"
2389444.jpg,wearing,shirt,146,112,112,384,woman,270,114,60,384,0,3,496,258,498,330,"(112, 258, 384, 496)","(60, 330, 384, 498)"
2358806.jpg,sitting on,snow,24,45,339,350,people,168,362,175,56,1,3,395,363,418,343,"(339, 363, 350, 395)","(175, 343, 56, 418)"
713031.jpg,sitting on,motorcycle,351,406,273,99,man,346,210,244,91,1,3,505,624,301,590,"(273, 624, 99, 505)","(244, 590, 91, 301)"
2386367.jpg,sitting on,bleachers,46,329,2,3,people,54,191,1,1,1,3,332,48,192,55,"(2, 48, 3, 332)","(1, 55, 1, 192)"
2401872.jpg,covered in,snow,331,329,166,3,ground,349,324,144,8,0,3,332,497,332,493,"(166, 497, 3, 332)","(144, 493, 8, 332)"
2338980.jpg,sitting on,bench,499,213,0,7,objects,88,84,182,112,1,3,220,499,196,270,"(0, 499, 7, 220)","(182, 270, 112, 196)"
2325696.jpg,covering,ground,157,208,139,25,snow,66,102,235,98,0,3,233,296,200,301,"(139, 296, 25, 233)","(235, 301, 98, 200)"
2401816.jpg,wearing,pants,129,75,200,38,men,285,108,47,15,0,3,113,329,123,332,"(200, 329, 38, 113)","(47, 332, 15, 123)"
2404069.jpg,sitting on,table,153,499,183,0,speaker,74,38,115,112,1,3,499,336,150,189,"(183, 336, 0, 499)","(115, 189, 112, 150)"
2335338.jpg,covering,wall,309,99,94,0,tile,44,15,274,0,0,3,99,403,15,318,"(94, 403, 0, 99)","(274, 318, 0, 15)"
2357200.jpg,wearing,watch,15,11,63,34,man,123,53,13,6,0,3,45,78,59,136,"(63, 78, 34, 45)","(13, 136, 6, 59)"
2366154.jpg,wearing,hat,32,32,187,367,person,162,52,145,93,0,3,399,219,145,307,"(187, 219, 367, 399)","(145, 307, 93, 145)"
2381802.jpg,wearing,shirt,99,72,160,223,man,291,281,41,140,0,3,295,259,421,332,"(160, 259, 223, 295)","(41, 332, 140, 421)"
2343040.jpg,sitting on,car,58,123,200,64,man,30,20,192,173,1,3,187,258,193,222,"(200, 258, 64, 187)","(192, 222, 173, 193)"
1160010.jpg,wearing,dress,331,215,399,291,woman,542,217,179,325,0,3,506,730,542,721,"(399, 730, 291, 506)","(179, 721, 325, 542)"
2345470.jpg,sitting on,grass,134,373,329,1,woman,38,33,325,121,1,3,374,463,154,363,"(329, 463, 1, 374)","(325, 363, 121, 154)"
2385528.jpg,wearing,shirt,79,96,152,236,girl,173,208,63,153,0,3,332,231,361,236,"(152, 231, 236, 332)","(63, 236, 153, 361)"
2388001.jpg,wearing,jeans,37,27,236,95,workers,103,46,189,83,0,3,122,273,129,292,"(236, 273, 95, 122)","(189, 292, 83, 129)"
2382187.jpg,wearing,jeans,84,117,238,59,man,290,106,55,188,0,3,176,322,294,345,"(238, 322, 59, 176)","(55, 345, 188, 294)"
2352617.jpg,sitting on,bed,297,472,76,24,object,25,50,167,89,1,3,496,373,139,192,"(76, 373, 24, 496)","(167, 192, 89, 139)"
2343899.jpg,standing on,dirt,28,209,223,161,umpire,42,22,201,268,0,3,370,251,290,243,"(223, 251, 161, 370)","(201, 243, 268, 290)"
2372284.jpg,sitting on,grass,4,35,210,106,man,62,89,212,6,1,3,141,214,95,274,"(210, 214, 106, 141)","(212, 274, 6, 95)"
2367938.jpg,sitting on,fence,48,151,221,348,boy,36,17,196,398,1,3,499,269,415,232,"(221, 269, 348, 499)","(196, 232, 398, 415)"
2374877.jpg,wearing,wetsuit,166,135,73,211,surfer,223,145,40,212,0,3,346,239,357,263,"(73, 239, 211, 346)","(40, 263, 212, 357)"
2353147.jpg,wearing,shirt,230,65,37,0,man,45,41,110,269,0,3,65,267,310,155,"(37, 267, 0, 65)","(110, 155, 269, 310)"
2320212.jpg,sitting on,bench,91,162,218,91,girl,116,53,187,103,1,3,253,309,156,303,"(218, 309, 91, 253)","(187, 303, 103, 156)"
2384048.jpg,wearing,hat,47,60,233,215,son,174,83,235,190,0,3,275,280,273,409,"(233, 280, 215, 275)","(235, 409, 190, 273)"
2396979.jpg,wearing,pullover,28,35,187,348,man,91,39,184,350,0,3,383,215,389,275,"(187, 215, 348, 383)","(184, 275, 350, 389)"
2401399.jpg,wearing,shorts,40,29,137,376,man,83,67,117,342,0,3,405,177,409,200,"(137, 177, 376, 405)","(117, 200, 342, 409)"
2362136.jpg,wearing,polish,18,23,213,175,man,479,172,17,160,0,3,198,231,332,496,"(213, 231, 175, 198)","(17, 496, 160, 332)"
2358373.jpg,sitting on,shelf,58,45,190,48,tv,33,45,157,49,1,3,93,248,94,190,"(190, 248, 48, 93)","(157, 190, 49, 94)"
2364713.jpg,sitting on,bench,34,87,192,287,people,108,67,120,307,1,3,374,226,374,228,"(192, 226, 287, 374)","(120, 228, 307, 374)"
2321324.jpg,sitting on,bench,92,387,154,9,man,217,104,106,242,1,3,396,246,346,323,"(154, 246, 9, 396)","(106, 323, 242, 346)"
2326607.jpg,wearing,cap,22,17,113,103,snowboarder,98,70,114,64,0,3,120,135,134,212,"(113, 135, 103, 120)","(114, 212, 64, 134)"
2404683.jpg,wearing,white,133,79,225,127,player,304,135,166,89,0,3,206,358,224,470,"(225, 358, 127, 206)","(166, 470, 89, 224)"
2348049.jpg,covered in,dirt,127,478,201,21,ground,139,480,203,12,0,3,499,328,492,342,"(201, 328, 21, 499)","(203, 342, 12, 492)"
2415997.jpg,walking on,sidewalk,78,174,243,318,woman,108,49,185,416,0,3,492,321,465,293,"(243, 321, 318, 492)","(185, 293, 416, 465)"
2380167.jpg,sitting on,bench,21,17,243,119,man,39,28,226,127,1,3,136,264,155,265,"(243, 264, 119, 136)","(226, 265, 127, 155)"
2363839.jpg,wearing,shirt,85,95,111,144,boy,256,256,66,84,0,3,239,196,340,322,"(111, 196, 144, 239)","(66, 322, 84, 340)"
2397761.jpg,sitting on,grass,40,59,280,261,people,80,485,214,11,1,3,320,320,496,294,"(280, 320, 261, 320)","(214, 294, 11, 496)"
2386879.jpg,sitting on,horse,400,125,60,181,jockey,221,117,30,181,1,3,306,460,298,251,"(60, 460, 181, 306)","(30, 251, 181, 298)"
2345307.jpg,wearing,shirt,57,86,135,122,woman,207,118,100,123,0,3,208,192,241,307,"(135, 192, 122, 208)","(100, 307, 123, 241)"
2356099.jpg,sitting on,shelf,8,42,138,330,book,40,7,102,346,1,3,372,146,353,142,"(138, 146, 330, 372)","(102, 142, 346, 353)"
2385452.jpg,wearing,watch,73,61,257,139,man,228,130,171,196,0,3,200,330,326,399,"(257, 330, 139, 200)","(171, 399, 196, 326)"
2407575.jpg,sitting on,pole,28,499,282,0,bird,197,312,79,152,1,3,499,310,464,276,"(282, 310, 0, 499)","(79, 276, 152, 464)"
2316180.jpg,wearing,wetsuit,206,140,103,174,man,247,152,77,177,0,3,314,309,329,324,"(103, 309, 174, 314)","(77, 324, 177, 329)"
2371222.jpg,sitting on,table,168,429,206,63,bill,24,79,288,83,1,3,492,374,162,312,"(206, 374, 63, 492)","(288, 312, 83, 162)"
2395878.jpg,sitting on,grass,220,499,58,0,animal,30,42,104,226,1,3,499,278,268,134,"(58, 278, 0, 499)","(104, 134, 226, 268)"
2394306.jpg,sitting on,counter,151,294,305,63,sink,73,112,332,151,1,3,357,456,263,405,"(305, 456, 63, 357)","(332, 405, 151, 263)"
1522.jpg,sitting on,desk,210,488,240,149,computer,131,145,114,250,1,3,637,450,395,245,"(240, 450, 149, 637)","(114, 245, 250, 395)"
2324024.jpg,sitting on,counter,67,383,63,26,decoration,71,73,0,54,1,3,409,130,127,71,"(63, 130, 26, 409)","(0, 71, 54, 127)"
2397149.jpg,sitting on,snow,421,374,78,0,man,148,107,179,127,1,3,374,499,234,327,"(78, 499, 0, 374)","(179, 327, 127, 234)"
2407148.jpg,sitting on,bed,200,497,130,0,boy,99,64,85,280,1,3,497,330,344,184,"(130, 330, 0, 497)","(85, 184, 280, 344)"
2369070.jpg,sitting on,table,332,497,1,2,mug,132,193,0,0,1,3,499,333,193,132,"(1, 333, 2, 499)","(0, 132, 0, 193)"
1159894.jpg,sitting on,sofa,65,79,392,443,man,79,43,381,420,1,3,522,457,463,460,"(392, 457, 443, 522)","(381, 460, 420, 463)"
713694.jpg,walking on,street,447,1021,319,1,person,178,77,357,690,0,3,1022,766,767,535,"(319, 766, 1, 1022)","(357, 535, 690, 767)"
2402970.jpg,lying on,floor,136,360,362,14,board,65,131,406,229,0,3,374,498,360,471,"(362, 498, 14, 374)","(406, 471, 229, 360)"
2411470.jpg,riding,horse,271,401,163,67,boy,136,82,98,205,0,3,468,434,287,234,"(163, 434, 67, 468)","(98, 234, 205, 287)"
3874.jpg,sitting on,plate,348,348,38,126,coleslaw,129,100,212,326,1,3,474,386,426,341,"(38, 386, 126, 474)","(212, 341, 326, 426)"
2008.jpg,sitting on,nightstand,173,241,411,360,notepad,17,36,459,555,1,3,601,584,591,476,"(411, 584, 360, 601)","(459, 476, 555, 591)"
87.jpg,sitting on,rock,83,423,295,376,man,35,26,318,407,1,3,799,378,433,353,"(295, 378, 376, 799)","(318, 353, 407, 433)"
2341374.jpg,hanging from,horse,237,322,136,161,chains,110,223,207,116,0,3,483,373,339,317,"(136, 373, 161, 483)","(207, 317, 116, 339)"
2337279.jpg,walking on,dirt,304,497,27,0,elephant,155,123,166,95,0,3,497,331,218,321,"(27, 331, 0, 497)","(166, 321, 95, 218)"
2381306.jpg,sitting on,bus,194,254,118,150,driver,52,30,185,284,1,3,404,312,314,237,"(118, 312, 150, 404)","(185, 237, 284, 314)"
2410326.jpg,sitting on,chair,368,440,3,59,cat,142,167,115,207,1,3,499,371,374,257,"(3, 371, 59, 499)","(115, 257, 207, 374)"
2384786.jpg,wearing,belt,14,25,320,288,umpire,209,91,241,223,0,3,313,334,314,450,"(320, 334, 288, 313)","(241, 450, 223, 314)"
2360398.jpg,hanging from,item,70,41,148,277,tag,33,17,199,270,0,3,318,218,287,232,"(148, 218, 277, 318)","(199, 232, 270, 287)"
2379985.jpg,sitting on,snow,136,469,237,4,person,31,30,264,373,1,3,473,373,403,295,"(237, 373, 4, 473)","(264, 295, 373, 403)"
2375612.jpg,sitting on,bench,70,76,300,1,woman,75,24,276,3,1,3,77,370,27,351,"(300, 370, 1, 77)","(276, 351, 3, 27)"
2382936.jpg,sitting on,pavement,381,497,106,2,dog,276,193,186,39,1,3,499,487,232,462,"(106, 487, 2, 499)","(186, 462, 39, 232)"
2392617.jpg,sitting on,table,373,499,1,0,plate,110,292,210,59,1,3,499,374,351,320,"(1, 374, 0, 499)","(210, 320, 59, 351)"
2388003.jpg,sitting on,table,166,283,166,0,mug,45,47,214,107,1,3,283,332,154,259,"(166, 332, 0, 283)","(214, 259, 107, 154)"
2399357.jpg,sitting on,ground,156,487,38,12,giraffe,44,93,112,343,1,3,499,194,436,156,"(38, 194, 12, 499)","(112, 156, 343, 436)"
2341717.jpg,sitting on,elephant,167,161,183,52,girl,146,124,13,79,1,3,213,350,203,159,"(183, 350, 52, 213)","(13, 159, 79, 203)"
2356061.jpg,sitting on,platform,58,452,280,19,man,118,71,173,236,1,3,471,338,307,291,"(280, 338, 19, 471)","(173, 291, 236, 307)"
2391271.jpg,riding,skateboard,25,16,121,230,boy,44,39,87,232,0,3,246,146,271,131,"(121, 146, 230, 246)","(87, 131, 232, 271)"
2407796.jpg,wearing,shoe,19,12,230,249,guy,115,42,132,230,0,3,261,249,272,247,"(230, 249, 249, 261)","(132, 247, 230, 272)"
2413044.jpg,wearing,helmet,27,19,200,89,man,66,110,191,83,0,3,108,227,193,257,"(200, 227, 89, 108)","(191, 257, 83, 193)"
2323625.jpg,covering,floor,275,365,99,120,grass,240,195,130,290,0,3,485,374,485,370,"(99, 374, 120, 485)","(130, 370, 290, 485)"
2376214.jpg,sitting on,motorcycle,237,467,128,16,man,266,224,32,130,1,3,483,365,354,298,"(128, 365, 16, 483)","(32, 298, 130, 354)"
2330715.jpg,riding,chariot,48,76,158,250,jockey,52,32,142,348,0,3,326,206,380,194,"(158, 206, 250, 326)","(142, 194, 348, 380)"
2324921.jpg,sitting on,snow,82,474,206,20,person,47,56,159,36,1,3,494,288,92,206,"(206, 288, 20, 494)","(159, 206, 36, 92)"
2391709.jpg,wearing,jean,131,56,27,36,person,260,31,4,343,0,3,92,158,374,264,"(27, 158, 36, 92)","(4, 264, 343, 374)"
2372574.jpg,sitting on,ground,216,329,280,1,lady,45,31,260,251,1,3,330,496,282,305,"(280, 496, 1, 330)","(260, 305, 251, 282)"
2375783.jpg,standing on,beach,134,498,241,0,dog,12,12,244,356,0,3,498,375,368,256,"(241, 375, 0, 498)","(244, 256, 356, 368)"
2335064.jpg,covering,table,18,48,108,47,umbrella,85,145,28,8,0,3,95,126,153,113,"(108, 126, 47, 95)","(28, 113, 8, 153)"
2324103.jpg,sitting on,bench,120,434,200,1,cat,135,210,68,0,1,3,435,320,210,203,"(200, 320, 1, 435)","(68, 203, 0, 210)"
2317313.jpg,sitting on,beach,118,498,214,2,chair,125,149,175,87,1,3,500,332,236,300,"(214, 332, 2, 500)","(175, 300, 87, 236)"
2394386.jpg,wearing,jacket,27,24,305,332,person,35,29,292,327,0,3,356,332,356,327,"(305, 332, 332, 356)","(292, 327, 327, 356)"
2391758.jpg,wearing,helmet,33,27,194,156,person,116,106,140,89,0,3,183,227,195,256,"(194, 227, 156, 183)","(140, 256, 89, 195)"
2380655.jpg,sitting on,bed,159,499,169,1,dog,92,285,166,118,1,3,500,328,403,258,"(169, 328, 1, 500)","(166, 258, 118, 403)"
2416121.jpg,standing on,boat,94,212,142,94,person,18,8,188,243,0,3,306,236,251,206,"(142, 236, 94, 306)","(188, 206, 243, 251)"
2389955.jpg,sitting on,desk,163,499,211,0,paper,43,55,262,0,1,3,499,374,55,305,"(211, 374, 0, 499)","(262, 305, 0, 55)"
2409797.jpg,sitting on,stove,106,214,182,126,food,33,56,202,210,1,3,340,288,266,235,"(182, 288, 126, 340)","(202, 235, 210, 266)"
2361954.jpg,sitting on,bench,12,65,87,249,person,20,10,83,293,1,3,314,99,303,103,"(87, 99, 249, 314)","(83, 103, 293, 303)"
2383270.jpg,sitting on,table,322,370,177,2,glass,161,94,122,260,1,3,372,499,354,283,"(177, 499, 2, 372)","(122, 283, 260, 354)"
2357143.jpg,wearing,shoes,63,222,360,40,boy,396,264,28,40,0,3,262,423,304,424,"(360, 423, 40, 262)","(28, 424, 40, 304)"
2381227.jpg,sitting on,backpack,45,55,203,221,person,125,75,137,166,1,3,276,248,241,262,"(203, 248, 221, 276)","(137, 262, 166, 241)"
2328137.jpg,sitting on,table,103,440,230,1,plate,32,128,300,268,1,3,441,333,396,332,"(230, 333, 1, 441)","(300, 332, 268, 396)"
2380204.jpg,sitting on,sand,86,242,234,44,flute,47,34,201,207,1,3,286,320,241,248,"(234, 320, 44, 286)","(201, 248, 207, 241)"
2389099.jpg,sitting on,fence,119,293,92,207,post,26,5,0,306,1,3,500,211,311,26,"(92, 211, 207, 500)","(0, 26, 306, 311)"
2316270.jpg,sitting on,track,237,478,136,2,train,191,302,102,119,1,3,480,373,421,293,"(136, 373, 2, 480)","(102, 293, 119, 421)"
2364564.jpg,sitting on,table,93,143,115,62,book,37,18,100,142,1,3,205,208,160,137,"(115, 208, 62, 205)","(100, 137, 142, 160)"
2370778.jpg,parked on,street,114,136,369,76,cars,124,105,374,113,0,3,212,483,218,498,"(369, 483, 76, 212)","(374, 498, 113, 218)"
2417119.jpg,wearing,shirt,48,33,120,15,boy,110,68,94,11,0,3,48,168,79,204,"(120, 168, 15, 48)","(94, 204, 11, 79)"
2401971.jpg,sitting on,countertop,343,491,26,8,pizza,258,474,79,6,1,3,499,369,480,337,"(26, 369, 8, 499)","(79, 337, 6, 480)"
2347404.jpg,sitting on,ground,100,499,230,0,man,88,62,169,272,1,3,499,330,334,257,"(230, 330, 0, 499)","(169, 257, 272, 334)"
2348512.jpg,wearing,shirt,15,6,310,142,person,27,9,309,140,0,3,148,325,149,336,"(310, 325, 142, 148)","(309, 336, 140, 149)"
2359507.jpg,sitting on,road,17,295,314,203,cone,74,58,257,211,1,3,498,331,269,331,"(314, 331, 203, 498)","(257, 331, 211, 269)"
2345527.jpg,sitting on,chair,290,260,210,17,bird,84,120,169,127,1,3,277,500,247,253,"(210, 500, 17, 277)","(169, 253, 127, 247)"
2353463.jpg,sitting on,table,73,110,244,46,basket,55,55,217,70,1,3,156,317,125,272,"(244, 317, 46, 156)","(217, 272, 70, 125)"
2396777.jpg,wearing,shirt,26,14,219,360,woman,60,18,215,356,0,3,374,245,374,275,"(219, 245, 360, 374)","(215, 275, 356, 374)"
150410.jpg,sitting on,bench,74,241,89,0,man,96,86,3,43,1,3,241,163,129,99,"(89, 163, 0, 241)","(3, 99, 43, 129)"
2398827.jpg,sitting on,bed,408,371,90,3,pillow,54,120,127,198,1,3,374,498,318,181,"(90, 498, 3, 374)","(127, 181, 198, 318)"
2366401.jpg,sitting on,ground,80,257,293,191,cabbage,27,45,305,332,1,3,448,373,377,332,"(293, 373, 191, 448)","(305, 332, 332, 377)"
2387039.jpg,sitting on,desk,224,363,108,112,ipod,32,32,266,319,1,3,475,332,351,298,"(108, 332, 112, 475)","(266, 298, 319, 351)"
2344708.jpg,sitting on,table,230,304,144,0,keyboard,24,51,145,54,1,3,304,374,105,169,"(144, 374, 0, 304)","(145, 169, 54, 105)"
2379706.jpg,carrying,backpack,57,31,157,318,girl,166,58,130,300,0,3,349,214,358,296,"(157, 214, 318, 349)","(130, 296, 300, 358)"
2319260.jpg,sitting on,table,93,188,154,307,cat,91,70,136,426,1,3,495,247,496,227,"(154, 247, 307, 495)","(136, 227, 426, 496)"
4689.jpg,wearing,pants,15,19,98,145,woman,46,24,78,140,0,3,164,113,164,124,"(98, 113, 145, 164)","(78, 124, 140, 164)"
2386608.jpg,sitting on,floor,218,497,153,1,bench,91,419,87,43,1,3,498,371,462,178,"(153, 371, 1, 498)","(87, 178, 43, 462)"
2409389.jpg,using,surfboard,31,83,228,166,person,176,125,70,148,0,3,249,259,273,246,"(228, 259, 166, 249)","(70, 246, 148, 273)"
1159423.jpg,sitting on,motorcycle,137,99,175,911,man,191,71,112,939,1,3,1010,312,1010,303,"(175, 312, 911, 1010)","(112, 303, 939, 1010)"
2317278.jpg,sitting on,bench,344,301,112,1,man,398,250,67,4,1,3,302,456,254,465,"(112, 456, 1, 302)","(67, 465, 4, 254)"
2377381.jpg,parked on,side,111,205,157,1,boats,80,203,163,2,0,3,206,268,205,243,"(157, 268, 1, 206)","(163, 243, 2, 205)"
2384199.jpg,wearing,shorts,58,104,441,141,man,438,287,61,43,0,3,245,499,330,499,"(441, 499, 141, 245)","(61, 499, 43, 330)"
2363237.jpg,wearing,coat,87,116,143,230,man,150,150,117,197,0,3,346,230,347,267,"(143, 230, 230, 346)","(117, 267, 197, 347)"
2324752.jpg,sitting on,bench,72,226,260,176,girls,86,155,229,177,1,3,402,332,332,315,"(260, 332, 176, 402)","(229, 315, 177, 332)"
2347532.jpg,sitting on,wall,100,489,132,6,people,150,88,67,319,1,3,495,232,407,217,"(132, 232, 6, 495)","(67, 217, 319, 407)"
1591864.jpg,sitting on,rug,530,868,492,32,table,416,693,316,310,1,3,900,1022,1003,732,"(492, 1022, 32, 900)","(316, 732, 310, 1003)"
1592251.jpg,carrying,bag,33,29,375,791,person,163,68,306,776,0,3,820,408,844,469,"(375, 408, 791, 820)","(306, 469, 776, 844)"
2389596.jpg,wearing,shirt,56,62,236,46,boy,184,126,200,19,0,3,108,292,145,384,"(236, 292, 46, 108)","(200, 384, 19, 145)"
2358045.jpg,sitting on,block,66,190,305,227,bench,150,217,218,209,1,3,417,371,426,368,"(305, 371, 227, 417)","(218, 368, 209, 426)"
2876.jpg,walking on,sidewalk,38,253,432,512,person,64,26,386,538,0,3,765,470,564,450,"(432, 470, 512, 765)","(386, 450, 538, 564)"
2357794.jpg,watching,elephants,190,450,120,26,person,61,54,51,430,0,3,476,310,484,112,"(120, 310, 26, 476)","(51, 112, 430, 484)"
2385230.jpg,sitting on,bench,253,400,79,7,person,229,271,0,53,1,3,407,332,324,229,"(79, 332, 7, 407)","(0, 229, 53, 324)"
2320660.jpg,wearing,pants,33,21,321,42,guy,81,35,290,36,0,3,63,354,71,371,"(321, 354, 42, 63)","(290, 371, 36, 71)"
2617.jpg,sitting on,grass,529,798,0,0,boy,451,378,38,253,1,3,798,529,631,489,"(0, 529, 0, 798)","(38, 489, 253, 631)"
2319195.jpg,wearing,pants,51,45,175,200,person,108,86,123,193,0,3,245,226,279,231,"(175, 226, 200, 245)","(123, 231, 193, 279)"
2355818.jpg,wearing,shirt,63,135,165,162,man,270,157,100,165,0,3,297,228,322,370,"(165, 228, 162, 297)","(100, 370, 165, 322)"
2381073.jpg,wearing,glasses,33,100,72,23,man,349,425,26,2,0,3,123,105,427,375,"(72, 105, 23, 123)","(26, 375, 2, 427)"
2382195.jpg,sitting on,bench,90,250,236,229,flowers,45,65,231,240,1,3,479,326,305,276,"(236, 326, 229, 479)","(231, 276, 240, 305)"
2390038.jpg,sitting on,tray,23,83,87,191,glass,56,34,49,197,1,3,274,110,231,105,"(87, 110, 191, 274)","(49, 105, 197, 231)"
2406564.jpg,watching,motorcycle,324,313,136,16,crowd,102,159,16,7,0,3,329,460,166,118,"(136, 460, 16, 329)","(16, 118, 7, 166)"
2379672.jpg,watching,kid,78,90,163,158,cat,143,111,98,62,0,3,248,241,173,241,"(163, 241, 158, 248)","(98, 241, 62, 173)"
2316203.jpg,sitting on,runway,155,499,175,0,vehicle,30,52,300,224,1,3,499,330,276,330,"(175, 330, 0, 499)","(300, 330, 224, 276)"
2405138.jpg,sitting on,dugout,135,337,76,2,player,69,29,138,2,1,3,339,211,31,207,"(76, 211, 2, 339)","(138, 207, 2, 31)"
2381446.jpg,wearing,jeans,113,138,230,49,woman,231,237,117,16,0,3,187,343,253,348,"(230, 343, 49, 187)","(117, 348, 16, 253)"
2392424.jpg,covering,curb,171,414,109,0,snow,218,484,49,4,0,3,414,280,488,267,"(109, 280, 0, 414)","(49, 267, 4, 488)"
2345568.jpg,walking on,path,41,85,136,0,person,49,17,95,19,0,3,85,177,36,144,"(136, 177, 0, 85)","(95, 144, 19, 36)"
2347611.jpg,wearing,scarf,62,58,216,211,man,270,138,178,164,0,3,269,278,302,448,"(216, 278, 211, 269)","(178, 448, 164, 302)"
2357899.jpg,sitting on,ledge,68,499,288,0,cat,127,88,194,218,1,3,499,356,306,321,"(288, 356, 0, 499)","(194, 321, 218, 306)"
2379186.jpg,sitting on,stairs,100,78,197,8,person,188,73,90,2,1,3,86,297,75,278,"(197, 297, 8, 86)","(90, 278, 2, 75)"
2356251.jpg,wearing,cap,14,16,15,228,man,46,32,16,226,0,3,244,29,258,62,"(15, 29, 228, 244)","(16, 62, 226, 258)"
2411786.jpg,wearing,shirt,50,68,254,77,dog,79,174,253,11,0,3,145,304,185,332,"(254, 304, 77, 145)","(253, 332, 11, 185)"
2342473.jpg,sitting on,sidewalk,284,319,116,92,tables,120,92,184,179,1,3,411,400,271,304,"(116, 400, 92, 411)","(184, 304, 179, 271)"
2372025.jpg,sitting on,stove,119,81,167,313,pot,21,35,149,318,1,3,394,286,353,170,"(167, 286, 313, 394)","(149, 170, 318, 353)"
2364467.jpg,walking on,beach,85,62,106,83,people,27,26,97,119,0,3,145,191,145,124,"(106, 191, 83, 145)","(97, 124, 119, 145)"
2369218.jpg,walking on,path,220,297,109,127,zebra,247,100,72,320,0,3,424,329,420,319,"(109, 329, 127, 424)","(72, 319, 320, 420)"
2403371.jpg,wearing,helmet,8,11,111,221,kid,38,28,111,209,0,3,232,119,237,149,"(111, 119, 221, 232)","(111, 149, 209, 237)"
2347186.jpg,sitting on,beach,140,468,190,1,bag,55,84,260,409,1,3,469,330,493,315,"(190, 330, 1, 469)","(260, 315, 409, 493)"
2339543.jpg,sitting on,bench,109,368,384,18,man,339,173,154,201,1,3,386,493,374,493,"(384, 493, 18, 386)","(154, 493, 201, 374)"
2360869.jpg,sitting on,pillow,347,497,51,1,dog,314,442,76,17,1,3,498,398,459,390,"(51, 398, 1, 498)","(76, 390, 17, 459)"
2359956.jpg,sitting on,bench,6,2,132,257,player,121,71,43,223,1,3,259,138,294,164,"(132, 138, 257, 259)","(43, 164, 223, 294)"
2414812.jpg,carrying,purse,46,20,221,198,lady,123,45,203,194,0,3,218,267,239,326,"(221, 267, 198, 218)","(203, 326, 194, 239)"
2360622.jpg,wearing,shirt,23,24,473,16,man,34,23,465,14,0,3,40,496,37,499,"(473, 496, 16, 40)","(465, 499, 14, 37)"
2336889.jpg,sitting on,bed,257,457,115,1,person,260,270,114,40,1,3,458,372,310,374,"(115, 372, 1, 458)","(114, 374, 40, 310)"
2317005.jpg,sitting on,table,38,276,42,214,dish,50,52,90,32,1,3,490,80,84,140,"(42, 80, 214, 490)","(90, 140, 32, 84)"
2382713.jpg,sitting on,shelf,14,34,204,241,soap,6,10,206,250,1,3,275,218,260,212,"(204, 218, 241, 275)","(206, 212, 250, 260)"
2413414.jpg,sitting on,countertop,139,225,146,0,toaster,44,53,127,100,1,3,225,285,153,171,"(146, 285, 0, 225)","(127, 171, 100, 153)"
2350701.jpg,sitting on,grass,30,85,234,193,boat,88,125,156,153,1,3,278,264,278,244,"(234, 264, 193, 278)","(156, 244, 153, 278)"
2376808.jpg,sitting on,sand,218,372,281,1,parasail,384,166,64,39,1,3,373,499,205,448,"(281, 499, 1, 373)","(64, 448, 39, 205)"
2365398.jpg,wearing,pants,54,33,279,80,man,97,40,243,78,0,3,113,333,118,340,"(279, 333, 80, 113)","(243, 340, 78, 118)"
2383068.jpg,hanging from,door,155,39,1,454,towel,44,24,1,466,0,3,493,156,490,45,"(1, 156, 454, 493)","(1, 45, 466, 490)"
2363267.jpg,sitting on,bench,125,137,70,349,people,181,222,10,123,1,3,486,195,345,191,"(70, 195, 349, 486)","(10, 191, 123, 345)"
2404731.jpg,wearing,brown,28,34,166,254,man,194,68,169,250,0,3,288,194,318,363,"(166, 194, 254, 288)","(169, 363, 250, 318)"
2373657.jpg,sitting on,water,154,459,262,21,boat,219,364,192,97,1,3,480,416,461,411,"(262, 416, 21, 480)","(192, 411, 97, 461)"
2385028.jpg,wearing,shirt,191,146,136,111,man,268,185,122,73,0,3,257,327,258,390,"(136, 327, 111, 257)","(122, 390, 73, 258)"
2394933.jpg,walking on,street,170,499,205,0,man,303,164,58,188,0,3,499,375,352,361,"(205, 375, 0, 499)","(58, 361, 188, 352)"
1159585.jpg,sitting on,wall,76,743,150,277,woman,207,70,17,474,1,3,1020,226,544,224,"(150, 226, 277, 1020)","(17, 224, 474, 544)"
1384.jpg,wearing,shirt,234,121,345,57,man,234,121,345,57,0,3,178,579,178,579,"(345, 579, 57, 178)","(345, 579, 57, 178)"
2364161.jpg,sitting on,train,34,95,167,142,person,33,14,150,144,1,3,237,201,158,183,"(167, 201, 142, 237)","(150, 183, 144, 158)"
2360510.jpg,wearing,braces,13,23,126,136,man,270,223,51,25,0,3,159,139,248,321,"(126, 139, 136, 159)","(51, 321, 25, 248)"
2368032.jpg,sitting on,table,34,271,340,1,candle,64,93,309,6,1,3,272,374,99,373,"(340, 374, 1, 272)","(309, 373, 6, 99)"
2383612.jpg,wearing,black,50,38,165,143,surfer,88,74,145,125,0,3,181,215,199,233,"(165, 215, 143, 181)","(145, 233, 125, 199)"
2404178.jpg,wearing,red,12,35,33,186,girl,168,75,2,165,0,3,221,45,240,170,"(33, 45, 186, 221)","(2, 170, 165, 240)"
2315643.jpg,sitting on,surfboard,121,497,245,0,man,326,338,47,108,1,3,497,366,446,373,"(245, 366, 0, 497)","(47, 373, 108, 446)"
2416756.jpg,sitting on,plate,296,311,31,188,bowl,160,199,57,1,1,3,499,327,200,217,"(31, 327, 188, 499)","(57, 217, 1, 200)"
2411136.jpg,eating,doughnut,32,64,139,369,man,333,400,42,100,0,3,433,171,500,375,"(139, 171, 369, 433)","(42, 375, 100, 500)"
2342417.jpg,sitting on,floor,317,467,14,1,laptop,117,89,210,410,1,3,468,331,499,327,"(14, 331, 1, 468)","(210, 327, 410, 499)"
2392921.jpg,wearing,pant,119,133,186,263,umpire,191,103,98,0,0,3,396,305,103,289,"(186, 305, 263, 396)","(98, 289, 0, 103)"
2406287.jpg,wearing,shorts,51,52,153,244,person,94,52,155,244,0,3,296,204,296,249,"(153, 204, 244, 296)","(155, 249, 244, 296)"
2321108.jpg,sitting on,suitcase,75,62,278,69,girl,201,105,160,63,1,3,131,353,168,361,"(278, 353, 69, 131)","(160, 361, 63, 168)"
2321207.jpg,covering,branches,37,140,8,138,snow,117,40,12,222,0,3,278,45,262,129,"(8, 45, 138, 278)","(12, 129, 222, 262)"
2409321.jpg,says,bob,14,40,419,44,cake,69,151,385,1,0,3,84,433,152,454,"(419, 433, 44, 84)","(385, 454, 1, 152)"
2393144.jpg,wearing,shirt,120,203,143,93,girl,352,312,88,8,0,3,296,263,320,440,"(143, 263, 93, 296)","(88, 440, 8, 320)"
2385439.jpg,sitting on,nightstand,52,116,103,231,box,21,33,118,312,1,3,347,155,345,139,"(103, 155, 231, 347)","(118, 139, 312, 345)"
2367401.jpg,walking on,sidewalk,34,24,273,348,people,15,68,232,59,0,3,372,307,127,247,"(273, 307, 348, 372)","(232, 247, 59, 127)"
2369981.jpg,wearing,wetsuit,53,27,260,301,man,70,35,248,296,0,3,328,313,331,318,"(260, 313, 301, 328)","(248, 318, 296, 331)"
2382026.jpg,wearing,pants,81,84,169,196,girl,231,97,39,192,0,3,280,250,289,270,"(169, 250, 196, 280)","(39, 270, 192, 289)"
2340720.jpg,sitting on,table,174,331,324,0,plate,81,167,344,147,1,3,331,498,314,425,"(324, 498, 0, 331)","(344, 425, 147, 314)"
2370212.jpg,sitting on,floor,100,89,162,243,cords,22,47,159,281,1,3,332,262,328,181,"(162, 262, 243, 332)","(159, 181, 281, 328)"
2338030.jpg,wearing,shorts,29,24,54,114,man,98,50,14,100,0,3,138,83,150,112,"(54, 83, 114, 138)","(14, 112, 100, 150)"
2327493.jpg,wearing,uniform,232,221,100,117,man,288,222,44,117,0,3,338,332,339,332,"(100, 332, 117, 338)","(44, 332, 117, 339)"
2390583.jpg,carrying,purse,23,20,231,104,woman,129,44,180,97,0,3,124,254,141,309,"(231, 254, 104, 124)","(180, 309, 97, 141)"
2361564.jpg,carrying,backpack,19,9,161,89,man,55,29,154,72,0,3,98,180,101,209,"(161, 180, 89, 98)","(154, 209, 72, 101)"
2346080.jpg,sitting on,couch,365,427,10,72,girl,286,250,50,250,1,3,499,375,500,336,"(10, 375, 72, 499)","(50, 336, 250, 500)"
2110.jpg,parked on,street,155,403,444,369,car,27,34,377,162,0,3,772,599,196,404,"(444, 599, 369, 772)","(377, 404, 162, 196)"
2381833.jpg,wearing,hoodie,176,194,156,305,person,229,192,103,308,0,3,499,332,500,332,"(156, 332, 305, 499)","(103, 332, 308, 500)"
2369909.jpg,sitting on,towel,28,65,124,338,person,170,154,29,315,1,3,403,152,469,199,"(124, 152, 338, 403)","(29, 199, 315, 469)"
2393129.jpg,sitting on,grass,499,442,1,2,man,295,191,69,248,1,3,444,500,439,364,"(1, 500, 2, 444)","(69, 364, 248, 439)"
1990.jpg,sitting on,desk,225,387,325,70,telephone,32,77,312,146,1,3,457,550,223,344,"(325, 550, 70, 457)","(312, 344, 146, 223)"
2407491.jpg,wearing,hat,43,38,2,287,man,101,100,4,252,0,3,325,45,352,105,"(2, 45, 287, 325)","(4, 105, 252, 352)"
2324556.jpg,painted on,grass,160,497,171,2,line,26,231,172,112,0,3,499,331,343,198,"(171, 331, 2, 499)","(172, 198, 112, 343)"
2317329.jpg,wearing,shirt,232,234,94,247,man,242,197,66,58,0,3,481,326,255,308,"(94, 326, 247, 481)","(66, 308, 58, 255)"
2350651.jpg,sitting on,bench,65,30,147,8,backpack,40,25,155,39,1,3,38,212,64,195,"(147, 212, 8, 38)","(155, 195, 39, 64)"
2360996.jpg,sitting on,table,25,450,317,45,bowl,67,140,258,230,1,3,495,342,370,325,"(317, 342, 45, 495)","(258, 325, 230, 370)"
2359857.jpg,standing on,stairs,112,137,82,278,people,51,32,104,348,0,3,415,194,380,155,"(82, 194, 278, 415)","(104, 155, 348, 380)"
2379413.jpg,sitting on,ground,86,500,401,0,person,33,29,384,391,1,3,500,487,420,417,"(401, 487, 0, 500)","(384, 417, 391, 420)"
497948.jpg,wearing,shirt,34,29,946,367,woman,87,51,933,352,0,3,396,980,403,1020,"(946, 980, 367, 396)","(933, 1020, 352, 403)"
2381578.jpg,wearing,glasses,9,21,166,219,man,170,152,139,149,0,3,240,175,301,309,"(166, 175, 219, 240)","(139, 309, 149, 301)"
2415278.jpg,riding,bicycle,227,193,256,138,man,252,142,162,189,0,3,331,483,331,414,"(256, 483, 138, 331)","(162, 414, 189, 331)"
2417567.jpg,wearing,hat,39,38,156,328,woman,133,121,161,308,0,3,366,195,429,294,"(156, 195, 328, 366)","(161, 294, 308, 429)"
2372098.jpg,hanging from,ceiling,123,258,0,0,sign,32,91,76,0,0,3,258,123,91,108,"(0, 123, 0, 258)","(76, 108, 0, 91)"
2396974.jpg,sitting on,bench,164,281,127,100,woman,260,97,54,147,1,3,381,291,244,314,"(127, 291, 100, 381)","(54, 314, 147, 244)"
2315544.jpg,sitting on,shelf,114,110,203,162,speaker,41,21,267,216,1,3,272,317,237,308,"(203, 317, 162, 272)","(267, 308, 216, 237)"
2350151.jpg,covered in,water,65,11,26,472,glass,371,67,2,431,0,3,483,91,498,373,"(26, 91, 472, 483)","(2, 373, 431, 498)"
2353381.jpg,sitting on,loveseat,219,310,152,8,woman,342,145,27,208,1,3,318,371,353,369,"(152, 371, 8, 318)","(27, 369, 208, 353)"
970.jpg,sitting on,building,434,431,3,1,window,70,12,160,379,1,3,432,437,391,230,"(3, 437, 1, 432)","(160, 230, 379, 391)"
2326624.jpg,wearing,glove,32,35,169,295,catcher,94,66,160,301,0,3,330,201,367,254,"(169, 201, 295, 330)","(160, 254, 301, 367)"
2321267.jpg,wearing,goggles,10,31,180,139,man,154,145,130,65,0,3,170,190,210,284,"(180, 190, 139, 170)","(130, 284, 65, 210)"
8.jpg,wearing,glasses,26,28,322,232,man,312,266,286,117,0,3,260,348,383,598,"(322, 348, 232, 260)","(286, 598, 117, 383)"
2356443.jpg,wearing,hoodie,115,80,89,280,guy,263,86,56,270,0,3,360,204,356,319,"(89, 204, 280, 360)","(56, 319, 270, 356)"
2352473.jpg,sitting on,table,194,487,119,9,glass,60,32,132,166,1,3,496,313,198,192,"(119, 313, 9, 496)","(132, 192, 166, 198)"
2369797.jpg,sitting on,shelf,22,243,245,60,pitcher,61,50,196,235,1,3,303,267,285,257,"(245, 267, 60, 303)","(196, 257, 235, 285)"
3425.jpg,walking on,street,193,183,571,416,people,91,65,568,533,0,3,599,764,598,659,"(571, 764, 416, 599)","(568, 659, 533, 598)"
2358093.jpg,sitting on,table,105,498,269,1,candle,37,28,297,86,1,3,499,374,114,334,"(269, 374, 1, 499)","(297, 334, 86, 114)"
2363193.jpg,sitting on,cd,25,90,202,65,can,181,73,22,102,1,3,155,227,175,203,"(202, 227, 65, 155)","(22, 203, 102, 175)"
2412006.jpg,wearing,tuxedo,325,498,1,1,man,68,208,1,230,0,3,499,326,438,69,"(1, 326, 1, 499)","(1, 69, 230, 438)"
2396663.jpg,sitting on,bench,11,75,170,93,players,33,93,150,88,1,3,168,181,181,183,"(170, 181, 93, 168)","(150, 183, 88, 181)"
2356613.jpg,standing on,stepladder,327,103,173,0,man,424,293,75,4,0,3,103,500,297,499,"(173, 500, 0, 103)","(75, 499, 4, 297)"
2398106.jpg,sitting on,beach,180,360,309,7,animals,68,157,370,145,1,3,367,489,302,438,"(309, 489, 7, 367)","(370, 438, 145, 302)"
2360129.jpg,standing on,grass,164,486,165,11,steer,75,123,141,164,0,3,497,329,287,216,"(165, 329, 11, 497)","(141, 216, 164, 287)"
2406695.jpg,wearing,pants,172,71,258,125,woman,351,135,105,76,0,3,196,430,211,456,"(258, 430, 125, 196)","(105, 456, 76, 211)"
2346108.jpg,hanging from,pole,216,215,9,158,bag,65,66,190,217,0,3,373,225,283,255,"(9, 225, 158, 373)","(190, 255, 217, 283)"
2408694.jpg,wearing,jacket,374,390,0,2,person,374,393,1,1,0,3,392,374,394,375,"(0, 374, 2, 392)","(1, 375, 1, 394)"
1591949.jpg,wearing,hat,30,29,198,512,child,137,81,191,496,0,3,541,228,577,328,"(198, 228, 512, 541)","(191, 328, 496, 577)"
2326761.jpg,riding,bicycle,152,128,107,7,lady,201,72,40,0,0,3,135,259,72,241,"(107, 259, 7, 135)","(40, 241, 0, 72)"
2328333.jpg,wearing,shirt,23,29,129,366,man,58,49,123,357,0,3,395,152,406,181,"(129, 152, 366, 395)","(123, 181, 357, 406)"
2414888.jpg,wearing,sweater,140,100,135,197,boy,361,99,70,196,0,3,297,275,295,431,"(135, 275, 197, 297)","(70, 431, 196, 295)"
2385398.jpg,wearing,hat,15,27,206,282,man,159,56,204,275,0,3,309,221,331,363,"(206, 221, 282, 309)","(204, 363, 275, 331)"
2338082.jpg,sitting on,couch,246,246,129,253,man,207,183,124,220,1,3,499,375,403,331,"(129, 375, 253, 499)","(124, 331, 220, 403)"
2392812.jpg,growing on,branch,111,165,0,312,leaf,14,18,30,338,0,3,477,111,356,44,"(0, 111, 312, 477)","(30, 44, 338, 356)"
2336521.jpg,sitting on,pillow,100,334,149,162,cat,172,290,63,195,1,3,496,249,485,235,"(149, 249, 162, 496)","(63, 235, 195, 485)"
2416468.jpg,sitting on,bench,67,37,128,459,man,92,74,108,410,1,3,496,195,484,200,"(128, 195, 459, 496)","(108, 200, 410, 484)"
2387626.jpg,sitting on,table,38,111,254,94,bowl,19,35,259,126,1,3,205,292,161,278,"(254, 292, 94, 205)","(259, 278, 126, 161)"
2351095.jpg,sitting on,table,110,316,177,65,mouse,60,74,147,51,1,3,381,287,125,207,"(177, 287, 65, 381)","(147, 207, 51, 125)"
2401293.jpg,sitting on,motorcycle,321,345,179,25,person,336,201,43,85,1,3,370,500,286,379,"(179, 500, 25, 370)","(43, 379, 85, 286)"
2355318.jpg,riding,wave,278,331,7,166,person,98,131,26,151,0,3,497,285,282,124,"(7, 285, 166, 497)","(26, 124, 151, 282)"
2376883.jpg,wearing,hat,56,98,24,255,person,224,179,31,146,0,3,353,80,325,255,"(24, 80, 255, 353)","(31, 255, 146, 325)"
2354025.jpg,sitting on,table,130,417,204,50,book,51,85,283,91,1,3,467,334,176,334,"(204, 334, 50, 467)","(283, 334, 91, 176)"
2400433.jpg,wearing,jeans,132,110,123,241,girl,262,139,5,235,0,3,351,255,374,267,"(123, 255, 241, 351)","(5, 267, 235, 374)"
396.jpg,wearing,shirt,40,59,107,208,woman,80,34,66,222,0,3,267,147,256,146,"(107, 147, 208, 267)","(66, 146, 222, 256)"
2413998.jpg,wearing,helmet,27,37,28,208,policeman,229,77,24,197,0,3,245,55,274,253,"(28, 55, 208, 245)","(24, 253, 197, 274)"
2406415.jpg,eating,tree,331,495,1,2,giraffe,275,364,57,91,0,3,497,332,455,332,"(1, 332, 2, 497)","(57, 332, 91, 455)"
2386986.jpg,sitting on,countertop,86,353,191,0,toaster,30,32,174,247,1,3,353,277,279,204,"(191, 277, 0, 353)","(174, 204, 247, 279)"
2382065.jpg,sitting on,table,189,369,307,2,glass,237,44,209,0,1,3,371,496,44,446,"(307, 496, 2, 371)","(209, 446, 0, 44)"
150482.jpg,sitting on,horse,253,354,286,660,policeman,140,78,189,826,1,3,1014,539,904,329,"(286, 539, 660, 1014)","(189, 329, 826, 904)"
2321411.jpg,hanging from,remote,33,58,339,205,cord,101,22,397,212,0,3,263,372,234,498,"(339, 372, 205, 263)","(397, 498, 212, 234)"
2395244.jpg,sitting on,rug,98,414,234,85,cat,112,70,174,163,1,3,499,332,233,286,"(234, 332, 85, 499)","(174, 286, 163, 233)"
2327493.jpg,wearing,jacket,103,100,126,360,man,239,109,93,352,0,3,460,229,461,332,"(126, 229, 360, 460)","(93, 332, 352, 461)"
2413001.jpg,sitting on,ground,222,496,151,2,child,158,180,170,47,1,3,498,373,227,328,"(151, 373, 2, 498)","(170, 328, 47, 227)"
2401253.jpg,sitting on,sand,230,498,145,0,person,15,25,147,171,1,3,498,375,196,162,"(145, 375, 0, 498)","(147, 162, 171, 196)"
2400585.jpg,wearing,raincoat,80,49,324,110,man,123,44,307,107,0,3,159,404,151,430,"(324, 404, 110, 159)","(307, 430, 107, 151)"
2396100.jpg,sitting on,table,374,499,1,0,plate,351,498,23,0,1,3,499,375,498,374,"(1, 375, 0, 499)","(23, 374, 0, 498)"
1373.jpg,wearing,shirt,28,32,2,142,person,32,31,0,141,0,3,174,30,172,32,"(2, 30, 142, 174)","(0, 32, 141, 172)"
2377420.jpg,sitting on,bench,75,53,217,47,woman,170,113,186,67,1,3,100,292,180,356,"(217, 292, 47, 100)","(186, 356, 67, 180)"
2340658.jpg,standing on,grass,103,333,396,1,woman,123,31,339,89,0,3,334,499,120,462,"(396, 499, 1, 334)","(339, 462, 89, 120)"
2363111.jpg,sitting on,wall,168,272,57,2,person,41,37,35,145,1,3,274,225,182,76,"(57, 225, 2, 274)","(35, 76, 145, 182)"
2390627.jpg,sitting on,wire,46,230,189,148,bird,193,147,125,197,1,3,378,235,344,318,"(189, 235, 148, 378)","(125, 318, 197, 344)"
2411721.jpg,sitting on,plate,38,189,1,37,fork,32,61,0,46,1,3,226,39,107,32,"(1, 39, 37, 226)","(0, 32, 46, 107)"
2317377.jpg,sitting on,bus,177,203,101,251,people,50,119,118,270,1,3,454,278,389,168,"(101, 278, 251, 454)","(118, 168, 270, 389)"
2368678.jpg,wearing,black,37,10,121,94,woman,146,72,72,70,0,3,104,158,142,218,"(121, 158, 94, 104)","(72, 218, 70, 142)"
713835.jpg,wearing,tie,236,122,387,517,man,450,387,183,401,0,3,639,623,788,633,"(387, 623, 517, 639)","(183, 633, 401, 788)"
2341692.jpg,sitting on,head,58,42,83,305,hat,32,48,80,300,1,3,347,141,348,112,"(83, 141, 305, 347)","(80, 112, 300, 348)"
2390376.jpg,wearing,coat,45,36,241,134,man,104,37,225,134,0,3,170,286,171,329,"(241, 286, 134, 170)","(225, 329, 134, 171)"
2410465.jpg,sitting on,sofa,239,423,170,0,woman,457,425,14,0,1,3,423,409,425,471,"(170, 409, 0, 423)","(14, 471, 0, 425)"
2400603.jpg,parked on,road,163,361,211,8,bus,228,218,71,132,0,3,369,374,350,299,"(211, 374, 8, 369)","(71, 299, 132, 350)"
713252.jpg,wearing,shirt,562,388,155,502,man,932,498,78,417,0,3,890,717,915,1010,"(155, 717, 502, 890)","(78, 1010, 417, 915)"
2357200.jpg,wearing,shorts,26,31,73,11,guy,123,53,13,6,0,3,42,99,59,136,"(73, 99, 11, 42)","(13, 136, 6, 59)"
2385115.jpg,sitting on,beach,110,493,110,3,people,28,471,97,24,1,3,496,220,495,125,"(110, 220, 3, 496)","(97, 125, 24, 495)"
150496.jpg,sitting on,couch,196,104,334,55,man,399,141,167,691,1,3,159,530,832,566,"(334, 530, 55, 159)","(167, 566, 691, 832)"
2370037.jpg,sitting on,chair,456,403,33,3,bear,259,170,89,17,1,3,406,489,187,348,"(33, 489, 3, 406)","(89, 348, 17, 187)"
2368487.jpg,wearing,black,21,12,174,270,person,39,27,154,267,0,3,282,195,294,193,"(174, 195, 270, 282)","(154, 193, 267, 294)"
2385357.jpg,wearing,glove,50,24,160,249,snowboarder,202,111,92,197,0,3,273,210,308,294,"(160, 210, 249, 273)","(92, 294, 197, 308)"
2325157.jpg,watching,game,218,465,72,34,spectators,60,487,10,9,0,3,499,290,496,70,"(72, 290, 34, 499)","(10, 70, 9, 496)"
2335632.jpg,wearing,helmet,26,47,108,435,man,62,201,106,287,0,3,482,134,488,168,"(108, 134, 435, 482)","(106, 168, 287, 488)"
2377254.jpg,sitting on,floor,181,382,152,2,bottle,25,11,152,65,1,3,384,333,76,177,"(152, 333, 2, 384)","(152, 177, 65, 76)"
2326737.jpg,sitting on,road,152,332,345,0,skateboard,21,25,439,292,1,3,332,497,317,460,"(345, 497, 0, 332)","(439, 460, 292, 317)"
2405260.jpg,covering,ground,265,370,233,4,grass,218,369,281,2,0,3,374,498,371,499,"(233, 498, 4, 374)","(281, 499, 2, 371)"
2352549.jpg,riding,elephant,140,234,153,154,person,48,31,92,216,0,3,388,293,247,140,"(153, 293, 154, 388)","(92, 140, 216, 247)"
2381975.jpg,sitting on,curb,68,325,259,116,woman,140,81,169,235,1,3,441,327,316,309,"(259, 327, 116, 441)","(169, 309, 235, 316)"
2349379.jpg,sitting on,couch,250,454,124,2,girl,206,123,84,170,1,3,456,374,293,290,"(124, 374, 2, 456)","(84, 290, 170, 293)"
2379631.jpg,wearing,pants,11,11,79,462,person,24,19,68,458,0,3,473,90,477,92,"(79, 90, 462, 473)","(68, 92, 458, 477)"
2352989.jpg,sitting on,train,302,391,54,108,box,28,54,200,373,1,3,499,356,427,228,"(54, 356, 108, 499)","(200, 228, 373, 427)"
2404351.jpg,sitting on,ground,238,332,258,0,flower,32,34,397,227,1,3,332,496,261,429,"(258, 496, 0, 332)","(397, 429, 227, 261)"
2408691.jpg,sitting on,motorcycle,107,76,146,229,man,61,52,104,249,1,3,305,253,301,165,"(146, 253, 229, 305)","(104, 165, 249, 301)"
2412066.jpg,playing,guitar,26,21,169,180,person,90,31,145,181,0,3,201,195,212,235,"(169, 195, 180, 201)","(145, 235, 181, 212)"
2323296.jpg,sitting on,pole,86,80,133,209,bird,27,28,116,213,1,3,289,219,241,143,"(133, 219, 209, 289)","(116, 143, 213, 241)"
2361347.jpg,wearing,shirt,45,70,90,414,fan,88,66,50,414,0,3,484,135,480,138,"(90, 135, 414, 484)","(50, 138, 414, 480)"
2319827.jpg,sitting on,bench,32,285,104,86,player,96,60,59,213,1,3,371,136,273,155,"(104, 136, 86, 371)","(59, 155, 213, 273)"
2318494.jpg,sitting on,floor,157,300,217,76,chair,137,94,194,44,1,3,376,374,138,331,"(217, 374, 76, 376)","(194, 331, 44, 138)"
2318446.jpg,wearing,scarf,23,22,349,104,woman,66,30,336,100,0,3,126,372,130,402,"(349, 372, 104, 126)","(336, 402, 100, 130)"
2398899.jpg,sitting on,branch,364,293,134,37,bird,51,62,203,270,1,3,330,498,332,254,"(134, 498, 37, 330)","(203, 254, 270, 332)"
2341356.jpg,sitting on,bench,89,162,170,268,people,127,131,145,282,1,3,430,259,413,272,"(170, 259, 268, 430)","(145, 272, 282, 413)"
2384950.jpg,sitting on,couch,195,499,136,1,man,263,187,69,82,1,3,500,331,269,332,"(136, 331, 1, 500)","(69, 332, 82, 269)"
2325609.jpg,sitting on,plate,150,233,169,254,carrots,40,54,215,258,1,3,487,319,312,255,"(169, 319, 254, 487)","(215, 255, 258, 312)"
2324203.jpg,sitting on,table,300,426,17,25,wires,80,102,15,386,1,3,451,317,488,95,"(17, 317, 25, 451)","(15, 95, 386, 488)"
2417941.jpg,mounted on,tv,208,212,185,85,button,4,10,360,203,0,3,297,393,213,364,"(185, 393, 85, 297)","(360, 364, 203, 213)"
2405082.jpg,wearing,jeans,110,268,233,43,man,285,267,63,44,0,3,311,343,311,348,"(233, 343, 43, 311)","(63, 348, 44, 311)"
2369371.jpg,riding,waves,196,497,135,2,man,225,115,58,311,0,3,499,331,426,283,"(135, 331, 2, 499)","(58, 283, 311, 426)"
2358995.jpg,sitting on,beach,130,483,4,3,man,31,32,180,200,1,3,486,134,232,211,"(4, 134, 3, 486)","(180, 211, 200, 232)"
2342194.jpg,wearing,shorts,73,73,250,286,man,327,122,45,248,0,3,359,323,370,372,"(250, 323, 286, 359)","(45, 372, 248, 370)"
2379225.jpg,wearing,shoe,25,35,456,238,woman,451,153,26,118,0,3,273,481,271,477,"(456, 481, 238, 273)","(26, 477, 118, 271)"
2413299.jpg,wearing,pants,59,73,274,82,woman,233,90,99,78,0,3,155,333,168,332,"(274, 333, 82, 155)","(99, 332, 78, 168)"
2364203.jpg,sitting on,bench,95,101,176,99,woman,122,76,149,142,1,3,200,271,218,271,"(176, 271, 99, 200)","(149, 271, 142, 218)"
2371647.jpg,parked on,sidewalk,224,151,148,111,bikes,105,115,222,28,0,3,262,372,143,327,"(148, 372, 111, 262)","(222, 327, 28, 143)"
2412264.jpg,sitting on,bench,32,71,41,102,man,44,25,29,98,1,3,173,73,123,73,"(41, 73, 102, 173)","(29, 73, 98, 123)"
2411232.jpg,wearing,shorts,28,35,157,343,girl,129,107,105,308,0,3,378,185,415,234,"(157, 185, 343, 378)","(105, 234, 308, 415)"
2388057.jpg,sitting on,stand,70,141,110,128,television,101,107,23,141,1,3,269,180,248,124,"(110, 180, 128, 269)","(23, 124, 141, 248)"
2379794.jpg,wearing,cap,14,23,391,207,man,85,40,390,200,0,3,230,405,240,475,"(391, 405, 207, 230)","(390, 475, 200, 240)"
2346083.jpg,sitting on,towel,210,460,120,16,stemware,113,191,160,295,1,3,476,330,486,273,"(120, 330, 16, 476)","(160, 273, 295, 486)"
2376683.jpg,sitting on,bench,184,365,154,135,woman,358,175,34,3,1,3,500,338,178,392,"(154, 338, 135, 500)","(34, 392, 3, 178)"
2391283.jpg,riding,skateboard,25,59,310,183,boy,159,60,159,186,0,3,242,335,246,318,"(310, 335, 183, 242)","(159, 318, 186, 246)"
2392827.jpg,sitting on,rock,8,20,238,363,person,15,19,222,365,1,3,383,246,384,237,"(238, 246, 363, 383)","(222, 237, 365, 384)"
2409119.jpg,wearing,gloves,16,28,239,272,man,163,96,112,281,0,3,300,255,377,275,"(239, 255, 272, 300)","(112, 275, 281, 377)"
2341908.jpg,wearing,earrings,25,68,112,212,woman,224,206,55,138,0,3,280,137,344,279,"(112, 137, 212, 280)","(55, 279, 138, 344)"
2396705.jpg,wearing,shorts,14,24,409,99,man,156,44,309,86,0,3,123,423,130,465,"(409, 423, 99, 123)","(309, 465, 86, 130)"
2390789.jpg,sitting on,bench,312,498,187,1,boy,499,392,0,44,1,3,499,499,436,499,"(187, 499, 1, 499)","(0, 499, 44, 436)"
2368128.jpg,sitting on,grass,67,133,182,42,backpack,27,40,180,107,1,3,175,249,147,207,"(182, 249, 42, 175)","(180, 207, 107, 147)"
2398935.jpg,covering,eyes,14,88,128,145,glasses,61,140,99,121,0,3,233,142,261,160,"(128, 142, 145, 233)","(99, 160, 121, 261)"
2366663.jpg,wearing,shoes,81,159,233,43,girl,296,159,19,43,0,3,202,314,202,315,"(233, 314, 43, 202)","(19, 315, 43, 202)"
2380488.jpg,sitting on,sofa,327,498,47,1,boy,179,249,108,41,1,3,499,374,290,287,"(47, 374, 1, 499)","(108, 287, 41, 290)"
2359864.jpg,parked on,street,177,102,221,397,bus,320,354,51,48,0,3,499,398,402,371,"(221, 398, 397, 499)","(51, 371, 48, 402)"
2354612.jpg,sitting on,horse,166,311,165,156,girl,312,202,19,141,1,3,467,331,343,331,"(165, 331, 156, 467)","(19, 331, 141, 343)"
2384904.jpg,wearing,shorts,35,44,138,268,man,148,74,80,266,0,3,312,173,340,228,"(138, 173, 268, 312)","(80, 228, 266, 340)"
2404310.jpg,wearing,apron,1,1,303,28,man,134,62,190,0,0,3,29,304,62,324,"(303, 304, 28, 29)","(190, 324, 0, 62)"
2411254.jpg,sitting on,toilet,173,124,212,309,basket,20,30,219,373,1,3,433,385,403,239,"(212, 385, 309, 433)","(219, 239, 373, 403)"
2375279.jpg,sitting on,cart,76,100,40,191,person,52,30,62,202,1,3,291,116,232,114,"(40, 116, 191, 291)","(62, 114, 202, 232)"
2387137.jpg,sitting on,boat,262,499,112,0,woman,272,187,62,114,1,3,499,374,301,334,"(112, 374, 0, 499)","(62, 334, 114, 301)"
2339660.jpg,sitting on,shelf,82,248,384,66,basket,36,45,395,103,1,3,314,466,148,431,"(384, 466, 66, 314)","(395, 431, 103, 148)"
2359281.jpg,wearing,shirt,15,22,262,289,man,146,89,99,368,0,3,311,277,457,245,"(262, 277, 289, 311)","(99, 245, 368, 457)"
2374818.jpg,wearing,shirt,46,35,107,416,man,86,48,99,409,0,3,451,153,457,185,"(107, 153, 416, 451)","(99, 185, 409, 457)"
2325350.jpg,wearing,tie,107,28,130,180,man,309,189,23,118,0,3,208,237,307,332,"(130, 237, 180, 208)","(23, 332, 118, 307)"
2318322.jpg,sitting on,benches,17,191,184,0,spectators,79,166,133,7,1,3,191,201,173,212,"(184, 201, 0, 191)","(133, 212, 7, 173)"
2409586.jpg,sitting on,table,110,499,74,0,pizza,235,496,93,2,1,3,499,184,498,328,"(74, 184, 0, 499)","(93, 328, 2, 498)"
2336293.jpg,covering,ground,46,82,164,397,snow,60,118,117,362,0,3,479,210,480,177,"(164, 210, 397, 479)","(117, 177, 362, 480)"
2413151.jpg,sitting on,bowl,88,116,228,181,teapot,70,140,161,135,1,3,297,316,275,231,"(228, 316, 181, 297)","(161, 231, 135, 275)"
2358481.jpg,sitting on,table,331,499,1,0,plate,180,342,113,117,1,3,499,332,459,293,"(1, 332, 0, 499)","(113, 293, 117, 459)"
2333710.jpg,sitting on,snow,63,43,250,73,woman,191,290,157,144,1,3,116,313,434,348,"(250, 313, 73, 116)","(157, 348, 144, 434)"
2353259.jpg,wearing,ring,14,11,197,368,hand,98,148,175,324,0,3,379,211,472,273,"(197, 211, 368, 379)","(175, 273, 324, 472)"
2409072.jpg,wearing,hood,66,53,184,42,boy,243,95,108,42,0,3,95,250,137,351,"(184, 250, 42, 95)","(108, 351, 42, 137)"
2358760.jpg,sitting on,desk,173,472,178,21,headphones,56,50,177,135,1,3,493,351,185,233,"(178, 351, 21, 493)","(177, 233, 135, 185)"
2345505.jpg,hanging from,sign,91,65,7,158,plant,35,36,97,207,0,3,223,98,243,132,"(7, 98, 158, 223)","(97, 132, 207, 243)"
2356181.jpg,sitting on,bench,115,141,150,358,people,158,312,113,146,1,3,499,265,458,271,"(150, 265, 358, 499)","(113, 271, 146, 458)"
2382338.jpg,sitting on,bench,89,391,242,32,man,241,103,89,227,1,3,423,331,330,330,"(242, 331, 32, 423)","(89, 330, 227, 330)"
2366052.jpg,wearing,shirt,64,77,120,186,boy,101,95,83,183,0,3,263,184,278,184,"(120, 184, 186, 263)","(83, 184, 183, 278)"
2347846.jpg,sitting on,surface,355,487,11,12,items,375,493,0,4,1,3,499,366,497,375,"(11, 366, 12, 499)","(0, 375, 4, 497)"
2367293.jpg,sitting on,scooter,275,330,167,14,dog,86,84,295,122,1,3,344,442,206,381,"(167, 442, 14, 344)","(295, 381, 122, 206)"
2366179.jpg,says,stop,92,247,136,39,sign,291,320,48,2,0,3,286,228,322,339,"(136, 228, 39, 286)","(48, 339, 2, 322)"
2406739.jpg,wearing,glove,169,174,210,21,man,475,326,24,12,0,3,195,379,338,499,"(210, 379, 21, 195)","(24, 499, 12, 338)"
2348818.jpg,sitting on,surface,375,498,1,1,plate,287,339,89,41,1,3,499,376,380,376,"(1, 376, 1, 499)","(89, 376, 41, 380)"
2387375.jpg,sitting on,floor,119,497,255,3,woman,137,104,238,121,1,3,500,374,225,375,"(255, 374, 3, 500)","(238, 375, 121, 225)"
2389502.jpg,sitting on,stairs,21,21,186,222,man,13,10,171,152,1,3,243,207,162,184,"(186, 207, 222, 243)","(171, 184, 152, 162)"
2354466.jpg,sitting on,vehicle,177,176,66,118,person,16,22,120,131,1,3,294,243,153,136,"(66, 243, 118, 294)","(120, 136, 131, 153)"
2407209.jpg,wearing,bracelet,1,10,158,187,person,123,105,8,166,0,3,197,159,271,131,"(158, 159, 187, 197)","(8, 131, 166, 271)"
2356238.jpg,sitting on,bench,207,269,124,29,boy,250,135,91,59,1,3,298,331,194,341,"(124, 331, 29, 298)","(91, 341, 59, 194)"
2398243.jpg,eating,pizza,165,240,218,33,hand,98,126,82,72,0,3,273,383,198,180,"(218, 383, 33, 273)","(82, 180, 72, 198)"
1592555.jpg,sitting on,floor,61,84,338,51,drive,84,71,171,184,1,3,135,399,255,255,"(338, 399, 51, 135)","(171, 255, 184, 255)"
2388460.jpg,sitting on,street,35,246,318,253,baskets,31,70,289,312,1,3,499,353,382,320,"(318, 353, 253, 499)","(289, 320, 312, 382)"
150463.jpg,wearing,blue,123,104,390,616,man,303,93,354,618,0,3,720,513,711,657,"(390, 513, 616, 720)","(354, 657, 618, 711)"
2415042.jpg,wearing,pants,103,44,247,108,person,200,57,163,104,0,3,152,350,161,363,"(247, 350, 108, 152)","(163, 363, 104, 161)"
2316779.jpg,wearing,shirt,28,22,277,348,man,35,27,272,343,0,3,370,305,370,307,"(277, 305, 348, 370)","(272, 307, 343, 370)"
2350222.jpg,sitting on,bleachers,206,246,138,134,person,103,53,202,200,1,3,380,344,253,305,"(138, 344, 134, 380)","(202, 305, 200, 253)"
2382166.jpg,sitting on,motorcycle,120,91,199,354,woman,170,91,82,377,1,3,445,319,468,252,"(199, 319, 354, 445)","(82, 252, 377, 468)"
2349483.jpg,sitting on,table,86,86,213,175,cup,19,17,201,189,1,3,261,299,206,220,"(213, 299, 175, 261)","(201, 220, 189, 206)"
2379631.jpg,sitting on,snow,174,498,158,0,person,18,16,250,120,1,3,498,332,136,268,"(158, 332, 0, 498)","(250, 268, 120, 136)"
2400503.jpg,sitting on,sill,78,452,250,47,cats,373,383,0,93,1,3,499,328,476,373,"(250, 328, 47, 499)","(0, 373, 93, 476)"
2379221.jpg,sitting on,steps,19,67,397,142,person,9,8,396,191,1,3,209,416,199,405,"(397, 416, 142, 209)","(396, 405, 191, 199)"
2341138.jpg,sitting on,table,429,362,27,11,plate,341,337,90,7,1,3,373,456,344,431,"(27, 456, 11, 373)","(90, 431, 7, 344)"
2354867.jpg,sitting on,table,192,332,306,0,cake,77,141,312,53,1,3,332,498,194,389,"(306, 498, 0, 332)","(312, 389, 53, 194)"
2344411.jpg,covered in,snow,25,341,282,155,street,157,493,216,3,0,3,496,307,496,373,"(282, 307, 155, 496)","(216, 373, 3, 496)"
2358817.jpg,sitting on,chair,49,49,214,70,person,87,74,183,53,1,3,119,263,127,270,"(214, 263, 70, 119)","(183, 270, 53, 127)"
2397831.jpg,sitting on,bench,37,167,303,0,person,100,42,240,14,1,3,167,340,56,340,"(303, 340, 0, 167)","(240, 340, 14, 56)"
2409344.jpg,wearing,coat,74,98,256,322,woman,108,103,221,319,0,3,420,330,422,329,"(256, 330, 322, 420)","(221, 329, 319, 422)"
2414697.jpg,wearing,suit,51,29,177,271,person,101,32,159,267,0,3,300,228,299,260,"(177, 228, 271, 300)","(159, 260, 267, 299)"
2336168.jpg,sitting on,bleachers,161,274,34,7,person,121,54,34,0,1,3,281,195,54,155,"(34, 195, 7, 281)","(34, 155, 0, 54)"
2403797.jpg,wearing,pants,121,64,361,87,snowboarder,284,158,216,69,0,3,151,482,227,500,"(361, 482, 87, 151)","(216, 500, 69, 227)"
2399056.jpg,sitting on,grass,50,495,282,4,spectators,54,95,233,373,1,3,499,332,468,287,"(282, 332, 4, 499)","(233, 287, 373, 468)"
2379216.jpg,wearing,jeans,20,12,184,445,guy,44,17,161,445,0,3,457,204,462,205,"(184, 204, 445, 457)","(161, 205, 445, 462)"
2373004.jpg,sitting on,carriage,65,71,179,52,man,97,71,132,41,1,3,123,244,112,229,"(179, 244, 52, 123)","(132, 229, 41, 112)"
2367645.jpg,riding,elephant,106,120,167,107,man,55,40,123,122,0,3,227,273,162,178,"(167, 273, 107, 227)","(123, 178, 122, 162)"
2399810.jpg,wearing,sunglasses,7,18,102,234,woman,119,56,85,225,0,3,252,109,281,204,"(102, 109, 234, 252)","(85, 204, 225, 281)"
2338721.jpg,sitting on,motorcycle,141,431,190,1,man,325,210,6,7,1,3,432,331,217,331,"(190, 331, 1, 432)","(6, 331, 7, 217)"
2394613.jpg,walking on,sidewalk,38,394,321,6,man,271,118,92,282,0,3,400,359,400,363,"(321, 359, 6, 400)","(92, 363, 282, 400)"
2370036.jpg,wearing,pants,79,71,223,322,person,13,11,147,396,0,3,393,302,407,160,"(223, 302, 322, 393)","(147, 160, 396, 407)"
2392241.jpg,sitting on,floor,187,345,311,29,luggage,98,87,400,75,1,3,374,498,162,498,"(311, 498, 29, 374)","(400, 498, 75, 162)"
2362299.jpg,sitting on,table,125,355,207,108,tray,15,42,212,123,1,3,463,332,165,227,"(207, 332, 108, 463)","(212, 227, 123, 165)"
2378129.jpg,wearing,black,189,103,14,204,person,246,205,15,156,0,3,307,203,361,261,"(14, 203, 204, 307)","(15, 261, 156, 361)"
1591891.jpg,riding,elephant,394,754,276,32,man,268,173,29,281,0,3,786,670,454,297,"(276, 670, 32, 786)","(29, 297, 281, 454)"
2356625.jpg,sitting on,bench,254,394,156,103,person,311,130,102,265,1,3,497,410,395,413,"(156, 410, 103, 497)","(102, 413, 265, 395)"
2394321.jpg,sitting on,hand,29,24,130,287,owl,100,73,42,270,1,3,311,159,343,142,"(130, 159, 287, 311)","(42, 142, 270, 343)"
2380237.jpg,sitting on,grass,221,499,112,0,person,54,72,49,140,1,3,499,333,212,103,"(112, 333, 0, 499)","(49, 103, 140, 212)"
2385923.jpg,wearing,shirt,86,86,87,218,kid,282,134,33,179,0,3,304,173,313,315,"(87, 173, 218, 304)","(33, 315, 179, 313)"
2336038.jpg,walking on,sidewalk,15,166,257,3,man,24,13,238,133,0,3,169,272,146,262,"(257, 272, 3, 169)","(238, 262, 133, 146)"
2393153.jpg,sitting on,grass,216,499,5,1,bird,13,13,104,468,1,3,500,221,481,117,"(5, 221, 1, 500)","(104, 117, 468, 481)"
2367339.jpg,covering,roof,191,150,307,222,shingle,6,12,386,351,0,3,372,498,363,392,"(307, 498, 222, 372)","(386, 392, 351, 363)"
2398745.jpg,wearing,cape,86,146,234,1,boy,185,176,134,0,0,3,147,320,176,319,"(234, 320, 1, 147)","(134, 319, 0, 176)"
2379505.jpg,sitting on,ground,282,497,93,3,bottle,69,23,306,264,1,3,500,375,287,375,"(93, 375, 3, 500)","(306, 375, 264, 287)"
2359332.jpg,sitting on,bench,48,187,191,258,man,170,113,107,270,1,3,445,239,383,277,"(191, 239, 258, 445)","(107, 277, 270, 383)"
2369797.jpg,sitting on,book,89,9,376,118,book,90,13,376,107,1,3,127,465,120,466,"(376, 465, 118, 127)","(376, 466, 107, 120)"
4604.jpg,sitting on,bench,54,129,358,150,man,68,58,340,235,1,3,279,412,293,408,"(358, 412, 150, 279)","(340, 408, 235, 293)"
2379381.jpg,sitting on,table,311,500,21,0,pizza,267,411,42,41,1,3,500,332,452,309,"(21, 332, 0, 500)","(42, 309, 41, 452)"
2408044.jpg,wearing,shoes,115,89,384,48,player,484,142,15,0,0,3,137,499,142,499,"(384, 499, 48, 137)","(15, 499, 0, 142)"
2335013.jpg,wearing,shirt,59,32,149,69,person,90,33,129,69,0,3,101,208,102,219,"(149, 208, 69, 101)","(129, 219, 69, 102)"
1597.jpg,covering,ground,581,763,11,26,leaves,512,740,86,14,0,3,789,592,754,598,"(11, 592, 26, 789)","(86, 598, 14, 754)"
2396603.jpg,sitting on,beach,95,229,143,4,person,9,5,146,161,1,3,233,238,166,155,"(143, 238, 4, 233)","(146, 155, 161, 166)"
2390504.jpg,wearing,hat,60,48,74,148,male,403,200,77,63,0,3,196,134,263,480,"(74, 134, 148, 196)","(77, 480, 63, 263)"
2397287.jpg,wearing,cap,17,27,186,316,man,108,111,167,270,0,3,343,203,381,275,"(186, 203, 316, 343)","(167, 275, 270, 381)"
2351518.jpg,sitting on,couch,290,340,39,159,people,285,367,29,132,1,3,499,329,499,314,"(39, 329, 159, 499)","(29, 314, 132, 499)"
2371457.jpg,carrying,car,134,205,121,193,truck,151,140,140,55,0,3,398,255,195,291,"(121, 255, 193, 398)","(140, 291, 55, 195)"
2410910.jpg,sitting on,table,461,300,38,0,plate,18,33,65,44,1,3,300,499,77,83,"(38, 499, 0, 300)","(65, 83, 44, 77)"
2414551.jpg,wearing,trousers,25,25,238,231,man,112,51,185,206,0,3,256,263,257,297,"(238, 263, 231, 256)","(185, 297, 206, 257)"
2395506.jpg,wearing,helmet,23,26,105,322,batter,121,96,103,281,0,3,348,128,377,224,"(105, 128, 322, 348)","(103, 224, 281, 377)"
2400204.jpg,wearing,shirt,22,16,122,287,person,82,24,109,282,0,3,303,144,306,191,"(122, 144, 287, 303)","(109, 191, 282, 306)"
2412864.jpg,wearing,jeans,141,152,185,105,skateboarder,268,246,97,15,0,3,257,326,261,365,"(185, 326, 105, 257)","(97, 365, 15, 261)"
2322302.jpg,wearing,wristband,22,27,234,376,women,240,118,95,346,0,3,403,256,464,335,"(234, 256, 376, 403)","(95, 335, 346, 464)"
2392632.jpg,wearing,shirt,73,83,320,239,boy,166,96,300,237,0,3,322,393,333,466,"(320, 393, 239, 322)","(300, 466, 237, 333)"
2393765.jpg,sitting on,bed,259,498,111,2,man,221,276,153,33,1,3,500,370,309,374,"(111, 370, 2, 500)","(153, 374, 33, 309)"
2327140.jpg,riding,horse,274,113,201,269,woman,205,114,162,266,0,3,382,475,380,367,"(201, 475, 269, 382)","(162, 367, 266, 380)"
1593172.jpg,sitting on,crate,42,50,562,695,person,100,61,480,688,1,3,745,604,749,580,"(562, 604, 695, 745)","(480, 580, 688, 749)"
2347899.jpg,covering,bedroom,251,487,121,11,roof,174,374,0,110,0,3,498,372,484,174,"(121, 372, 11, 498)","(0, 174, 110, 484)"
2403710.jpg,wearing,vest,41,56,157,114,dog,84,73,141,105,0,3,170,198,178,225,"(157, 198, 114, 170)","(141, 225, 105, 178)"
2390599.jpg,wearing,shirt,20,31,179,295,man,39,38,171,293,0,3,326,199,331,210,"(179, 199, 295, 326)","(171, 210, 293, 331)"
2402637.jpg,sitting on,chair,250,395,62,1,boy,371,265,2,1,1,3,396,312,266,373,"(62, 312, 1, 396)","(2, 373, 1, 266)"
2408787.jpg,wearing,something,79,59,54,231,horse,214,207,24,168,0,3,290,133,375,238,"(54, 133, 231, 290)","(24, 238, 168, 375)"
2367188.jpg,wearing,hat,33,115,0,278,man,312,281,1,161,0,3,393,33,442,313,"(0, 33, 278, 393)","(1, 313, 161, 442)"
2338817.jpg,sitting on,bench,150,497,82,2,person,64,156,2,106,1,3,499,232,262,66,"(82, 232, 2, 499)","(2, 66, 106, 262)"
228.jpg,sitting on,table,160,216,317,232,glass,37,27,305,247,1,3,448,477,274,342,"(317, 477, 232, 448)","(305, 342, 247, 274)"
2389606.jpg,sitting on,wires,155,309,101,115,birds,70,270,180,138,1,3,424,256,408,250,"(101, 256, 115, 424)","(180, 250, 138, 408)"
2317647.jpg,sitting on,bench,220,406,267,81,passenger,283,87,202,19,1,3,487,487,106,485,"(267, 487, 81, 487)","(202, 485, 19, 106)"
2383753.jpg,wearing,shirt,20,19,82,389,woman,25,24,78,386,0,3,408,102,410,103,"(82, 102, 389, 408)","(78, 103, 386, 410)"
2347486.jpg,wearing,shorts,32,40,199,319,woman,192,148,115,253,0,3,359,231,401,307,"(199, 231, 319, 359)","(115, 307, 253, 401)"
2385859.jpg,sitting on,shelf,148,92,59,1,box,60,90,36,4,1,3,93,207,94,96,"(59, 207, 1, 93)","(36, 96, 4, 94)"
2396311.jpg,sitting on,grass,66,462,48,0,person,12,7,57,4,1,3,462,114,11,69,"(48, 114, 0, 462)","(57, 69, 4, 11)"
2371518.jpg,wearing,gloves,71,110,143,160,woman,280,114,47,158,0,3,270,214,272,327,"(143, 214, 160, 270)","(47, 327, 158, 272)"
2380982.jpg,sitting on,table,473,471,14,14,glass,166,127,212,360,1,3,485,487,487,378,"(14, 487, 14, 485)","(212, 378, 360, 487)"
2399749.jpg,sitting on,bench,32,52,205,8,people,45,50,190,2,1,3,60,237,52,235,"(205, 237, 8, 60)","(190, 235, 2, 52)"
2352198.jpg,sitting on,couch,369,353,86,9,lady,458,281,40,21,1,3,362,455,302,498,"(86, 455, 9, 362)","(40, 498, 21, 302)"
2376391.jpg,sitting on,ground,188,499,143,0,bag,134,60,46,296,1,3,499,331,356,180,"(143, 331, 0, 499)","(46, 180, 296, 356)"
2392172.jpg,using,laptop,364,323,5,171,hand,158,222,19,13,0,3,494,369,235,177,"(5, 369, 171, 494)","(19, 177, 13, 235)"
2346159.jpg,playing,frisbee,60,49,203,359,girl,210,93,90,193,0,3,408,263,286,300,"(203, 263, 359, 408)","(90, 300, 193, 286)"
2369444.jpg,sitting on,bucket,24,14,164,412,man,75,47,120,391,1,3,426,188,438,195,"(164, 188, 412, 426)","(120, 195, 391, 438)"
2341807.jpg,hanging from,ceiling,67,452,0,44,light,32,31,155,91,0,3,496,67,122,187,"(0, 67, 44, 496)","(155, 187, 91, 122)"
2390052.jpg,sitting on,paper,330,499,2,0,broccoli,95,118,116,29,1,3,499,332,147,211,"(2, 332, 0, 499)","(116, 211, 29, 147)"
2389147.jpg,riding,horse,188,292,115,80,girl,193,67,19,188,0,3,372,303,255,212,"(115, 303, 80, 372)","(19, 212, 188, 255)"
2346401.jpg,eating,grass,102,373,396,1,sheep,10,12,393,168,0,3,374,498,180,403,"(396, 498, 1, 374)","(393, 403, 168, 180)"
2323069.jpg,wearing,shoes,22,82,263,158,man,153,87,141,150,0,3,240,285,237,294,"(263, 285, 158, 240)","(141, 294, 150, 237)"
150438.jpg,wearing,skirt,91,58,413,259,woman,130,51,381,262,0,3,317,504,313,511,"(413, 504, 259, 317)","(381, 511, 262, 313)"
2325033.jpg,wearing,cap,30,29,312,296,man,182,100,315,231,0,3,325,342,331,497,"(312, 342, 296, 325)","(315, 497, 231, 331)"
2325243.jpg,sitting on,couch,308,304,164,70,man,404,305,93,64,1,3,374,472,369,497,"(164, 472, 70, 374)","(93, 497, 64, 369)"
2366184.jpg,sitting on,table,88,331,411,1,laptop,109,181,322,1,1,3,332,499,182,431,"(411, 499, 1, 332)","(322, 431, 1, 182)"
2381496.jpg,sitting on,table,48,423,318,48,lunch,258,420,38,3,1,3,471,366,423,296,"(318, 366, 48, 471)","(38, 296, 3, 423)"
2383367.jpg,sitting on,table,137,306,235,189,bottle,79,24,197,473,1,3,495,372,497,276,"(235, 372, 189, 495)","(197, 276, 473, 497)"
2316499.jpg,sitting on,car,178,455,301,25,cat,170,142,178,141,1,3,480,479,283,348,"(301, 479, 25, 480)","(178, 348, 141, 283)"
2367125.jpg,covering,elephant,58,35,233,388,cloth,20,30,229,392,0,3,423,291,422,249,"(233, 291, 388, 423)","(229, 249, 392, 422)"
2354936.jpg,sitting on,carriage,132,123,191,204,man,68,45,128,192,1,3,327,323,237,196,"(191, 323, 204, 327)","(128, 196, 192, 237)"
2392421.jpg,wearing,glasses,29,82,132,79,guy,282,385,93,2,0,3,161,161,387,375,"(132, 161, 79, 161)","(93, 375, 2, 387)"
2345358.jpg,wearing,shirt,34,68,83,27,woman,75,81,53,26,0,3,95,117,107,128,"(83, 117, 27, 95)","(53, 128, 26, 107)"
2315539.jpg,sitting on,bench,287,498,43,0,man,320,222,5,152,1,3,498,330,374,325,"(43, 330, 0, 498)","(5, 325, 152, 374)"
2406331.jpg,wearing,watch,14,19,183,96,driver,61,58,152,72,0,3,115,197,130,213,"(183, 197, 96, 115)","(152, 213, 72, 130)"
2362852.jpg,hanging from,platform,62,183,183,176,twig,26,16,232,253,0,3,359,245,269,258,"(183, 245, 176, 359)","(232, 258, 253, 269)"
2367301.jpg,wearing,black,234,56,64,297,man,123,61,35,290,0,3,353,298,351,158,"(64, 298, 297, 353)","(35, 158, 290, 351)"
2358771.jpg,wearing,jacket,136,137,195,204,man,225,137,106,204,0,3,341,331,341,331,"(195, 331, 204, 341)","(106, 331, 204, 341)"
2383247.jpg,eating,grass,68,59,334,30,zebra,443,279,5,61,0,3,89,402,340,448,"(334, 402, 30, 89)","(5, 448, 61, 340)"
2331411.jpg,hanging from,building,194,156,3,176,sign,79,38,13,269,0,3,332,197,307,92,"(3, 197, 176, 332)","(13, 92, 269, 307)"
2346310.jpg,sitting on,counter,29,146,156,39,tray,14,57,164,127,1,3,185,185,184,178,"(156, 185, 39, 185)","(164, 178, 127, 184)"
2400529.jpg,wearing,shoe,38,38,460,47,man,487,147,11,47,0,3,85,498,194,498,"(460, 498, 47, 85)","(11, 498, 47, 194)"
2409512.jpg,wearing,shorts,88,258,191,172,players,241,292,109,162,0,3,430,279,454,350,"(191, 279, 172, 430)","(109, 350, 162, 454)"
2411200.jpg,wearing,shirt,64,67,213,1,man,109,83,184,1,0,3,68,277,84,293,"(213, 277, 1, 68)","(184, 293, 1, 84)"
2366082.jpg,sitting on,motorcycle,227,434,103,0,man,307,208,25,102,1,3,434,330,310,332,"(103, 330, 0, 434)","(25, 332, 102, 310)"
2405287.jpg,flying in,park,298,414,192,3,kite,20,59,1,2,0,3,417,490,61,21,"(192, 490, 3, 417)","(1, 21, 2, 61)"
2363749.jpg,sitting on,stove,307,318,192,12,pot,57,72,274,151,1,3,330,499,223,331,"(192, 499, 12, 330)","(274, 331, 151, 223)"
2367099.jpg,sitting on,bench,231,498,101,0,person,296,167,37,99,1,3,498,332,266,333,"(101, 332, 0, 498)","(37, 333, 99, 266)"
2414581.jpg,wearing,shirt,74,97,166,245,child,288,123,107,218,0,3,342,240,341,395,"(166, 240, 245, 342)","(107, 395, 218, 341)"
2362410.jpg,sitting on,lift,234,228,1,163,skier,150,77,127,319,1,3,391,235,396,277,"(1, 235, 163, 391)","(127, 277, 319, 396)"
2363529.jpg,wearing,shirt,194,184,125,17,woman,332,425,1,12,0,3,201,319,437,333,"(125, 319, 17, 201)","(1, 333, 12, 437)"
2399674.jpg,hanging from,wheelchair,180,165,126,225,bag,53,38,191,223,0,3,390,306,261,244,"(126, 306, 225, 390)","(191, 244, 223, 261)"
2402277.jpg,sitting on,bench,138,185,183,60,woman,92,92,147,77,1,3,245,321,169,239,"(183, 321, 60, 245)","(147, 239, 77, 169)"
2401809.jpg,using,laptop,151,168,178,3,person,251,225,59,132,0,3,171,329,357,310,"(178, 329, 3, 171)","(59, 310, 132, 357)"
2377427.jpg,sitting on,bar,155,61,177,0,bottle,65,17,123,16,1,3,61,332,33,188,"(177, 332, 0, 61)","(123, 188, 16, 33)"
2403230.jpg,wearing,tie,102,46,164,98,man,270,218,62,4,0,3,144,266,222,332,"(164, 266, 98, 144)","(62, 332, 4, 222)"
2410910.jpg,sitting on,table,461,300,38,0,plate,31,98,120,28,1,3,300,499,126,151,"(38, 499, 0, 300)","(120, 151, 28, 126)"
861.jpg,walking on,tiles,284,518,315,176,person,101,31,272,541,0,3,694,599,572,373,"(315, 599, 176, 694)","(272, 373, 541, 572)"
2353887.jpg,sitting on,pen,8,8,139,331,pen,15,43,244,263,1,3,339,147,306,259,"(139, 147, 331, 339)","(244, 259, 263, 306)"
2336425.jpg,sitting on,shelf,30,149,158,236,bottle,37,16,143,333,1,3,385,188,349,180,"(158, 188, 236, 385)","(143, 180, 333, 349)"
2398084.jpg,covered in,snow,33,50,304,361,ground,153,492,189,0,0,3,411,337,492,342,"(304, 337, 361, 411)","(189, 342, 0, 492)"
2370037.jpg,sitting on,chair,456,403,33,3,bear,206,234,192,161,1,3,406,489,395,398,"(33, 489, 3, 406)","(192, 398, 161, 395)"
2389565.jpg,sitting on,couch,248,344,230,138,lion,115,109,369,275,1,3,482,478,384,484,"(230, 478, 138, 482)","(369, 484, 275, 384)"
2408746.jpg,wearing,shirt,108,180,145,100,boy,215,205,57,101,0,3,280,253,306,272,"(145, 253, 100, 280)","(57, 272, 101, 306)"
2382690.jpg,sitting on,bench,73,9,176,251,man,230,144,74,108,1,3,260,249,252,304,"(176, 249, 251, 260)","(74, 304, 108, 252)"
2347701.jpg,sitting on,counter,226,310,216,1,toothbrush,117,18,176,274,1,3,311,442,292,293,"(216, 442, 1, 311)","(176, 293, 274, 292)"
2393318.jpg,sitting on,stage,165,390,93,1,men,125,184,114,155,1,3,391,258,339,239,"(93, 258, 1, 391)","(114, 239, 155, 339)"
2371548.jpg,mounted on,wall,317,455,1,44,outlet,11,21,180,236,0,3,499,318,257,191,"(1, 318, 44, 499)","(180, 191, 236, 257)"
2398947.jpg,sitting on,couch,312,487,58,8,baby,204,277,103,87,1,3,495,370,364,307,"(58, 370, 8, 495)","(103, 307, 87, 364)"
2380782.jpg,wearing,helmet,36,47,34,146,woman,265,115,34,145,0,3,193,70,260,299,"(34, 70, 146, 193)","(34, 299, 145, 260)"
2371851.jpg,wearing,sunglasses,10,16,166,255,girl,152,60,153,221,0,3,271,176,281,305,"(166, 176, 255, 271)","(153, 305, 221, 281)"
2357672.jpg,wearing,shirt,43,67,99,287,man,79,69,64,285,0,3,354,142,354,143,"(99, 142, 287, 354)","(64, 143, 285, 354)"
2392564.jpg,sitting on,lap,37,104,177,217,book,45,98,149,245,1,3,321,214,343,194,"(177, 214, 217, 321)","(149, 194, 245, 343)"
2370280.jpg,standing on,grass,76,55,254,252,cows,233,282,96,184,0,3,307,330,466,329,"(254, 330, 252, 307)","(96, 329, 184, 466)"
2357908.jpg,sitting on,desk,85,186,245,305,cup,28,28,237,331,1,3,491,330,359,265,"(245, 330, 305, 491)","(237, 265, 331, 359)"
262.jpg,standing on,sidewalk,199,795,393,0,person,51,24,349,750,0,3,795,592,774,400,"(393, 592, 0, 795)","(349, 400, 750, 774)"
2359625.jpg,sitting on,table,15,221,315,0,tumbler,36,32,294,174,1,3,221,330,206,330,"(315, 330, 0, 221)","(294, 330, 174, 206)"
2388009.jpg,sitting on,table,332,500,0,0,book,190,169,0,330,1,3,500,332,499,190,"(0, 332, 0, 500)","(0, 190, 330, 499)"
2327321.jpg,wearing,shoes,22,28,321,105,girl,235,68,108,109,0,3,133,343,177,343,"(321, 343, 105, 133)","(108, 343, 109, 177)"
70.jpg,wearing,sunglasses,31,43,229,68,woman,51,34,145,493,0,3,111,260,527,196,"(229, 260, 68, 111)","(145, 196, 493, 527)"
2331806.jpg,sitting on,book,145,147,139,0,cat,271,426,42,41,1,3,147,284,467,313,"(139, 284, 0, 147)","(42, 313, 41, 467)"
2322794.jpg,walking on,sidewalk,162,194,190,2,pedestrian,72,10,220,1,0,3,196,352,11,292,"(190, 352, 2, 196)","(220, 292, 1, 11)"
2379274.jpg,sitting on,plate,192,391,182,1,sandwich,305,328,69,1,1,3,392,374,329,374,"(182, 374, 1, 392)","(69, 374, 1, 329)"
2344792.jpg,sitting on,table,160,260,213,239,laptop,115,151,177,269,1,3,499,373,420,292,"(213, 373, 239, 499)","(177, 292, 269, 420)"
2317362.jpg,sitting on,plate,51,91,324,350,bread,59,75,312,351,1,3,441,375,426,371,"(324, 375, 350, 441)","(312, 371, 351, 426)"
2384690.jpg,riding,motorcycle,123,43,187,269,couple,196,87,83,249,0,3,312,310,336,279,"(187, 310, 269, 312)","(83, 279, 249, 336)"
2409081.jpg,wearing,mask,23,24,235,108,catcher,78,94,235,71,0,3,132,258,165,313,"(235, 258, 108, 132)","(235, 313, 71, 165)"
2339324.jpg,sitting on,table,157,363,321,0,bear,287,216,166,120,1,3,363,478,336,453,"(321, 478, 0, 363)","(166, 453, 120, 336)"
2334970.jpg,riding,motorcycle,107,93,179,116,police,70,57,124,138,0,3,209,286,195,194,"(179, 286, 116, 209)","(124, 194, 138, 195)"
2342799.jpg,sitting on,shelf,13,139,277,15,plums,47,27,207,78,1,3,154,290,105,254,"(277, 290, 15, 154)","(207, 254, 78, 105)"
2356099.jpg,sitting on,shelf,49,43,138,146,books,35,1,148,161,1,3,189,187,162,183,"(138, 187, 146, 189)","(148, 183, 161, 162)"
2404293.jpg,says,ducati,10,37,106,357,shirt,39,56,95,347,0,3,394,116,403,134,"(106, 116, 357, 394)","(95, 134, 347, 403)"
2345386.jpg,sitting on,table,18,84,267,76,box,57,62,210,79,1,3,160,285,141,267,"(267, 285, 76, 160)","(210, 267, 79, 141)"
2397179.jpg,sitting on,sidewalk,74,373,414,1,hydrant,155,95,330,103,1,3,374,488,198,485,"(414, 488, 1, 374)","(330, 485, 103, 198)"
2401190.jpg,sitting on,rock,117,348,222,6,elephant,272,393,31,23,1,3,354,339,416,303,"(222, 339, 6, 354)","(31, 303, 23, 416)"
2403779.jpg,sitting on,table,499,373,1,1,knife,53,116,38,257,1,3,374,500,373,91,"(1, 500, 1, 374)","(38, 91, 257, 373)"
2346468.jpg,wearing,eyeglass,22,61,61,225,man,492,222,6,140,0,3,286,83,362,498,"(61, 83, 225, 286)","(6, 498, 140, 362)"
2316086.jpg,painted on,side,101,113,177,8,line,6,90,232,2,0,3,121,278,92,238,"(177, 278, 8, 121)","(232, 238, 2, 92)"
2345259.jpg,sitting on,floor,105,492,266,2,bucket,61,64,312,344,1,3,494,371,408,373,"(266, 371, 2, 494)","(312, 373, 344, 408)"
2403666.jpg,wearing,skirt,63,51,1,2,woman,93,60,0,2,0,3,53,64,62,93,"(1, 64, 2, 53)","(0, 93, 2, 62)"
2372922.jpg,sitting on,bus,280,384,23,6,driver,53,29,155,251,1,3,390,303,280,208,"(23, 303, 6, 390)","(155, 208, 251, 280)"
2348563.jpg,sitting on,table,144,494,0,1,napkins,80,67,1,432,1,3,495,144,499,81,"(0, 144, 1, 495)","(1, 81, 432, 499)"
2374558.jpg,sitting on,nightstand,120,142,209,224,photo,52,62,200,298,1,3,366,329,360,252,"(209, 329, 224, 366)","(200, 252, 298, 360)"
2408847.jpg,wearing,goggles,13,38,42,154,man,297,175,22,116,0,3,192,55,291,319,"(42, 55, 154, 192)","(22, 319, 116, 291)"
2351332.jpg,sitting on,ground,112,497,285,1,bird,29,17,350,282,1,3,498,397,299,379,"(285, 397, 1, 498)","(350, 379, 282, 299)"
2379553.jpg,riding,wave,196,77,153,36,man,155,83,151,151,0,3,113,349,234,306,"(153, 349, 36, 113)","(151, 306, 151, 234)"
2385739.jpg,watching,man,374,232,1,40,man,237,60,137,248,0,3,272,375,308,374,"(1, 375, 40, 272)","(137, 374, 248, 308)"
2342311.jpg,sitting on,counter,230,412,267,73,tray,133,350,360,118,1,3,485,497,468,493,"(267, 497, 73, 485)","(360, 493, 118, 468)"
2384251.jpg,wearing,bracelet,31,51,203,120,woman,310,216,4,3,0,3,171,234,219,314,"(203, 234, 120, 171)","(4, 314, 3, 219)"
2359985.jpg,sitting on,bike,263,243,166,6,helmet,55,51,181,37,1,3,249,429,88,236,"(166, 429, 6, 249)","(181, 236, 37, 88)"
2343771.jpg,sitting on,carriage,103,197,231,142,man,61,48,206,285,1,3,339,334,333,267,"(231, 334, 142, 339)","(206, 267, 285, 333)"
2398963.jpg,wearing,shoes,9,20,275,149,person,131,57,155,127,0,3,169,284,184,286,"(275, 284, 149, 169)","(155, 286, 127, 184)"
2406110.jpg,wearing,glasses,23,44,211,40,man,284,222,172,0,0,3,84,234,222,456,"(211, 234, 40, 84)","(172, 456, 0, 222)"
2400313.jpg,sitting on,shelf,14,39,57,292,shoe,27,32,41,290,1,3,331,71,322,68,"(57, 71, 292, 331)","(41, 68, 290, 322)"
2332517.jpg,sitting on,bench,26,49,104,385,players,115,152,35,330,1,3,434,130,482,150,"(104, 130, 385, 434)","(35, 150, 330, 482)"
2317611.jpg,wearing,goggles,10,15,142,225,man,91,106,124,187,0,3,240,152,293,215,"(142, 152, 225, 240)","(124, 215, 187, 293)"
2326008.jpg,wearing,helmet,16,22,191,208,man,212,83,188,178,0,3,230,207,261,400,"(191, 207, 208, 230)","(188, 400, 178, 261)"
2349022.jpg,wearing,suit,145,117,228,375,man,199,118,175,377,0,3,492,373,495,374,"(228, 373, 375, 492)","(175, 374, 377, 495)"
2401872.jpg,sitting on,bench,28,52,132,280,man,44,26,118,296,1,3,332,160,322,162,"(132, 160, 280, 332)","(118, 162, 296, 322)"
2389709.jpg,sitting on,bus,274,499,6,0,people,51,391,8,72,1,3,499,280,463,59,"(6, 280, 0, 499)","(8, 59, 72, 463)"
2411265.jpg,hanging from,elephant,357,250,117,3,grass,56,32,216,140,0,3,253,474,172,272,"(117, 474, 3, 253)","(216, 272, 140, 172)"
2322737.jpg,wearing,shorts,12,30,202,374,girl,137,58,128,352,0,3,404,214,410,265,"(202, 214, 374, 404)","(128, 265, 352, 410)"
2359508.jpg,sitting on,desk,192,494,177,5,keyboard,174,472,190,26,1,3,499,369,498,364,"(177, 369, 5, 499)","(190, 364, 26, 498)"
1591931.jpg,walking on,sidewalk,174,251,592,40,man,95,48,570,83,0,3,291,766,131,665,"(592, 766, 40, 291)","(570, 665, 83, 131)"
2354632.jpg,sitting on,table,95,104,208,67,plate,15,39,207,100,1,3,171,303,139,222,"(208, 303, 67, 171)","(207, 222, 100, 139)"
2332472.jpg,wearing,skully,11,21,125,109,man,160,60,127,95,0,3,130,136,155,287,"(125, 136, 109, 130)","(127, 287, 95, 155)"
2385141.jpg,sitting on,chair,10,17,142,100,man,28,20,120,97,1,3,117,152,117,148,"(142, 152, 100, 117)","(120, 148, 97, 117)"
2412116.jpg,wearing,uniform,117,67,130,299,cop,166,77,98,299,0,3,366,247,376,264,"(130, 247, 299, 366)","(98, 264, 299, 376)"
2401542.jpg,sitting on,snowmobile,72,133,192,366,person,65,46,182,453,1,3,499,264,499,247,"(192, 264, 366, 499)","(182, 247, 453, 499)"
2398136.jpg,wearing,cap,24,21,252,141,man,131,47,253,131,0,3,162,276,178,384,"(252, 276, 141, 162)","(253, 384, 131, 178)"
2348844.jpg,sitting on,water,352,373,0,1,boat,134,92,0,1,1,3,374,352,93,134,"(0, 352, 1, 374)","(0, 134, 1, 93)"
2374345.jpg,wearing,hat,50,86,158,24,woman,117,121,156,22,0,3,110,208,143,273,"(158, 208, 24, 110)","(156, 273, 22, 143)"
2336716.jpg,sitting on,grass,235,498,95,1,person,107,76,82,64,1,3,499,330,140,189,"(95, 330, 1, 499)","(82, 189, 64, 140)"
4888.jpg,sitting on,table,19,50,227,47,flower,19,19,213,158,1,3,97,246,177,232,"(227, 246, 47, 97)","(213, 232, 158, 177)"
2385183.jpg,wearing,hat,39,54,21,297,player,360,182,23,289,0,3,351,60,471,383,"(21, 60, 297, 351)","(23, 383, 289, 471)"
2401839.jpg,wearing,bracelet,37,30,321,182,man,138,101,16,69,0,3,212,358,170,154,"(321, 358, 182, 212)","(16, 154, 69, 170)"
2317961.jpg,sitting on,ground,351,497,22,2,bull,111,372,258,1,1,3,499,373,373,369,"(22, 373, 2, 499)","(258, 369, 1, 373)"
2335018.jpg,standing on,grass,320,321,176,9,giraffe,360,280,49,23,0,3,330,496,303,409,"(176, 496, 9, 330)","(49, 409, 23, 303)"
2371420.jpg,sitting on,table,14,57,216,277,bottle,35,18,175,331,1,3,334,230,349,210,"(216, 230, 277, 334)","(175, 210, 331, 349)"
2372643.jpg,sitting on,desk,217,341,107,156,bottle,77,64,60,221,1,3,497,324,285,137,"(107, 324, 156, 497)","(60, 137, 221, 285)"
2320166.jpg,wearing,hat,42,47,9,26,man,283,121,10,1,0,3,73,51,122,293,"(9, 51, 26, 73)","(10, 293, 1, 122)"
2410910.jpg,sitting on,plate,40,120,177,38,cake,31,46,180,71,1,3,158,217,117,211,"(177, 217, 38, 158)","(180, 211, 71, 117)"
2401638.jpg,wearing,pants,132,185,164,266,man,319,232,2,219,0,3,451,296,451,321,"(164, 296, 266, 451)","(2, 321, 219, 451)"
2415876.jpg,sitting on,grass,35,140,446,284,man,142,122,350,287,1,3,424,481,409,492,"(446, 481, 284, 424)","(350, 492, 287, 409)"
2385214.jpg,sitting on,bench,49,470,230,1,child,204,121,65,271,1,3,471,279,392,269,"(230, 279, 1, 471)","(65, 269, 271, 392)"
2355385.jpg,sitting on,seat,48,35,197,364,man,62,32,183,367,1,3,399,245,399,245,"(197, 245, 364, 399)","(183, 245, 367, 399)"
2374664.jpg,sitting on,wood,215,472,158,8,cat,296,279,48,44,1,3,480,373,323,344,"(158, 373, 8, 480)","(48, 344, 44, 323)"
2341.jpg,wearing,coat,193,120,239,529,woman,352,123,199,532,0,3,649,432,655,551,"(239, 432, 529, 649)","(199, 551, 532, 655)"
2382673.jpg,sitting on,counter,262,412,13,2,microwave,72,86,24,108,1,3,414,275,194,96,"(13, 275, 2, 414)","(24, 96, 108, 194)"
2339965.jpg,wearing,jacket,93,135,152,127,cyclist,261,129,111,132,0,3,262,245,261,372,"(152, 245, 127, 262)","(111, 372, 132, 261)"
2344603.jpg,painted on,field,272,499,147,0,line,40,493,257,2,0,3,499,419,495,297,"(147, 419, 0, 499)","(257, 297, 2, 495)"
2403398.jpg,wearing,shirt,46,27,165,57,man,114,46,153,57,0,3,84,211,103,267,"(165, 211, 57, 84)","(153, 267, 57, 103)"
2353447.jpg,wearing,sunglasses,9,13,227,423,woman,50,44,216,414,0,3,436,236,458,266,"(227, 236, 423, 436)","(216, 266, 414, 458)"
2370179.jpg,says,yield,14,10,162,419,sign,18,16,160,415,0,3,429,176,431,178,"(162, 176, 419, 429)","(160, 178, 415, 431)"
2357348.jpg,painted on,tarmac,122,492,202,7,line,35,85,271,153,0,3,499,324,238,306,"(202, 324, 7, 499)","(271, 306, 153, 238)"
2318103.jpg,wearing,helmet,75,70,19,239,officer,401,144,19,198,0,3,309,94,342,420,"(19, 94, 239, 309)","(19, 420, 198, 342)"
2327219.jpg,sitting on,ground,34,41,405,79,man,175,122,177,114,1,3,120,439,236,352,"(405, 439, 79, 120)","(177, 352, 114, 236)"
2386088.jpg,wearing,bracelets,23,18,281,234,woman,200,173,173,179,0,3,252,304,352,373,"(281, 304, 234, 252)","(173, 373, 179, 352)"
2408629.jpg,wearing,helmet,39,67,94,130,person,453,316,19,53,0,3,197,133,369,472,"(94, 133, 130, 197)","(19, 472, 53, 369)"
2363030.jpg,walking on,grass,52,138,186,226,zebra,56,65,225,232,0,3,364,238,297,281,"(186, 238, 226, 364)","(225, 281, 232, 297)"
2392281.jpg,wearing,goggles,40,78,74,73,snowboarder,332,227,42,4,0,3,151,114,231,374,"(74, 114, 73, 151)","(42, 374, 4, 231)"
2408422.jpg,eating,grass,79,470,182,7,zebra,226,364,53,58,0,3,477,261,422,279,"(182, 261, 7, 477)","(53, 279, 58, 422)"
286033.jpg,sitting on,desk,525,875,239,146,phone,76,132,556,478,1,3,1021,764,610,632,"(239, 764, 146, 1021)","(556, 632, 478, 610)"
713450.jpg,wearing,shoe,51,86,715,2,woman,361,238,405,2,0,3,88,766,240,766,"(715, 766, 2, 88)","(405, 766, 2, 240)"
547.jpg,sitting on,shelf,19,78,92,427,book,27,11,72,439,1,3,505,111,450,99,"(92, 111, 427, 505)","(72, 99, 439, 450)"
1592073.jpg,walking on,pier,339,522,0,8,man,103,47,115,95,0,3,530,339,142,218,"(0, 339, 8, 530)","(115, 218, 95, 142)"
2394386.jpg,watching,skateboarder,229,151,124,98,boy,48,42,307,100,0,3,249,353,142,355,"(124, 353, 98, 249)","(307, 355, 100, 142)"
2404694.jpg,wearing,shirt,144,300,229,146,woman,305,371,69,70,0,3,446,373,441,374,"(229, 373, 146, 446)","(69, 374, 70, 441)"
2380323.jpg,sitting on,horse,162,263,118,35,man,151,68,60,141,1,3,298,280,209,211,"(118, 280, 35, 298)","(60, 211, 141, 209)"
2401307.jpg,sitting on,table,242,384,256,2,vase,421,286,16,113,1,3,386,498,399,437,"(256, 498, 2, 386)","(16, 437, 113, 399)"
2402271.jpg,sitting on,bench,23,47,187,16,woman,162,83,99,66,1,3,63,210,149,261,"(187, 210, 16, 63)","(99, 261, 66, 149)"
225.jpg,wearing,coat,108,81,316,516,woman,202,73,292,526,0,3,597,424,599,494,"(316, 424, 516, 597)","(292, 494, 526, 599)"
2337113.jpg,sitting on,tree,104,157,281,194,man,52,47,257,300,1,3,351,385,347,309,"(281, 385, 194, 351)","(257, 309, 300, 347)"
2350727.jpg,sitting on,table,83,50,235,0,candle,19,16,239,17,1,3,50,318,33,258,"(235, 318, 0, 50)","(239, 258, 17, 33)"
2376314.jpg,sitting on,shelf,135,184,47,311,basket,47,70,26,355,1,3,495,182,425,73,"(47, 182, 311, 495)","(26, 73, 355, 425)"
2363708.jpg,sitting on,ramp,148,195,196,278,guy,389,363,3,22,1,3,473,344,385,392,"(196, 344, 278, 473)","(3, 392, 22, 385)"
2367342.jpg,wearing,pants,64,34,203,211,woman,126,65,143,195,0,3,245,267,260,269,"(203, 267, 211, 245)","(143, 269, 195, 260)"
2367896.jpg,playing,wii,35,44,259,257,man,252,199,117,253,0,3,301,294,452,369,"(259, 294, 257, 301)","(117, 369, 253, 452)"
2408915.jpg,sitting on,shelf,14,183,295,39,camera,61,37,237,68,1,3,222,309,105,298,"(295, 309, 39, 222)","(237, 298, 68, 105)"
2340456.jpg,sitting on,table,72,117,273,173,glass,62,26,287,15,1,3,290,345,41,349,"(273, 345, 173, 290)","(287, 349, 15, 41)"
2349823.jpg,sitting on,bench,73,499,95,0,player,85,51,64,258,1,3,499,168,309,149,"(95, 168, 0, 499)","(64, 149, 258, 309)"
2373424.jpg,sitting on,grass,45,60,111,73,people,23,54,133,199,1,3,133,156,253,156,"(111, 156, 73, 133)","(133, 156, 199, 253)"
2402429.jpg,wearing,shoe,20,12,301,39,man,211,82,113,16,0,3,51,321,98,324,"(301, 321, 39, 51)","(113, 324, 16, 98)"
2382688.jpg,wearing,pants,68,81,235,87,man,179,114,134,90,0,3,168,303,204,313,"(235, 303, 87, 168)","(134, 313, 90, 204)"
2400588.jpg,sitting on,box,283,445,47,1,can,190,77,9,343,1,3,446,330,420,199,"(47, 330, 1, 446)","(9, 199, 343, 420)"
2417740.jpg,wearing,shirt,12,9,302,79,man,28,12,298,78,0,3,88,314,90,326,"(302, 314, 79, 88)","(298, 326, 78, 90)"
2351104.jpg,sitting on,bed,292,498,83,0,purse,223,145,128,256,1,3,498,375,401,351,"(83, 375, 0, 498)","(128, 351, 256, 401)"
2378440.jpg,wearing,wristband,18,19,103,261,man,350,263,10,156,0,3,280,121,419,360,"(103, 121, 261, 280)","(10, 360, 156, 419)"
2394788.jpg,sitting on,table,115,97,136,56,television,71,71,108,54,1,3,153,251,125,179,"(136, 251, 56, 153)","(108, 179, 54, 125)"
640.jpg,carrying,bag,32,32,302,572,woman,132,48,272,561,0,3,604,334,609,404,"(302, 334, 572, 604)","(272, 404, 561, 609)"
2384060.jpg,wearing,jeans,106,55,209,37,woman,203,77,127,24,0,3,92,315,101,330,"(209, 315, 37, 92)","(127, 330, 24, 101)"
2348647.jpg,wearing,uniforms,79,94,184,0,people,82,75,172,88,0,3,94,263,163,254,"(184, 263, 0, 94)","(172, 254, 88, 163)"
2367397.jpg,sitting on,floor,212,500,158,0,globe,31,25,143,257,1,3,500,370,282,174,"(158, 370, 0, 500)","(143, 174, 257, 282)"
998.jpg,wearing,shorts,33,29,212,179,person,95,40,165,169,0,3,208,245,209,260,"(212, 245, 179, 208)","(165, 260, 169, 209)"
2346296.jpg,sitting on,ground,105,332,229,0,people,57,36,174,190,1,3,332,334,226,231,"(229, 334, 0, 332)","(174, 231, 190, 226)"
1618.jpg,sitting on,desk,391,793,207,5,headphones,80,128,433,662,1,3,798,598,790,513,"(207, 598, 5, 798)","(433, 513, 662, 790)"
2322282.jpg,wearing,shirt,184,174,275,115,boy,353,217,135,71,0,3,289,459,288,488,"(275, 459, 115, 289)","(135, 488, 71, 288)"
2386810.jpg,sitting on,chair,164,152,123,78,woman,204,92,80,126,1,3,230,287,218,284,"(123, 287, 78, 230)","(80, 284, 126, 218)"
2377849.jpg,wearing,tie,208,56,285,146,man,423,286,52,23,0,3,202,493,309,475,"(285, 493, 146, 202)","(52, 475, 23, 309)"
2403734.jpg,wearing,hat,41,31,19,173,child,243,127,19,134,0,3,204,60,261,262,"(19, 60, 173, 204)","(19, 262, 134, 261)"
2330104.jpg,sitting on,table,82,291,246,178,clock,192,175,113,324,1,3,469,328,499,305,"(246, 328, 178, 469)","(113, 305, 324, 499)"
2392636.jpg,sitting on,table,20,29,157,93,lamp,53,40,116,88,1,3,122,177,128,169,"(157, 177, 93, 122)","(116, 169, 88, 128)"
2339224.jpg,sitting on,ground,484,362,12,9,person,165,92,89,254,1,3,371,496,346,254,"(12, 496, 9, 371)","(89, 254, 254, 346)"
2322220.jpg,lying on,bed,398,496,1,3,dog,305,413,35,59,0,3,499,399,472,340,"(1, 399, 3, 499)","(35, 340, 59, 472)"
2359288.jpg,wearing,carrier,149,129,182,202,woman,229,185,101,164,0,3,331,331,349,330,"(182, 331, 202, 331)","(101, 330, 164, 349)"
2379062.jpg,wearing,coat,159,77,64,402,woman,305,80,30,401,0,3,479,223,481,335,"(64, 223, 402, 479)","(30, 335, 401, 481)"
2380870.jpg,sitting on,bed,66,179,164,249,pillow,24,42,142,283,1,3,428,230,325,166,"(164, 230, 249, 428)","(142, 166, 283, 325)"
2405447.jpg,sitting on,tracks,90,234,284,1,train,208,316,97,125,1,3,235,374,441,305,"(284, 374, 1, 235)","(97, 305, 125, 441)"
2411182.jpg,wearing,hat,7,8,87,440,woman,56,24,85,430,0,3,448,94,454,141,"(87, 94, 440, 448)","(85, 141, 430, 454)"
2315845.jpg,wearing,sandal,30,45,403,42,boy,260,123,170,19,0,3,87,433,142,430,"(403, 433, 42, 87)","(170, 430, 19, 142)"
2411858.jpg,using,stove,362,397,60,100,woman,468,342,27,99,0,3,497,422,441,495,"(60, 422, 100, 497)","(27, 495, 99, 441)"
2373403.jpg,wearing,shoe,24,19,199,233,man,167,120,56,189,0,3,252,223,309,223,"(199, 223, 233, 252)","(56, 223, 189, 309)"
2332297.jpg,sitting on,floor,392,497,0,1,book,35,71,24,178,1,3,498,392,249,59,"(0, 392, 1, 498)","(24, 59, 178, 249)"
2355516.jpg,sitting on,shelf,155,116,1,379,book,18,86,23,412,1,3,495,156,498,41,"(1, 156, 379, 495)","(23, 41, 412, 498)"
2361481.jpg,wearing,pants,34,35,242,101,man,72,36,202,59,0,3,136,276,95,274,"(242, 276, 101, 136)","(202, 274, 59, 95)"
2384229.jpg,wearing,glasses,30,45,73,86,man,118,91,38,56,0,3,131,103,147,156,"(73, 103, 86, 131)","(38, 156, 56, 147)"
2367660.jpg,wearing,shirt,62,79,114,94,man,201,142,88,49,0,3,173,176,191,289,"(114, 176, 94, 173)","(88, 289, 49, 191)"
2364858.jpg,sitting on,table,372,183,3,2,sandwich,157,314,108,167,1,3,185,375,481,265,"(3, 375, 2, 185)","(108, 265, 167, 481)"
2354449.jpg,wearing,jeans,79,85,73,281,person,177,153,0,282,0,3,366,152,435,177,"(73, 152, 281, 366)","(0, 177, 282, 435)"
2386659.jpg,sitting on,table,163,354,173,139,phone,27,29,184,238,1,3,493,336,267,211,"(173, 336, 139, 493)","(184, 211, 238, 267)"
2352373.jpg,wearing,jeans,15,10,292,248,person,36,13,271,247,0,3,258,307,260,307,"(292, 307, 248, 258)","(271, 307, 247, 260)"
2391835.jpg,sitting on,grass,264,361,233,2,person,21,20,227,256,1,3,363,497,276,248,"(233, 497, 2, 363)","(227, 248, 256, 276)"
2404322.jpg,walking on,bank,77,299,158,18,cow,93,92,98,50,0,3,317,235,142,191,"(158, 235, 18, 317)","(98, 191, 50, 142)"
2384942.jpg,painted on,court,495,328,2,1,stripes,42,328,450,1,0,3,329,497,329,492,"(2, 497, 1, 329)","(450, 492, 1, 329)"
2315578.jpg,sitting on,table,250,485,144,3,bowls,160,156,185,140,1,3,488,394,296,345,"(144, 394, 3, 488)","(185, 345, 140, 296)"
2411872.jpg,sitting on,sofa,258,499,95,0,man,347,361,7,138,1,3,499,353,499,354,"(95, 353, 0, 499)","(7, 354, 138, 499)"
2348849.jpg,sitting on,bench,235,382,76,93,man,286,227,30,45,1,3,475,311,272,316,"(76, 311, 93, 475)","(30, 316, 45, 272)"
2351057.jpg,sitting on,plate,137,260,53,16,pizza,136,245,45,14,1,3,276,190,259,181,"(53, 190, 16, 276)","(45, 181, 14, 259)"
2317016.jpg,wearing,sweater,141,143,211,102,he,283,127,179,112,0,3,245,352,239,462,"(211, 352, 102, 245)","(179, 462, 112, 239)"
2326762.jpg,wearing,shirt,174,100,27,12,man,300,167,47,6,0,3,112,201,173,347,"(27, 201, 12, 112)","(47, 347, 6, 173)"
2357733.jpg,covering,cat,272,425,62,54,blanket,370,498,3,1,0,3,479,334,499,373,"(62, 334, 54, 479)","(3, 373, 1, 499)"
2371366.jpg,flying in,air,332,497,0,1,kite,17,22,60,84,0,3,498,332,106,77,"(0, 332, 1, 498)","(60, 77, 84, 106)"
2381418.jpg,wearing,uniform,139,139,103,154,man,247,303,59,52,0,3,293,242,355,306,"(103, 242, 154, 293)","(59, 306, 52, 355)"
2372630.jpg,sitting on,plate,194,408,176,57,cake,306,332,7,99,1,3,465,370,431,313,"(176, 370, 57, 465)","(7, 313, 99, 431)"
2381150.jpg,sitting on,pan,129,417,216,42,cake,299,450,32,15,1,3,459,345,465,331,"(216, 345, 42, 459)","(32, 331, 15, 465)"
2369994.jpg,sitting on,sidewalk,41,118,146,381,girl,55,53,130,440,1,3,499,187,493,185,"(146, 187, 381, 499)","(130, 185, 440, 493)"
2343084.jpg,wearing,shirt,130,212,208,74,man,234,240,95,54,0,3,286,338,294,329,"(208, 338, 74, 286)","(95, 329, 54, 294)"
2342487.jpg,wearing,shirt,135,100,19,201,person,275,212,22,22,0,3,301,154,234,297,"(19, 154, 201, 301)","(22, 297, 22, 234)"
2405120.jpg,sitting on,table,167,267,178,232,can,29,23,176,335,1,3,499,345,358,205,"(178, 345, 232, 499)","(176, 205, 335, 358)"
2380495.jpg,sitting on,couch,196,322,197,8,pillow,66,70,235,260,1,3,330,393,330,301,"(197, 393, 8, 330)","(235, 301, 260, 330)"
2335891.jpg,sitting on,table,328,371,167,0,orange,79,103,136,92,1,3,371,495,195,215,"(167, 495, 0, 371)","(136, 215, 92, 195)"
2319945.jpg,wearing,pants,106,58,246,286,woman,260,88,120,269,0,3,344,352,357,380,"(246, 352, 286, 344)","(120, 380, 269, 357)"
2361876.jpg,sitting on,couch,195,292,95,185,children,272,273,101,105,1,3,477,290,378,373,"(95, 290, 185, 477)","(101, 373, 105, 378)"
2333428.jpg,sitting on,steps,43,190,160,301,children,89,169,102,330,1,3,491,203,499,191,"(160, 203, 301, 491)","(102, 191, 330, 499)"
2396603.jpg,wearing,t-shirt,29,30,247,108,man,78,30,238,111,0,3,138,276,141,316,"(247, 276, 108, 138)","(238, 316, 111, 141)"
2322178.jpg,wearing,glasses,7,24,95,380,groom,253,66,78,373,0,3,404,102,439,331,"(95, 102, 380, 404)","(78, 331, 373, 439)"
2350059.jpg,watching,man,114,40,114,22,man,76,37,113,117,0,3,62,228,154,189,"(114, 228, 22, 62)","(113, 189, 117, 154)"
2394640.jpg,wearing,hat,15,25,117,326,fisherman,91,35,119,315,0,3,351,132,350,210,"(117, 132, 326, 351)","(119, 210, 315, 350)"
2325224.jpg,sitting on,branch,464,93,32,126,bird,206,127,171,101,1,3,219,496,228,377,"(32, 496, 126, 219)","(171, 377, 101, 228)"
2341883.jpg,growing on,tracks,48,75,230,261,grass,64,336,212,149,0,3,336,278,485,276,"(230, 278, 261, 336)","(212, 276, 149, 485)"
2341315.jpg,wearing,gloves,33,32,352,291,boy,227,179,163,279,0,3,323,385,458,390,"(352, 385, 291, 323)","(163, 390, 279, 458)"
2356644.jpg,covering,person,65,55,58,391,blanket,141,113,109,385,0,3,446,123,498,250,"(58, 123, 391, 446)","(109, 250, 385, 498)"
2400598.jpg,wearing,helmets,37,114,88,2,bikers,170,146,88,5,0,3,116,125,151,258,"(88, 125, 2, 116)","(88, 258, 5, 151)"
2377326.jpg,wearing,shirt,62,110,111,128,ma,284,146,30,118,0,3,238,173,264,314,"(111, 173, 128, 238)","(30, 314, 118, 264)"
2348394.jpg,wearing,shorts,31,27,230,323,man,142,56,165,303,0,3,350,261,359,307,"(230, 261, 323, 350)","(165, 307, 303, 359)"
2387280.jpg,sitting on,bed,206,354,127,145,girl,202,190,68,43,1,3,499,333,233,270,"(127, 333, 145, 499)","(68, 270, 43, 233)"
2356644.jpg,covering,person,92,71,40,360,blanket,141,113,109,385,0,3,431,132,498,250,"(40, 132, 360, 431)","(109, 250, 385, 498)"
2386321.jpg,wearing,pants,153,132,51,211,man,178,260,28,172,0,3,343,204,432,206,"(51, 204, 211, 343)","(28, 206, 172, 432)"
2363456.jpg,covering,building,426,373,70,1,roof,96,362,252,1,0,3,374,496,363,348,"(70, 496, 1, 374)","(252, 348, 1, 363)"
2367681.jpg,carrying,boot,34,20,179,163,woman,260,81,33,105,0,3,183,213,186,293,"(179, 213, 163, 183)","(33, 293, 105, 186)"
2413280.jpg,eating,cereal,9,26,247,242,boy,300,133,64,78,0,3,268,256,211,364,"(247, 256, 242, 268)","(64, 364, 78, 211)"
2366746.jpg,sitting on,beach,110,497,221,1,person,28,25,201,235,1,3,498,331,260,229,"(221, 331, 1, 498)","(201, 229, 235, 260)"
2398497.jpg,sitting on,stand,86,123,35,44,tv,38,65,1,67,1,3,167,121,132,39,"(35, 121, 44, 167)","(1, 39, 67, 132)"
2361859.jpg,wearing,socks,103,114,388,154,man,425,180,74,123,0,3,268,491,303,499,"(388, 491, 154, 268)","(74, 499, 123, 303)"
2359619.jpg,walking on,grass,289,497,81,2,zebra,75,76,150,111,0,3,499,370,187,225,"(81, 370, 2, 499)","(150, 225, 111, 187)"
2344711.jpg,sitting on,bench,239,358,255,12,man,332,147,168,208,1,3,370,494,355,500,"(255, 494, 12, 370)","(168, 500, 208, 355)"
2391390.jpg,sitting on,toilet,215,68,104,269,cat,110,102,163,238,1,3,337,319,340,273,"(104, 319, 269, 337)","(163, 273, 238, 340)"
2356099.jpg,sitting on,shelf,8,47,137,235,book,32,6,110,249,1,3,282,145,255,142,"(137, 145, 235, 282)","(110, 142, 249, 255)"
2402197.jpg,sitting on,bench,50,153,166,344,person,123,76,111,388,1,3,497,216,464,234,"(166, 216, 344, 497)","(111, 234, 388, 464)"
2363727.jpg,sitting on,cow,162,315,86,130,cow,91,215,197,33,1,3,445,248,248,288,"(86, 248, 130, 445)","(197, 288, 33, 248)"
2399003.jpg,flying in,sky,169,495,4,4,kite,14,17,74,53,0,3,499,173,70,88,"(4, 173, 4, 499)","(74, 88, 53, 70)"
2362225.jpg,wearing,jacket,249,95,250,405,child,289,97,211,403,0,3,500,499,500,500,"(250, 499, 405, 500)","(211, 500, 403, 500)"
2355108.jpg,wearing,shorts,47,35,189,113,boy,174,56,99,112,0,3,148,236,168,273,"(189, 236, 113, 148)","(99, 273, 112, 168)"
2377891.jpg,sitting on,elephant,205,287,149,56,people,127,95,87,208,1,3,343,354,303,214,"(149, 354, 56, 343)","(87, 214, 208, 303)"
1592989.jpg,wearing,jacket,100,96,327,151,person,245,94,290,153,0,3,247,427,247,535,"(327, 427, 151, 247)","(290, 535, 153, 247)"
2407712.jpg,sitting on,curb,62,498,213,1,man,73,40,208,72,1,3,499,275,112,281,"(213, 275, 1, 499)","(208, 281, 72, 112)"
2375387.jpg,sitting on,bench,80,148,179,13,person,109,50,148,8,1,3,161,259,58,257,"(179, 259, 13, 161)","(148, 257, 8, 58)"
2361994.jpg,sitting on,bench,183,332,194,81,cats,107,260,166,141,1,3,413,377,401,273,"(194, 377, 81, 413)","(166, 273, 141, 401)"
2345928.jpg,sitting on,ground,334,370,165,1,kite,108,165,334,197,1,3,371,499,362,442,"(165, 499, 1, 371)","(334, 442, 197, 362)"
2401575.jpg,sitting on,ground,76,498,296,1,bench,136,288,236,135,1,3,499,372,423,372,"(296, 372, 1, 499)","(236, 372, 135, 423)"
2380655.jpg,sitting on,shelf,44,52,92,0,book,62,31,44,0,1,3,52,136,31,106,"(92, 136, 0, 52)","(44, 106, 0, 31)"
1593005.jpg,sitting on,snow,437,1009,136,13,skis,29,336,517,27,1,3,1022,573,363,546,"(136, 573, 13, 1022)","(517, 546, 27, 363)"
2380094.jpg,sitting on,bar,185,335,119,107,basket,22,40,185,351,1,3,442,304,391,207,"(119, 304, 107, 442)","(185, 207, 351, 391)"
2325344.jpg,painted on,road,142,185,181,0,line,96,70,227,0,0,3,185,323,70,323,"(181, 323, 0, 185)","(227, 323, 0, 70)"
2416335.jpg,wearing,sock,18,22,290,305,man,331,127,20,288,0,3,327,308,415,351,"(290, 308, 305, 327)","(20, 351, 288, 415)"
2333103.jpg,sitting on,tracks,19,92,309,367,locomotive,304,462,28,0,1,3,459,328,462,332,"(309, 328, 367, 459)","(28, 332, 0, 462)"
2320460.jpg,sitting on,shelf,21,36,126,338,book,58,12,75,343,1,3,374,147,355,133,"(126, 147, 338, 374)","(75, 133, 343, 355)"
1160194.jpg,sitting on,bench,215,362,311,232,man,260,166,264,267,1,3,594,526,433,524,"(311, 526, 232, 594)","(264, 524, 267, 433)"
2395268.jpg,sitting on,sink,128,240,163,102,sponge,25,35,188,276,1,3,342,291,311,213,"(163, 291, 102, 342)","(188, 213, 276, 311)"
2411330.jpg,riding,waves,87,464,108,34,surfer,79,65,121,196,0,3,498,195,261,200,"(108, 195, 34, 498)","(121, 200, 196, 261)"
2383726.jpg,wearing,uniform,96,91,199,157,catcher,116,104,181,154,0,3,248,295,258,297,"(199, 295, 157, 248)","(181, 297, 154, 258)"
2415868.jpg,wearing,shoes,77,173,349,111,man,249,186,185,80,0,3,284,426,266,434,"(349, 426, 111, 284)","(185, 434, 80, 266)"
2384992.jpg,wearing,glasses,8,20,275,249,man,160,74,266,228,0,3,269,283,302,426,"(275, 283, 249, 269)","(266, 426, 228, 302)"
2320439.jpg,sitting on,shelf,122,384,246,116,books,201,387,145,113,1,3,500,368,500,346,"(246, 368, 116, 500)","(145, 346, 113, 500)"
2342450.jpg,standing on,tables,124,401,176,67,umbrella,87,432,52,44,0,3,468,300,476,139,"(176, 300, 67, 468)","(52, 139, 44, 476)"
2351144.jpg,wearing,pants,126,200,195,132,woman,263,233,69,118,0,3,332,321,351,332,"(195, 321, 132, 332)","(69, 332, 118, 351)"
2352779.jpg,sitting on,bench,74,61,144,243,bag,91,74,138,166,1,3,304,218,240,229,"(144, 218, 243, 304)","(138, 229, 166, 240)"
2354285.jpg,sitting on,blanket,125,498,155,0,dog,171,83,99,209,1,3,498,280,292,270,"(155, 280, 0, 498)","(99, 270, 209, 292)"
2392470.jpg,sitting on,ground,183,498,188,1,people,66,97,194,219,1,3,499,371,316,260,"(188, 371, 1, 499)","(194, 260, 219, 316)"
2367611.jpg,wearing,shirt,212,221,287,186,man,326,321,173,136,0,3,407,499,457,499,"(287, 499, 186, 407)","(173, 499, 136, 457)"
2333992.jpg,wearing,shorts,30,49,197,182,man,102,73,149,180,0,3,231,227,253,251,"(197, 227, 182, 231)","(149, 251, 180, 253)"
2409779.jpg,sitting on,sidewalk,224,229,175,0,man,90,64,149,200,1,3,229,399,264,239,"(175, 399, 0, 229)","(149, 239, 200, 264)"
2372877.jpg,wearing,gloves,37,94,154,207,girl,82,96,23,198,0,3,301,191,294,105,"(154, 191, 207, 301)","(23, 105, 198, 294)"
2318755.jpg,sitting on,bench,15,121,37,77,person,27,19,18,143,1,3,198,52,162,45,"(37, 52, 77, 198)","(18, 45, 143, 162)"
2320643.jpg,painted on,airplane,145,465,97,17,stripe,10,53,115,106,0,3,482,242,159,125,"(97, 242, 17, 482)","(115, 125, 106, 159)"
2324997.jpg,sitting on,desk,87,496,244,2,printer,125,137,145,361,1,3,498,331,498,270,"(244, 331, 2, 498)","(145, 270, 361, 498)"
2384111.jpg,sitting on,bench,119,283,255,216,woman,189,154,185,175,1,3,499,374,329,374,"(255, 374, 216, 499)","(185, 374, 175, 329)"
2414317.jpg,sitting on,bench,220,496,162,2,woman,429,183,6,304,1,3,498,382,487,435,"(162, 382, 2, 498)","(6, 435, 304, 487)"
2357822.jpg,wearing,cap,22,10,153,227,man,61,31,155,214,0,3,237,175,245,216,"(153, 175, 227, 237)","(155, 216, 214, 245)"
2327393.jpg,riding,bicycle,108,54,168,316,person,150,72,108,306,0,3,370,276,378,258,"(168, 276, 316, 370)","(108, 258, 306, 378)"
2356030.jpg,sitting on,building,233,315,26,185,bird,9,8,69,384,1,3,500,259,392,78,"(26, 259, 185, 500)","(69, 78, 384, 392)"
2396645.jpg,sitting on,shelf,88,45,211,235,hats,110,38,109,242,1,3,280,299,280,219,"(211, 299, 235, 280)","(109, 219, 242, 280)"
2395303.jpg,wearing,stockings,169,94,297,66,lady,450,267,2,15,0,3,160,466,282,452,"(297, 466, 66, 160)","(2, 452, 15, 282)"
2376085.jpg,wearing,hat,17,18,397,303,person,109,40,390,285,0,3,321,414,325,499,"(397, 414, 303, 321)","(390, 499, 285, 325)"
2371600.jpg,covering,floor,383,500,116,0,tile,380,499,116,0,0,3,500,499,499,496,"(116, 499, 0, 500)","(116, 496, 0, 499)"
2409662.jpg,wearing,backpack,210,70,137,261,man,495,115,1,213,0,3,331,347,328,496,"(137, 347, 261, 331)","(1, 496, 213, 328)"
2389511.jpg,wearing,shirt,12,10,162,340,man,39,14,154,338,0,3,350,174,352,193,"(162, 174, 340, 350)","(154, 193, 338, 352)"
1591790.jpg,sitting on,bench,299,883,283,124,man,584,376,83,50,1,3,1007,582,426,667,"(283, 582, 124, 1007)","(83, 667, 50, 426)"
2405112.jpg,sitting on,shelf,67,228,29,268,fan,75,54,0,446,1,3,496,96,500,75,"(29, 96, 268, 496)","(0, 75, 446, 500)"
2400434.jpg,hanging from,ceiling,234,263,4,171,knob,35,37,1,42,0,3,434,238,79,36,"(4, 238, 171, 434)","(1, 36, 42, 79)"
2334361.jpg,lying on,jeans,98,146,194,66,cat,124,109,158,103,0,3,212,292,212,282,"(194, 292, 66, 212)","(158, 282, 103, 212)"
2372773.jpg,sitting on,bench,268,324,229,26,bag,53,69,202,193,1,3,350,497,262,255,"(229, 497, 26, 350)","(202, 255, 193, 262)"
2372901.jpg,wearing,helmet,29,36,157,193,catcher,145,91,159,160,0,3,229,186,251,304,"(157, 186, 193, 229)","(159, 304, 160, 251)"
2376883.jpg,sitting on,bench,184,230,60,144,person,224,179,31,146,1,3,374,244,325,255,"(60, 244, 144, 374)","(31, 255, 146, 325)"
2322818.jpg,sitting on,beach,276,492,55,5,man,132,95,109,122,1,3,497,331,217,241,"(55, 331, 5, 497)","(109, 241, 122, 217)"
2401533.jpg,sitting on,grass,183,333,317,0,boy,23,21,356,30,1,3,333,500,51,379,"(317, 500, 0, 333)","(356, 379, 30, 51)"
2351655.jpg,sitting on,branch,220,402,1,2,bird,65,85,56,231,1,3,404,221,316,121,"(1, 221, 2, 404)","(56, 121, 231, 316)"
2383932.jpg,wearing,sandals,53,119,171,333,man,200,170,23,2,0,3,452,224,172,223,"(171, 224, 333, 452)","(23, 223, 2, 172)"
2347169.jpg,wearing,sweater,78,110,85,173,man,175,169,47,49,0,3,283,163,218,222,"(85, 163, 173, 283)","(47, 222, 49, 218)"
2372565.jpg,sitting on,grass,474,498,0,0,bag,27,67,12,198,1,3,498,474,265,39,"(0, 474, 0, 498)","(12, 39, 198, 265)"
2368903.jpg,riding,motorcycle,214,138,96,161,man,202,127,63,172,0,3,299,310,299,265,"(96, 310, 161, 299)","(63, 265, 172, 299)"
2361926.jpg,wearing,hoodie,36,38,88,19,person,222,53,96,6,0,3,57,124,59,318,"(88, 124, 19, 57)","(96, 318, 6, 59)"
2400433.jpg,wearing,top,93,77,61,277,girl,262,139,5,235,0,3,354,154,374,267,"(61, 154, 277, 354)","(5, 267, 235, 374)"
2319734.jpg,wearing,belt,9,69,212,123,man,271,136,103,74,0,3,192,221,210,374,"(212, 221, 123, 192)","(103, 374, 74, 210)"
2376406.jpg,sitting on,floor,332,325,1,0,dog,332,313,1,5,1,3,325,333,318,333,"(1, 333, 0, 325)","(1, 333, 5, 318)"
2355173.jpg,sitting on,counter,22,205,231,269,bottle,48,14,190,317,1,3,474,253,331,238,"(231, 253, 269, 474)","(190, 238, 317, 331)"
2318072.jpg,wearing,cap,30,38,70,181,person,251,91,70,138,0,3,219,100,229,321,"(70, 100, 181, 219)","(70, 321, 138, 229)"
2359983.jpg,wearing,pants,130,256,339,162,woman,302,107,72,208,0,3,418,469,315,374,"(339, 469, 162, 418)","(72, 374, 208, 315)"
2410286.jpg,sitting on,bench,94,234,145,215,man,106,80,59,327,1,3,449,239,407,165,"(145, 239, 215, 449)","(59, 165, 327, 407)"
2378290.jpg,sitting on,bench,85,74,246,372,man,129,66,194,405,1,3,446,331,471,323,"(246, 331, 372, 446)","(194, 323, 405, 471)"
2377864.jpg,wearing,collar,47,70,252,95,dog,251,146,164,43,0,3,165,299,189,415,"(252, 299, 95, 165)","(164, 415, 43, 189)"
2362454.jpg,carrying,bag,49,27,196,115,woman,108,51,146,123,0,3,142,245,174,254,"(196, 245, 115, 142)","(146, 254, 123, 174)"
2363344.jpg,wearing,shirt,11,7,255,77,dad,43,20,245,70,0,3,84,266,90,288,"(255, 266, 77, 84)","(245, 288, 70, 90)"
2379271.jpg,wearing,shirt,190,149,183,6,man,278,185,96,5,0,3,155,373,190,374,"(183, 373, 6, 155)","(96, 374, 5, 190)"
2416061.jpg,using,laptop,67,85,142,133,man,179,157,84,0,0,3,218,209,157,263,"(142, 209, 133, 218)","(84, 263, 0, 157)"
2408647.jpg,sitting on,bag,167,403,31,53,candy,72,119,184,226,1,3,456,198,345,256,"(31, 198, 53, 456)","(184, 256, 226, 345)"
2346173.jpg,sitting on,sidewalk,152,361,346,1,advertisement,103,34,258,343,1,3,362,498,377,361,"(346, 498, 1, 362)","(258, 361, 343, 377)"
2394245.jpg,sitting on,bench,100,306,164,95,man,186,78,86,190,1,3,401,264,268,272,"(164, 264, 95, 401)","(86, 272, 190, 268)"
2400846.jpg,wearing,visor,44,61,48,197,woman,318,242,48,127,0,3,258,92,369,366,"(48, 92, 197, 258)","(48, 366, 127, 369)"
2388542.jpg,wearing,shoes,39,25,326,339,man,240,115,119,280,0,3,364,365,395,359,"(326, 365, 339, 364)","(119, 359, 280, 395)"
2340996.jpg,sitting on,chair,101,55,116,324,person,148,122,40,241,1,3,379,217,363,188,"(116, 217, 324, 379)","(40, 188, 241, 363)"
2411719.jpg,wearing,jacket,161,101,170,149,girl,217,70,114,152,0,3,250,331,222,331,"(170, 331, 149, 250)","(114, 331, 152, 222)"
2413141.jpg,sitting on,table,296,455,33,35,tray,35,50,39,399,1,3,490,329,449,74,"(33, 329, 35, 490)","(39, 74, 399, 449)"
2367366.jpg,wearing,suit,245,168,79,139,man,345,176,3,129,0,3,307,324,305,348,"(79, 324, 139, 307)","(3, 348, 129, 305)"
2379433.jpg,wearing,jeans,168,121,153,95,man,334,161,11,87,0,3,216,321,248,345,"(153, 321, 95, 216)","(11, 345, 87, 248)"
2376005.jpg,painted on,street,106,494,226,5,line,23,196,294,99,0,3,499,332,295,317,"(226, 332, 5, 499)","(294, 317, 99, 295)"
713920.jpg,parked on,street,348,320,411,5,car,188,316,310,3,0,3,325,759,319,498,"(411, 759, 5, 325)","(310, 498, 3, 319)"
2414787.jpg,wearing,shirt,143,76,65,141,man,278,74,20,143,0,3,217,208,217,298,"(65, 208, 141, 217)","(20, 298, 143, 217)"
2386932.jpg,wearing,vest,117,69,255,429,friend,211,154,162,345,0,3,498,372,499,373,"(255, 372, 429, 498)","(162, 373, 345, 499)"
2368908.jpg,wearing,helmet,23,23,202,82,person,84,24,210,84,0,3,105,225,108,294,"(202, 225, 82, 105)","(210, 294, 84, 108)"
2321205.jpg,painted on,table,369,489,2,8,flower,27,45,43,378,0,3,497,371,423,70,"(2, 371, 8, 497)","(43, 70, 378, 423)"
71.jpg,sitting on,desk,108,237,266,198,bowl,21,37,277,306,1,3,435,374,343,298,"(266, 374, 198, 435)","(277, 298, 306, 343)"
2385265.jpg,wearing,jersey,335,285,55,140,man,324,387,56,39,0,3,425,390,426,380,"(55, 390, 140, 425)","(56, 380, 39, 426)"
2395582.jpg,wearing,coat,88,68,173,164,woman,229,77,148,155,0,3,232,261,232,377,"(173, 261, 164, 232)","(148, 377, 155, 232)"
1160208.jpg,carrying,backpack,45,54,447,281,people,29,125,462,652,0,3,335,492,777,491,"(447, 492, 281, 335)","(462, 491, 652, 777)"
2363671.jpg,using,cellphone,19,15,142,205,woman,240,77,85,171,0,3,220,161,248,325,"(142, 161, 205, 220)","(85, 325, 171, 248)"
2355588.jpg,sitting on,box,128,163,242,238,bear,202,120,78,257,1,3,401,370,377,280,"(242, 370, 238, 401)","(78, 280, 257, 377)"
2405143.jpg,wearing,wetsuit,10,4,267,302,man,27,18,257,292,0,3,306,277,310,284,"(267, 277, 302, 306)","(257, 284, 292, 310)"
2393252.jpg,wearing,shoes,19,39,366,48,woman,214,62,172,36,0,3,87,385,98,386,"(366, 385, 48, 87)","(172, 386, 36, 98)"
2380515.jpg,wearing,jacket,43,51,2,117,woman,269,111,34,116,0,3,168,45,227,303,"(2, 45, 117, 168)","(34, 303, 116, 227)"
2374709.jpg,painted on,street,86,497,206,3,line,31,81,262,268,0,3,500,292,349,293,"(206, 292, 3, 500)","(262, 293, 268, 349)"
2356099.jpg,sitting on,shelf,13,46,228,233,book,35,6,201,255,1,3,279,241,261,236,"(228, 241, 233, 279)","(201, 236, 255, 261)"
2402400.jpg,sitting on,pan,179,239,280,0,pizza,163,219,295,0,1,3,239,459,219,458,"(280, 459, 0, 239)","(295, 458, 0, 219)"
2369988.jpg,eating,grass,19,33,192,265,animal,143,160,50,239,0,3,298,211,399,193,"(192, 211, 265, 298)","(50, 193, 239, 399)"
2380135.jpg,sitting on,plate,301,500,74,0,donut,191,210,125,63,1,3,500,375,273,316,"(74, 375, 0, 500)","(125, 316, 63, 273)"
2395433.jpg,sitting on,desk,106,440,267,12,speaker,118,79,182,285,1,3,452,373,364,300,"(267, 373, 12, 452)","(182, 300, 285, 364)"
2389780.jpg,sitting on,holder,298,327,50,8,container,100,127,156,145,1,3,335,348,272,256,"(50, 348, 8, 335)","(156, 256, 145, 272)"
2393602.jpg,wearing,jacket,94,21,229,288,woman,254,149,120,277,0,3,309,323,426,374,"(229, 323, 288, 309)","(120, 374, 277, 426)"
2408376.jpg,wearing,hat,133,163,52,336,dog,262,149,102,345,0,3,499,185,494,364,"(52, 185, 336, 499)","(102, 364, 345, 494)"
2395522.jpg,wearing,shirt,142,77,216,4,woman,201,92,131,4,0,3,81,358,96,332,"(216, 358, 4, 81)","(131, 332, 4, 96)"
2405300.jpg,covering,mountains,87,499,42,1,snow,76,499,111,1,0,3,500,129,500,187,"(42, 129, 1, 500)","(111, 187, 1, 500)"
2328850.jpg,sitting on,steps,80,496,67,3,men,35,45,79,296,1,3,499,147,341,114,"(67, 147, 3, 499)","(79, 114, 296, 341)"
2344109.jpg,wearing,boot,70,40,74,145,woman,155,112,1,77,0,3,185,144,189,156,"(74, 144, 145, 185)","(1, 156, 77, 189)"
2374915.jpg,sitting on,grass,72,492,256,1,legs,32,99,259,159,1,3,493,328,258,291,"(256, 328, 1, 493)","(259, 291, 159, 258)"
2416141.jpg,sitting on,classroom,479,474,11,13,people,81,431,404,16,1,3,487,490,447,485,"(11, 490, 13, 487)","(404, 485, 16, 447)"
2405687.jpg,sitting on,grass,93,148,160,81,person,24,23,192,152,1,3,229,253,175,216,"(160, 253, 81, 229)","(192, 216, 152, 175)"
2353838.jpg,sitting on,bus,134,287,105,78,people,28,112,132,183,1,3,365,239,295,160,"(105, 239, 78, 365)","(132, 160, 183, 295)"
2384077.jpg,parked on,street,84,251,243,24,car,52,56,227,275,0,3,275,327,331,279,"(243, 327, 24, 275)","(227, 279, 275, 331)"
2375426.jpg,wearing,shirt,138,122,77,182,guy,363,145,21,170,0,3,304,215,315,384,"(77, 215, 182, 304)","(21, 384, 170, 315)"
2404183.jpg,wearing,shorts,34,28,205,256,man,195,104,127,211,0,3,284,239,315,322,"(205, 239, 256, 284)","(127, 322, 211, 315)"
2408599.jpg,wearing,cloths,96,48,130,120,skater,169,112,100,73,0,3,168,226,185,269,"(130, 226, 120, 168)","(100, 269, 73, 185)"
2348229.jpg,sitting on,piano,160,228,178,9,vase,68,36,130,39,1,3,237,338,75,198,"(178, 338, 9, 237)","(130, 198, 39, 75)"
1159305.jpg,wearing,shirt,22,13,355,179,person,52,29,349,170,0,3,192,377,199,401,"(355, 377, 179, 192)","(349, 401, 170, 199)"
2406038.jpg,riding,wave,219,411,197,1,surfer,165,138,32,133,0,3,412,416,271,197,"(197, 416, 1, 412)","(32, 197, 133, 271)"
2343359.jpg,wearing,belt,44,72,244,245,guy,241,366,89,105,0,3,317,288,471,330,"(244, 288, 245, 317)","(89, 330, 105, 471)"
2356099.jpg,sitting on,shelf,49,43,138,146,books,34,4,149,156,1,3,189,187,160,183,"(138, 187, 146, 189)","(149, 183, 156, 160)"
2390855.jpg,sitting on,rock,288,498,44,0,bear,237,189,24,21,1,3,498,332,210,261,"(44, 332, 0, 498)","(24, 261, 21, 210)"
2387937.jpg,sitting on,ground,183,499,191,0,cat,131,208,185,202,1,3,499,374,410,316,"(191, 374, 0, 499)","(185, 316, 202, 410)"
2370025.jpg,sitting on,bench,228,246,110,85,pigeon,50,45,74,252,1,3,331,338,297,124,"(110, 338, 85, 331)","(74, 124, 252, 297)"
2329627.jpg,sitting on,desk,50,116,90,381,lamp,84,40,47,437,1,3,497,140,477,131,"(90, 140, 381, 497)","(47, 131, 437, 477)"
2404.jpg,painted on,road,43,40,471,389,line,33,123,433,527,0,3,429,514,650,466,"(471, 514, 389, 429)","(433, 466, 527, 650)"
2398911.jpg,growing on,tree,149,153,1,1,leaf,3,2,66,56,0,3,154,150,58,69,"(1, 150, 1, 154)","(66, 69, 56, 58)"
2325611.jpg,sitting on,fence,37,145,102,27,men,23,26,87,177,1,3,172,139,203,110,"(102, 139, 27, 172)","(87, 110, 177, 203)"
2358489.jpg,sitting on,table,178,194,320,179,lemon,51,32,418,342,1,3,373,498,374,469,"(320, 498, 179, 373)","(418, 469, 342, 374)"
2379576.jpg,wearing,hat,18,11,113,272,man,63,70,99,256,0,3,283,131,326,162,"(113, 131, 272, 283)","(99, 162, 256, 326)"
2365918.jpg,wearing,shorts,75,71,235,204,man,349,188,75,124,0,3,275,310,312,424,"(235, 310, 204, 275)","(75, 424, 124, 312)"
2370109.jpg,sitting on,leaf,138,104,52,102,watch,109,104,93,203,1,3,206,190,307,202,"(52, 190, 102, 206)","(93, 202, 203, 307)"
286033.jpg,sitting on,shelf,78,161,412,94,stereo,197,217,252,226,1,3,255,490,443,449,"(412, 490, 94, 255)","(252, 449, 226, 443)"
2380604.jpg,sitting on,floor,234,342,97,157,puppy,62,60,207,237,1,3,499,331,297,269,"(97, 331, 157, 499)","(207, 269, 237, 297)"
2324079.jpg,sitting on,bed,400,328,93,1,woman,401,262,99,63,1,3,329,493,325,500,"(93, 493, 1, 329)","(99, 500, 63, 325)"
2404351.jpg,sitting on,ground,238,332,258,0,flower,34,32,379,88,1,3,332,496,120,413,"(258, 496, 0, 332)","(379, 413, 88, 120)"
2377289.jpg,wearing,black,75,72,185,182,man,148,108,156,170,0,3,254,260,278,304,"(185, 260, 182, 254)","(156, 304, 170, 278)"
2405673.jpg,wearing,jacket,246,197,160,74,woman,382,233,85,34,0,3,271,406,267,467,"(160, 406, 74, 271)","(85, 467, 34, 267)"
2356256.jpg,sitting on,sidewalk,300,284,33,214,sign,140,105,192,25,1,3,498,333,130,332,"(33, 333, 214, 498)","(192, 332, 25, 130)"
2363982.jpg,sitting on,ground,154,499,221,0,person,28,33,244,129,1,3,499,375,162,272,"(221, 375, 0, 499)","(244, 272, 129, 162)"
2390994.jpg,sitting on,sink,79,45,288,318,soap,34,21,277,341,1,3,363,367,362,311,"(288, 367, 318, 363)","(277, 311, 341, 362)"
2375312.jpg,sitting on,desk,176,498,196,1,papers,78,115,221,24,1,3,499,372,139,299,"(196, 372, 1, 499)","(221, 299, 24, 139)"
2392617.jpg,sitting on,table,373,499,1,0,napkin,103,339,270,52,1,3,499,374,391,373,"(1, 374, 0, 499)","(270, 373, 52, 391)"
1592620.jpg,wearing,shirt,440,472,229,544,man,637,472,32,544,0,3,1016,669,1016,669,"(229, 669, 544, 1016)","(32, 669, 544, 1016)"
2362804.jpg,sitting on,bank,32,77,229,326,dog,138,125,132,363,1,3,403,261,488,270,"(229, 261, 326, 403)","(132, 270, 363, 488)"
2404029.jpg,wearing,hat,24,32,156,323,man,233,120,115,304,0,3,355,180,424,348,"(156, 180, 323, 355)","(115, 348, 304, 424)"
2391564.jpg,sitting on,bench,30,76,247,420,man,87,58,219,435,1,3,496,277,493,306,"(247, 277, 420, 496)","(219, 306, 435, 493)"
2386400.jpg,sitting on,bench,74,116,74,148,woman,129,56,35,303,1,3,264,148,359,164,"(74, 148, 148, 264)","(35, 164, 303, 359)"
2406469.jpg,wearing,shirt,20,21,176,87,catcher,47,32,167,88,0,3,108,196,120,214,"(176, 196, 87, 108)","(167, 214, 88, 120)"
2347736.jpg,wearing,tie,138,37,207,96,man,278,165,86,1,0,3,133,345,166,364,"(207, 345, 96, 133)","(86, 364, 1, 166)"
2363213.jpg,sitting on,bench,51,87,19,137,person,60,44,2,197,1,3,224,70,241,62,"(19, 70, 137, 224)","(2, 62, 197, 241)"
2404945.jpg,wearing,hat,12,25,272,330,man,187,42,263,306,0,3,355,284,348,450,"(272, 284, 330, 355)","(263, 450, 306, 348)"
2348486.jpg,wearing,shirt,95,117,157,159,man,238,231,127,100,0,3,276,252,331,365,"(157, 252, 159, 276)","(127, 365, 100, 331)"
2409620.jpg,sitting on,plate,431,488,60,8,pickle,61,53,220,93,1,3,496,491,146,281,"(60, 491, 8, 496)","(220, 281, 93, 146)"
2362649.jpg,sitting on,table,89,206,260,199,glass,80,30,223,321,1,3,405,349,351,303,"(260, 349, 199, 405)","(223, 303, 321, 351)"
2330862.jpg,sitting on,bed,100,176,38,0,cat,47,54,37,53,1,3,176,138,107,84,"(38, 138, 0, 176)","(37, 84, 53, 107)"
2409385.jpg,carrying,bag,118,60,212,318,woman,273,118,52,254,0,3,378,330,372,325,"(212, 330, 318, 378)","(52, 325, 254, 372)"
2342967.jpg,wearing,socks,24,59,228,163,man,157,102,103,292,0,3,222,252,394,260,"(228, 252, 163, 222)","(103, 260, 292, 394)"
2387020.jpg,sitting on,curb,39,165,192,0,person,76,52,159,108,1,3,165,231,160,235,"(192, 231, 0, 165)","(159, 235, 108, 160)"
2377686.jpg,sitting on,ground,68,88,318,383,buckets,48,27,315,471,1,3,471,386,498,363,"(318, 386, 383, 471)","(315, 363, 471, 498)"
2397069.jpg,sitting on,counter,103,228,166,272,food,8,24,164,422,1,3,500,269,446,172,"(166, 269, 272, 500)","(164, 172, 422, 446)"
2379742.jpg,wearing,skirt,34,43,223,160,woman,162,134,169,108,0,3,203,257,242,331,"(223, 257, 160, 203)","(169, 331, 108, 242)"
2355690.jpg,sitting on,chair,112,156,180,120,guy,143,101,136,201,1,3,276,292,302,279,"(180, 292, 120, 276)","(136, 279, 201, 302)"
2357170.jpg,sitting on,table,262,496,36,1,spoon,89,86,185,36,1,3,497,298,122,274,"(36, 298, 1, 497)","(185, 274, 36, 122)"
2365934.jpg,sitting on,plate,57,67,415,148,glass,113,129,312,36,1,3,215,472,165,425,"(415, 472, 148, 215)","(312, 425, 36, 165)"
2320227.jpg,wearing,shorts,27,66,1,148,person,87,72,1,145,0,3,214,28,217,88,"(1, 28, 148, 214)","(1, 88, 145, 217)"
2389372.jpg,sitting on,floor,140,271,234,215,tv,84,77,208,329,1,3,486,374,406,292,"(234, 374, 215, 486)","(208, 292, 329, 406)"
2409206.jpg,wearing,shoes,41,324,361,165,umpire,39,323,363,159,0,3,489,402,482,402,"(361, 402, 165, 489)","(363, 402, 159, 482)"
2401075.jpg,sitting on,bus,284,308,62,41,driver,32,19,215,196,1,3,349,346,215,247,"(62, 346, 41, 349)","(215, 247, 196, 215)"
2413971.jpg,standing on,bicycle,183,103,208,132,man,220,69,84,152,0,3,235,391,221,304,"(208, 391, 132, 235)","(84, 304, 152, 221)"
2413537.jpg,wearing,sweater,227,110,1,13,person,258,244,0,13,0,3,123,228,257,258,"(1, 228, 13, 123)","(0, 258, 13, 257)"
2372204.jpg,covering,sky,158,497,2,1,clouds,146,497,2,1,0,3,498,160,498,148,"(2, 160, 1, 498)","(2, 148, 1, 498)"
2416142.jpg,sitting on,grate,51,100,24,151,cone,24,58,17,149,1,3,251,75,207,41,"(24, 75, 151, 251)","(17, 41, 149, 207)"
2417825.jpg,sitting on,rocks,18,447,130,0,person,17,12,116,323,1,3,447,148,335,133,"(130, 148, 0, 447)","(116, 133, 323, 335)"
2363152.jpg,sitting on,seat,85,277,393,6,cat,183,228,271,75,1,3,283,478,303,454,"(393, 478, 6, 283)","(271, 454, 75, 303)"
2321761.jpg,covering,ground,251,438,88,46,snow,210,441,160,4,0,3,484,339,445,370,"(88, 339, 46, 484)","(160, 370, 4, 445)"
2331300.jpg,wearing,necklace,76,61,180,285,woman,330,230,40,212,0,3,346,256,442,370,"(180, 256, 285, 346)","(40, 370, 212, 442)"
2347399.jpg,sitting on,cobblestone,15,17,268,224,chair,203,107,126,114,1,3,241,283,221,329,"(268, 283, 224, 241)","(126, 329, 114, 221)"
2343456.jpg,sitting on,elephant,178,96,80,371,man,57,32,63,404,1,3,467,258,436,120,"(80, 258, 371, 467)","(63, 120, 404, 436)"
2409188.jpg,sitting on,chair,76,64,207,393,man,89,82,191,400,1,3,457,283,482,280,"(207, 283, 393, 457)","(191, 280, 400, 482)"
713374.jpg,sitting on,desk,695,1273,261,5,headphones,160,202,491,291,1,3,1278,956,493,651,"(261, 956, 5, 1278)","(491, 651, 291, 493)"
2414826.jpg,wearing,hat,54,74,119,400,man,212,95,120,405,0,3,474,173,500,332,"(119, 173, 400, 474)","(120, 332, 405, 500)"
2398448.jpg,sitting on,stump,259,276,241,96,laptop,163,202,141,136,1,3,372,500,338,304,"(241, 500, 96, 372)","(141, 304, 136, 338)"
2317930.jpg,watching,tennis,116,78,115,210,person,29,33,24,7,0,3,288,231,40,53,"(115, 231, 210, 288)","(24, 53, 7, 40)"
2348243.jpg,wearing,hat,12,22,112,103,man,75,42,115,91,0,3,125,124,133,190,"(112, 124, 103, 125)","(115, 190, 91, 133)"
2337206.jpg,sitting on,boat,32,442,177,6,man,54,33,137,16,1,3,448,209,49,191,"(177, 209, 6, 448)","(137, 191, 16, 49)"
2406346.jpg,wearing,top,60,42,181,110,man,132,84,173,86,0,3,152,241,170,305,"(181, 241, 110, 152)","(173, 305, 86, 170)"
2397554.jpg,wearing,white,20,5,164,138,rider,43,24,160,134,0,3,143,184,158,203,"(164, 184, 138, 143)","(160, 203, 134, 158)"
2356899.jpg,painted on,wall,171,492,1,6,graffiti,142,469,26,29,0,3,498,172,498,168,"(1, 172, 6, 498)","(26, 168, 29, 498)"
547.jpg,sitting on,shelf,19,78,92,427,book,24,8,75,491,1,3,505,111,499,99,"(92, 111, 427, 505)","(75, 99, 491, 499)"
2405775.jpg,wearing,glasses,12,24,167,133,woman,56,23,148,132,0,3,157,179,155,204,"(167, 179, 133, 157)","(148, 204, 132, 155)"
713875.jpg,wearing,shirt,460,319,416,32,woman,844,504,178,32,0,3,351,876,536,1022,"(416, 876, 32, 351)","(178, 1022, 32, 536)"
2320973.jpg,carrying,snowboard,29,17,58,190,man,53,61,32,180,0,3,207,87,241,85,"(58, 87, 190, 207)","(32, 85, 180, 241)"
2380281.jpg,wearing,helmet,13,17,174,195,catcher,48,45,196,96,0,3,212,187,141,244,"(174, 187, 195, 212)","(196, 244, 96, 141)"
2389925.jpg,wearing,shirt,253,240,171,92,man,421,315,78,17,0,3,332,424,332,499,"(171, 424, 92, 332)","(78, 499, 17, 332)"
2396521.jpg,wearing,jacket,28,32,192,208,woman,67,41,183,207,0,3,240,220,248,250,"(192, 220, 208, 240)","(183, 250, 207, 248)"
2392306.jpg,sitting on,bench,33,62,298,134,man,178,111,136,238,1,3,196,331,349,314,"(298, 331, 134, 196)","(136, 314, 238, 349)"
2411985.jpg,sitting on,bicycle,60,32,232,60,man,65,39,172,55,1,3,92,292,94,237,"(232, 292, 60, 92)","(172, 237, 55, 94)"
2320664.jpg,sitting on,ground,89,140,243,344,boy,110,74,185,410,1,3,484,332,484,295,"(243, 332, 344, 484)","(185, 295, 410, 484)"
2409414.jpg,wearing,jeans,89,80,251,36,boy,176,107,187,28,0,3,116,340,135,363,"(251, 340, 36, 116)","(187, 363, 28, 135)"
2405287.jpg,wearing,pants,18,13,412,400,boy,47,16,387,398,0,3,413,430,414,434,"(412, 430, 400, 413)","(387, 434, 398, 414)"
2370525.jpg,sitting on,desk,207,497,157,1,picture,64,65,179,396,1,3,498,364,461,243,"(157, 364, 1, 498)","(179, 243, 396, 461)"
2389557.jpg,sitting on,bench,98,237,332,56,girl,150,45,302,135,1,3,293,430,180,452,"(332, 430, 56, 293)","(302, 452, 135, 180)"
2317582.jpg,sitting on,table,214,166,160,318,wd-40,44,20,142,388,1,3,484,374,408,186,"(160, 374, 318, 484)","(142, 186, 388, 408)"
1159902.jpg,sitting on,canoe,26,353,466,545,people,52,275,425,568,1,3,898,492,843,477,"(466, 492, 545, 898)","(425, 477, 568, 843)"
2351100.jpg,sitting on,desk,110,235,121,1,laptop,42,54,89,80,1,3,236,231,134,131,"(121, 231, 1, 236)","(89, 131, 80, 134)"
2399959.jpg,sitting on,shelf,56,140,147,232,plate,50,48,144,312,1,3,372,203,360,194,"(147, 203, 232, 372)","(144, 194, 312, 360)"
2325153.jpg,wearing,pink,32,26,67,68,person,84,39,60,57,0,3,94,99,96,144,"(67, 99, 68, 94)","(60, 144, 57, 96)"
2351852.jpg,parked on,roadside,75,160,70,324,car,40,47,89,437,0,3,484,145,484,129,"(70, 145, 324, 484)","(89, 129, 437, 484)"
2363932.jpg,wearing,clothing,20,20,207,70,person,29,12,205,73,0,3,90,227,85,234,"(207, 227, 70, 90)","(205, 234, 73, 85)"
2354644.jpg,sitting on,shelf,147,498,226,0,cat,202,475,70,0,1,3,498,373,475,272,"(226, 373, 0, 498)","(70, 272, 0, 475)"
2319192.jpg,sitting on,bench,41,49,127,73,person,13,20,82,48,1,3,122,168,68,95,"(127, 168, 73, 122)","(82, 95, 48, 68)"
2373416.jpg,sitting on,chair,135,107,277,1,man,180,93,235,7,1,3,108,412,100,415,"(277, 412, 1, 108)","(235, 415, 7, 100)"
2395194.jpg,wearing,hat,81,102,12,133,man,296,214,12,71,0,3,235,93,285,308,"(12, 93, 133, 235)","(12, 308, 71, 285)"
2352356.jpg,wearing,glasses,7,18,155,267,man,180,50,146,255,0,3,285,162,305,326,"(155, 162, 267, 285)","(146, 326, 255, 305)"
2371976.jpg,wearing,pants,92,119,243,25,woman,230,129,132,17,0,3,144,335,146,362,"(243, 335, 25, 144)","(132, 362, 17, 146)"
2380237.jpg,sitting on,grass,221,499,112,0,person,106,75,1,207,1,3,499,333,282,107,"(112, 333, 0, 499)","(1, 107, 207, 282)"
2396774.jpg,sitting on,placemat,347,499,27,0,cup,174,177,1,25,1,3,499,374,202,175,"(27, 374, 0, 499)","(1, 175, 25, 202)"
2357600.jpg,sitting on,bench,22,27,173,315,people,23,27,170,322,1,3,342,195,349,193,"(173, 195, 315, 342)","(170, 193, 322, 349)"
2350644.jpg,wearing,socks,25,79,325,140,man,334,178,48,127,0,3,219,350,305,382,"(325, 350, 140, 219)","(48, 382, 127, 305)"
2328269.jpg,sitting on,grass,136,258,316,115,people,38,24,308,141,1,3,373,452,165,346,"(316, 452, 115, 373)","(308, 346, 141, 165)"
2342479.jpg,wearing,leis,185,80,50,73,men,123,35,76,392,0,3,153,235,427,199,"(50, 235, 73, 153)","(76, 199, 392, 427)"
2361351.jpg,wearing,shirt,99,386,233,43,man,69,77,192,318,0,3,429,332,395,261,"(233, 332, 43, 429)","(192, 261, 318, 395)"
2345666.jpg,sitting on,grass,117,332,380,0,man,53,40,357,15,1,3,332,497,55,410,"(380, 497, 0, 332)","(357, 410, 15, 55)"
2321587.jpg,wearing,sweatshirt,69,45,125,422,man,206,67,92,417,0,3,467,194,484,298,"(125, 194, 422, 467)","(92, 298, 417, 484)"
61562.jpg,sitting on,chair,609,420,2,341,cat,433,326,178,372,1,3,761,611,698,611,"(2, 611, 341, 761)","(178, 611, 372, 698)"
2364345.jpg,sitting on,motorcycle,196,351,129,52,man,325,135,6,140,1,3,403,325,275,331,"(129, 325, 52, 403)","(6, 331, 140, 275)"
2390121.jpg,sitting on,bench,128,152,154,298,people,146,125,133,275,1,3,450,282,400,279,"(154, 282, 298, 450)","(133, 279, 275, 400)"
2382364.jpg,sitting on,floor,89,382,286,118,backpack,207,164,158,218,1,3,500,375,382,365,"(286, 375, 118, 500)","(158, 365, 218, 382)"
2403494.jpg,wearing,coat,47,46,240,403,person,113,51,219,397,0,3,449,287,448,332,"(240, 287, 403, 449)","(219, 332, 397, 448)"
2391898.jpg,wearing,shirt,219,157,93,0,man,306,187,25,4,0,3,157,312,191,331,"(93, 312, 0, 157)","(25, 331, 4, 191)"
2319264.jpg,sitting on,chair,123,69,99,337,person,161,78,56,326,1,3,406,222,404,217,"(99, 222, 337, 406)","(56, 217, 326, 404)"
2350059.jpg,wearing,shorts,20,19,153,128,man,76,37,113,117,0,3,147,173,154,189,"(153, 173, 128, 147)","(113, 189, 117, 154)"
2368717.jpg,walking on,beach,313,141,185,230,people,20,22,178,312,0,3,371,498,334,198,"(185, 498, 230, 371)","(178, 198, 312, 334)"
1283.jpg,wearing,ring,8,6,236,256,man,245,256,94,237,0,3,262,244,493,339,"(236, 244, 256, 262)","(94, 339, 237, 493)"
2379029.jpg,wearing,glasses,17,49,127,100,person,214,142,94,43,0,3,149,144,185,308,"(127, 144, 100, 149)","(94, 308, 43, 185)"
2391990.jpg,sitting on,table,73,97,180,63,flowers,34,35,141,95,1,3,160,253,130,175,"(180, 253, 63, 160)","(141, 175, 95, 130)"
2412491.jpg,wearing,jacket,39,32,388,154,man,93,31,380,157,0,3,186,427,188,473,"(388, 427, 154, 186)","(380, 473, 157, 188)"
2403956.jpg,sitting on,warmer,96,62,238,142,food,105,65,210,125,1,3,204,334,190,315,"(238, 334, 142, 204)","(210, 315, 125, 190)"
2372521.jpg,wearing,glasses,41,111,117,63,man,307,238,51,26,0,3,174,158,264,358,"(117, 158, 63, 174)","(51, 358, 26, 264)"
2322065.jpg,sitting on,toilet,305,197,175,231,boy,440,294,28,93,1,3,428,480,387,468,"(175, 480, 231, 428)","(28, 468, 93, 387)"
2395228.jpg,sitting on,bench,38,65,295,2,man,214,113,118,1,1,3,67,333,114,332,"(295, 333, 2, 67)","(118, 332, 1, 114)"
2401519.jpg,wearing,sock,36,29,293,209,woman,146,237,209,99,0,3,238,329,336,355,"(293, 329, 209, 238)","(209, 355, 99, 336)"
2317796.jpg,wearing,shorts,33,67,277,309,man,227,114,83,300,0,3,376,310,414,310,"(277, 310, 309, 376)","(83, 310, 300, 414)"
2326965.jpg,wearing,glove,22,45,86,279,actress,224,150,84,253,0,3,324,108,403,308,"(86, 108, 279, 324)","(84, 308, 253, 403)"
2370037.jpg,sitting on,chair,456,403,33,3,bear,195,202,77,177,1,3,406,489,379,272,"(33, 489, 3, 406)","(77, 272, 177, 379)"
2357713.jpg,covered in,grass,30,500,337,0,field,31,500,337,0,0,3,500,367,500,368,"(337, 367, 0, 500)","(337, 368, 0, 500)"
2411703.jpg,sitting on,motorbike,285,461,63,10,man,286,122,21,166,1,3,471,348,288,307,"(63, 348, 10, 471)","(21, 307, 166, 288)"
2389464.jpg,sitting on,wall,32,76,345,102,person,23,10,340,116,1,3,178,377,126,363,"(345, 377, 102, 178)","(340, 363, 116, 126)"
2358587.jpg,wearing,jacket,11,15,273,291,person,17,14,272,291,0,3,306,284,305,289,"(273, 284, 291, 306)","(272, 289, 291, 305)"
2406987.jpg,growing on,field,223,491,108,2,trees,98,140,8,30,0,3,493,331,170,106,"(108, 331, 2, 493)","(8, 106, 30, 170)"
2386543.jpg,watching,slope,321,486,6,8,person,184,76,102,222,0,3,494,327,298,286,"(6, 327, 8, 494)","(102, 286, 222, 298)"
2333221.jpg,playing,soccer,429,487,21,4,children,407,160,22,168,0,3,491,450,328,429,"(21, 450, 4, 491)","(22, 429, 168, 328)"
2367681.jpg,growing on,rock,91,91,93,4,foliage,59,65,31,8,0,3,95,184,73,90,"(93, 184, 4, 95)","(31, 90, 8, 73)"
2354747.jpg,sitting on,train,194,286,118,48,man,26,21,185,206,1,3,334,312,227,211,"(118, 312, 48, 334)","(185, 211, 206, 227)"
2413032.jpg,wearing,hoodie,58,30,99,419,person,116,30,97,420,0,3,449,157,450,213,"(99, 157, 419, 449)","(97, 213, 420, 450)"
2404722.jpg,sitting on,beach,99,496,235,3,tourist,16,12,245,120,1,3,499,334,132,261,"(235, 334, 3, 499)","(245, 261, 120, 132)"
2322903.jpg,wearing,glasses,9,30,0,308,man,208,112,0,272,0,3,338,9,384,208,"(0, 9, 308, 338)","(0, 208, 272, 384)"
2375101.jpg,wearing,wristband,44,40,101,119,player,234,188,89,39,0,3,159,145,227,323,"(101, 145, 119, 159)","(89, 323, 39, 227)"
2321532.jpg,wearing,sock,35,33,380,75,player,231,195,205,64,0,3,108,415,259,436,"(380, 415, 75, 108)","(205, 436, 64, 259)"
2410779.jpg,eating,hen,62,66,42,234,fox,62,66,36,27,0,3,300,104,93,98,"(42, 104, 234, 300)","(36, 98, 27, 93)"
2357280.jpg,wearing,sunglasses,14,40,22,249,guy,180,210,1,150,0,3,289,36,360,181,"(22, 36, 249, 289)","(1, 181, 150, 360)"
2343206.jpg,wearing,shorts,8,9,316,144,person,25,11,307,144,0,3,153,324,155,332,"(316, 324, 144, 153)","(307, 332, 144, 155)"
2378164.jpg,sitting on,couch,89,90,204,163,woman,269,151,105,5,1,3,253,293,156,374,"(204, 293, 163, 253)","(105, 374, 5, 156)"
2348098.jpg,sitting on,table,79,486,294,12,glass,74,60,300,439,1,3,498,373,499,374,"(294, 373, 12, 498)","(300, 374, 439, 499)"
2387486.jpg,sitting on,log,120,223,255,117,cat,232,243,89,124,1,3,340,375,367,321,"(255, 375, 117, 340)","(89, 321, 124, 367)"
2336379.jpg,wearing,jeans,35,12,132,175,man,87,25,79,176,0,3,187,167,201,166,"(132, 167, 175, 187)","(79, 166, 176, 201)"
2372260.jpg,sitting on,grass,25,112,211,186,container,24,36,187,197,1,3,298,236,233,211,"(211, 236, 186, 298)","(187, 211, 197, 233)"
2340543.jpg,sitting on,bed,98,80,153,218,woman,59,33,150,263,1,3,298,251,296,209,"(153, 251, 218, 298)","(150, 209, 263, 296)"
2412449.jpg,wearing,shirt,212,233,120,219,man,327,377,4,76,0,3,452,332,453,331,"(120, 332, 219, 452)","(4, 331, 76, 453)"
2398983.jpg,wearing,grey,16,20,7,121,person,98,74,1,398,0,3,141,23,472,99,"(7, 23, 121, 141)","(1, 99, 398, 472)"
2407252.jpg,eating,hen,43,54,124,190,fox,42,53,119,29,0,3,244,167,82,161,"(124, 167, 190, 244)","(119, 161, 29, 82)"
2336956.jpg,sitting on,desk,126,317,208,102,apple,16,21,203,335,1,3,419,334,356,219,"(208, 334, 102, 419)","(203, 219, 335, 356)"
2384423.jpg,sitting on,couch,264,333,90,1,woman,299,203,55,163,1,3,334,354,366,354,"(90, 354, 1, 334)","(55, 354, 163, 366)"
2404843.jpg,sitting on,couch,158,394,215,76,pillow,68,81,238,114,1,3,470,373,195,306,"(215, 373, 76, 470)","(238, 306, 114, 195)"
2333652.jpg,wearing,camo,235,102,62,251,man,345,125,6,238,0,3,353,297,363,351,"(62, 297, 251, 353)","(6, 351, 238, 363)"
2382068.jpg,sitting on,sidewalk,161,383,200,0,board,142,105,220,82,1,3,383,361,187,362,"(200, 361, 0, 383)","(220, 362, 82, 187)"
2350260.jpg,sitting on,road,139,499,195,0,barrier,11,499,187,0,1,3,499,334,499,198,"(195, 334, 0, 499)","(187, 198, 0, 499)"
2362981.jpg,wearing,earring,11,6,72,318,woman,310,354,0,133,0,3,324,83,487,310,"(72, 83, 318, 324)","(0, 310, 133, 487)"
2402488.jpg,sitting on,napkin,101,246,1,37,utensil,71,191,0,70,1,3,283,102,261,71,"(1, 102, 37, 283)","(0, 71, 70, 261)"
1594.jpg,sitting on,step,193,446,227,1,pumpkin,118,77,260,399,1,3,447,420,476,378,"(227, 420, 1, 447)","(260, 378, 399, 476)"
2317892.jpg,sitting on,bench,107,162,216,337,dog,257,220,115,102,1,3,499,323,322,372,"(216, 323, 337, 499)","(115, 372, 102, 322)"
2358515.jpg,parked on,floor,275,494,95,1,motorcycle,175,127,60,256,0,3,495,370,383,235,"(95, 370, 1, 495)","(60, 235, 256, 383)"
985.jpg,walking on,sidewalk,239,534,288,66,woman,236,68,245,298,0,3,600,527,366,481,"(288, 527, 66, 600)","(245, 481, 298, 366)"
2411450.jpg,wearing,shirt,146,213,95,158,woman,310,262,0,147,0,3,371,241,409,310,"(95, 241, 158, 371)","(0, 310, 147, 409)"
2316789.jpg,wearing,sweatshirt,70,53,134,111,man,205,53,101,107,0,3,164,204,160,306,"(134, 204, 111, 164)","(101, 306, 107, 160)"
2402334.jpg,wearing,shirt,107,55,69,299,woman,226,60,36,307,0,3,354,176,367,262,"(69, 176, 299, 354)","(36, 262, 307, 367)"
1591913.jpg,standing on,platform,45,89,655,44,man,102,35,547,85,0,3,133,700,120,649,"(655, 700, 44, 133)","(547, 649, 85, 120)"
1159336.jpg,sitting on,grass,119,435,80,3,people,58,61,104,90,1,3,438,199,151,162,"(80, 199, 3, 438)","(104, 162, 90, 151)"
2362209.jpg,sitting on,table,312,494,12,4,fruit,245,404,5,16,1,3,498,324,420,250,"(12, 324, 4, 498)","(5, 250, 16, 420)"
2412870.jpg,carrying,backpack,44,24,137,402,man,147,51,114,401,0,3,426,181,452,261,"(137, 181, 402, 426)","(114, 261, 401, 452)"
2319082.jpg,sitting on,horses,196,270,182,185,officers,169,96,124,282,1,3,455,378,378,293,"(182, 378, 185, 455)","(124, 293, 282, 378)"
2363193.jpg,sitting on,desk,41,42,226,40,glasses,36,182,187,149,1,3,82,267,331,223,"(226, 267, 40, 82)","(187, 223, 149, 331)"
2411125.jpg,sitting on,table,88,206,245,294,laptop,99,142,153,308,1,3,500,333,450,252,"(245, 333, 294, 500)","(153, 252, 308, 450)"
2404811.jpg,sitting on,seat,321,488,0,1,cat,164,187,92,152,1,3,489,321,339,256,"(0, 321, 1, 489)","(92, 256, 152, 339)"
2333972.jpg,wearing,gloves,60,60,227,226,man,235,215,56,108,0,3,286,287,323,291,"(227, 287, 226, 286)","(56, 291, 108, 323)"
2396089.jpg,watching,skateboarder,334,173,1,1,woman,246,142,89,285,0,3,174,335,427,335,"(1, 335, 1, 174)","(89, 335, 285, 427)"
2379244.jpg,wearing,shoe,13,17,307,147,man,151,54,168,123,0,3,164,320,177,319,"(307, 320, 147, 164)","(168, 319, 123, 177)"
2400994.jpg,sitting on,chair,374,495,0,3,bear,297,226,40,251,1,3,498,374,477,337,"(0, 374, 3, 498)","(40, 337, 251, 477)"
2398325.jpg,wearing,shirt,47,80,191,156,player,98,202,174,63,0,3,236,238,265,272,"(191, 238, 156, 236)","(174, 272, 63, 265)"
2351100.jpg,sitting on,desk,110,235,121,1,cup,15,14,115,64,1,3,236,231,78,130,"(121, 231, 1, 236)","(115, 130, 64, 78)"
285996.jpg,covering,window,227,178,251,525,bar,223,7,255,631,0,3,703,478,638,478,"(251, 478, 525, 703)","(255, 478, 631, 638)"
2354715.jpg,wearing,hat,22,62,31,214,boy,207,218,45,64,0,3,276,53,282,252,"(31, 53, 214, 276)","(45, 252, 64, 282)"
2346681.jpg,sitting on,stand,71,57,66,407,lamp,47,27,30,440,1,3,464,137,467,77,"(66, 137, 407, 464)","(30, 77, 440, 467)"
2343617.jpg,sitting on,table,337,498,37,1,pizza,77,109,160,297,1,3,499,374,406,237,"(37, 374, 1, 499)","(160, 237, 297, 406)"
2318887.jpg,sitting on,bench,197,491,3,6,bag,139,156,8,343,1,3,497,200,499,147,"(3, 200, 6, 497)","(8, 147, 343, 499)"
1592444.jpg,sitting on,partition,51,766,760,0,person,78,33,734,617,1,3,766,811,650,812,"(760, 811, 0, 766)","(734, 812, 617, 650)"
2347265.jpg,sitting on,pizza,260,191,87,264,pepperoni,41,60,188,285,1,3,455,347,345,229,"(87, 347, 264, 455)","(188, 229, 285, 345)"
2378383.jpg,sitting on,bench,128,270,244,115,guy,172,263,183,137,1,3,385,372,400,355,"(244, 372, 115, 385)","(183, 355, 137, 400)"
2353808.jpg,sitting on,floor,11,25,264,230,playstation,42,101,246,257,1,3,255,275,358,288,"(264, 275, 230, 255)","(246, 288, 257, 358)"
2326637.jpg,wearing,sandal,7,15,238,374,man,89,17,160,372,0,3,389,245,389,249,"(238, 245, 374, 389)","(160, 249, 372, 389)"
2352048.jpg,mounted on,wall,423,101,10,269,cabinet,162,94,51,247,0,3,370,433,341,213,"(10, 433, 269, 370)","(51, 213, 247, 341)"
2390074.jpg,wearing,shirt,164,189,163,85,man,324,313,50,85,0,3,274,327,398,374,"(163, 327, 85, 274)","(50, 374, 85, 398)"
2318278.jpg,walking on,sidewalk,155,178,175,128,person,43,57,182,190,0,3,306,330,247,225,"(175, 330, 128, 306)","(182, 225, 190, 247)"
2340370.jpg,sitting on,shelf,10,44,115,440,microwave,90,42,30,442,1,3,484,125,484,120,"(115, 125, 440, 484)","(30, 120, 442, 484)"
2324464.jpg,wearing,shirt,90,109,98,80,player,268,193,63,30,0,3,189,188,223,331,"(98, 188, 80, 189)","(63, 331, 30, 223)"
2335926.jpg,sitting on,beach,125,483,200,4,people,35,53,219,237,1,3,487,325,290,254,"(200, 325, 4, 487)","(219, 254, 237, 290)"
2404577.jpg,sitting on,surfboard,47,226,246,44,woman,127,91,204,76,1,3,270,293,167,331,"(246, 293, 44, 270)","(204, 331, 76, 167)"
2406856.jpg,wearing,hoodie,75,25,158,158,man,195,26,127,152,0,3,183,233,178,322,"(158, 233, 158, 183)","(127, 322, 152, 178)"
2339655.jpg,sitting on,chair,92,62,97,181,person,129,83,59,170,1,3,243,189,253,188,"(97, 189, 181, 243)","(59, 188, 170, 253)"
2324019.jpg,wearing,jacket,118,126,58,350,man,297,129,44,342,0,3,476,176,471,341,"(58, 176, 350, 476)","(44, 341, 342, 471)"
2402500.jpg,sitting on,desk,43,163,197,17,computer,65,90,146,28,1,3,180,240,118,211,"(197, 240, 17, 180)","(146, 211, 28, 118)"
2345215.jpg,walking on,sidewalk,8,57,363,87,couple,55,42,304,105,0,3,144,371,147,359,"(363, 371, 87, 144)","(304, 359, 105, 147)"
2390428.jpg,hanging from,rack,19,105,9,392,towels,87,100,4,399,0,3,497,28,499,91,"(9, 28, 392, 497)","(4, 91, 399, 499)"
2328775.jpg,sitting on,floor,138,490,234,5,bag,46,39,270,281,1,3,495,372,320,316,"(234, 372, 5, 495)","(270, 316, 281, 320)"
2415172.jpg,sitting on,table,83,55,277,325,lamp,71,30,235,323,1,3,380,360,353,306,"(277, 360, 325, 380)","(235, 306, 323, 353)"
2404204.jpg,wearing,jeans,42,71,112,50,girls,145,83,30,44,0,3,121,154,127,175,"(112, 154, 50, 121)","(30, 175, 44, 127)"
2332249.jpg,hanging from,roof,150,233,16,82,lights,115,72,31,106,0,3,315,166,178,146,"(16, 166, 82, 315)","(31, 146, 106, 178)"
2321757.jpg,wearing,jeans,88,119,272,104,girl,328,185,32,75,0,3,223,360,260,360,"(272, 360, 104, 223)","(32, 360, 75, 260)"
2322227.jpg,sitting on,tracks,84,33,369,89,train,136,50,110,156,1,3,122,453,206,246,"(369, 453, 89, 122)","(110, 246, 156, 206)"
2380777.jpg,sitting on,couch,191,354,181,143,person,114,176,172,185,1,3,497,372,361,286,"(181, 372, 143, 497)","(172, 286, 185, 361)"
2355357.jpg,sitting on,board,11,45,215,285,man,37,28,188,271,1,3,330,226,299,225,"(215, 226, 285, 330)","(188, 225, 271, 299)"
2365020.jpg,covered in,sauce,53,168,203,243,pizza,78,227,190,204,0,3,411,256,431,268,"(203, 256, 243, 411)","(190, 268, 204, 431)"
2362349.jpg,wearing,jacket,40,26,352,258,man,110,34,338,256,0,3,284,392,290,448,"(352, 392, 258, 284)","(338, 448, 256, 290)"
2385533.jpg,sitting on,bench,29,35,103,143,girls,438,329,14,2,1,3,178,132,331,452,"(103, 132, 143, 178)","(14, 452, 2, 331)"
2326046.jpg,walking on,plain,242,499,89,1,groups,58,84,140,386,0,3,500,331,470,198,"(89, 331, 1, 500)","(140, 198, 386, 470)"
2330230.jpg,wearing,shirt,50,100,147,317,man,122,93,127,326,0,3,417,197,419,249,"(147, 197, 317, 417)","(127, 249, 326, 419)"
2368640.jpg,sitting on,stand,15,488,315,2,tv,285,440,0,59,1,3,490,330,499,285,"(315, 330, 2, 490)","(0, 285, 59, 499)"
338.jpg,wearing,shirt,28,29,339,631,person,97,42,327,621,0,3,660,367,663,424,"(339, 367, 631, 660)","(327, 424, 621, 663)"
2389397.jpg,sitting on,canoe,21,119,159,135,people,27,24,141,153,1,3,254,180,177,168,"(159, 180, 135, 254)","(141, 168, 153, 177)"
2380265.jpg,sitting on,ground,158,240,174,258,person,114,57,149,350,1,3,498,332,407,263,"(174, 332, 258, 498)","(149, 263, 350, 407)"
2379032.jpg,sitting on,table,15,29,359,39,figurine,105,88,268,69,1,3,68,374,157,373,"(359, 374, 39, 68)","(268, 373, 69, 157)"
2340448.jpg,sitting on,plate,72,142,299,0,food,5,6,367,44,1,3,142,371,50,372,"(299, 371, 0, 142)","(367, 372, 44, 50)"
2401019.jpg,playing,soccer,81,164,97,335,boy,118,89,103,215,0,3,499,178,304,221,"(97, 178, 335, 499)","(103, 221, 215, 304)"
2414707.jpg,wearing,vest,68,66,79,276,dog,127,115,74,268,0,3,342,147,383,201,"(79, 147, 276, 342)","(74, 201, 268, 383)"
61551.jpg,wearing,mit,68,78,420,719,man,438,354,309,433,0,3,797,488,787,747,"(420, 488, 719, 797)","(309, 747, 433, 787)"
713120.jpg,sitting on,bench,208,223,462,200,girl,439,206,175,251,1,3,423,670,457,614,"(462, 670, 200, 423)","(175, 614, 251, 457)"
2324382.jpg,sitting on,counter,119,78,212,0,bag,20,50,206,0,1,3,78,331,50,226,"(212, 331, 0, 78)","(206, 226, 0, 50)"
2357262.jpg,sitting on,grass,56,48,274,163,table,43,63,240,151,1,3,211,330,214,283,"(274, 330, 163, 211)","(240, 283, 151, 214)"
2385511.jpg,wearing,shirt,176,167,105,96,woman,275,179,57,83,0,3,263,281,262,332,"(105, 281, 96, 263)","(57, 332, 83, 262)"
2340617.jpg,sitting on,floor,350,498,20,0,bag,92,78,87,213,1,3,498,370,291,179,"(20, 370, 0, 498)","(87, 179, 213, 291)"
713374.jpg,sitting on,desk,695,1273,261,5,sundae,118,95,633,208,1,3,1278,956,303,751,"(261, 956, 5, 1278)","(633, 751, 208, 303)"
2397421.jpg,sitting on,ground,317,496,57,0,bucket,23,37,308,55,1,3,496,374,92,331,"(57, 374, 0, 496)","(308, 331, 55, 92)"
2351851.jpg,wearing,shirt,105,57,8,250,woman,142,90,0,219,0,3,307,113,309,142,"(8, 113, 250, 307)","(0, 142, 219, 309)"
2349843.jpg,playing,frisbee,25,25,47,326,child,175,62,215,355,0,3,351,72,417,390,"(47, 72, 326, 351)","(215, 390, 355, 417)"
2378224.jpg,sitting on,motorcycle,202,315,126,39,girl,217,97,113,209,1,3,354,328,306,330,"(126, 328, 39, 354)","(113, 330, 209, 306)"
2349521.jpg,wearing,suit,121,137,125,128,man,268,78,68,254,0,3,265,246,332,336,"(125, 246, 128, 265)","(68, 336, 254, 332)"
2408327.jpg,sitting on,mantle,32,131,102,368,candle,56,8,48,472,1,3,499,134,480,104,"(102, 134, 368, 499)","(48, 104, 472, 480)"
2320696.jpg,sitting on,walk,145,493,186,5,box,37,33,164,53,1,3,498,331,86,201,"(186, 331, 5, 498)","(164, 201, 53, 86)"
2362064.jpg,sitting on,skateboard,48,122,267,271,boy,96,85,194,302,1,3,393,315,387,290,"(267, 315, 271, 393)","(194, 290, 302, 387)"
2399844.jpg,sitting on,floor,250,499,122,0,baby,318,185,20,98,1,3,499,372,283,338,"(122, 372, 0, 499)","(20, 338, 98, 283)"
2380553.jpg,painted on,building,271,95,227,150,word,7,60,379,164,0,3,245,498,224,386,"(227, 498, 150, 245)","(379, 386, 164, 224)"
2345610.jpg,sitting on,pizza,405,482,1,12,tomato,78,119,109,150,1,3,494,406,269,187,"(1, 406, 12, 494)","(109, 187, 150, 269)"
2315773.jpg,sitting on,chair,49,60,90,386,person,139,99,1,388,1,3,446,139,487,140,"(90, 139, 386, 446)","(1, 140, 388, 487)"
2359495.jpg,wearing,shirt,134,93,154,22,man,254,119,120,10,0,3,115,288,129,374,"(154, 288, 22, 115)","(120, 374, 10, 129)"
2340628.jpg,sitting on,mantle,20,66,122,433,container,28,48,102,438,1,3,499,142,486,130,"(122, 142, 433, 499)","(102, 130, 438, 486)"
2327897.jpg,sitting on,paper,230,428,259,33,cake,464,430,10,38,1,3,461,489,468,474,"(259, 489, 33, 461)","(10, 474, 38, 468)"
2364314.jpg,sitting on,fireplace,155,113,79,82,container,32,35,167,92,1,3,195,234,127,199,"(79, 234, 82, 195)","(167, 199, 92, 127)"
2382146.jpg,sitting on,elephant,145,232,186,4,man,230,172,55,68,1,3,236,331,240,285,"(186, 331, 4, 236)","(55, 285, 68, 240)"
2332329.jpg,lying on,beach,117,322,378,0,kite,15,51,387,225,0,3,322,495,276,402,"(378, 495, 0, 322)","(387, 402, 225, 276)"
2343342.jpg,carrying,bag,12,13,83,327,girl,51,23,62,315,0,3,340,95,338,113,"(83, 95, 327, 340)","(62, 113, 315, 338)"
1592634.jpg,sitting on,chair,379,329,301,234,man,290,293,214,50,1,3,563,680,343,504,"(301, 680, 234, 563)","(214, 504, 50, 343)"
2394330.jpg,covering,window,118,44,69,402,blinds,166,87,38,390,0,3,446,187,477,204,"(69, 187, 402, 446)","(38, 204, 390, 477)"
2328129.jpg,sitting on,floor,89,489,284,2,suitcase,123,138,191,199,1,3,491,373,337,314,"(284, 373, 2, 491)","(191, 314, 199, 337)"
2399537.jpg,sitting on,grass,313,499,43,0,person,36,28,60,453,1,3,499,356,481,96,"(43, 356, 0, 499)","(60, 96, 453, 481)"
2327194.jpg,sitting on,table,172,330,327,2,cat,248,142,149,145,1,3,332,499,287,397,"(327, 499, 2, 332)","(149, 397, 145, 287)"
2393941.jpg,sitting on,bench,150,117,166,175,man,158,119,125,210,1,3,292,316,329,283,"(166, 316, 175, 292)","(125, 283, 210, 329)"
2371059.jpg,playing,outside,471,471,15,13,kid,54,36,44,82,0,3,484,486,118,98,"(15, 486, 13, 484)","(44, 98, 82, 118)"
2404010.jpg,wearing,pants,36,18,149,313,woman,74,29,115,308,0,3,331,185,337,189,"(149, 185, 313, 331)","(115, 189, 308, 337)"
2414421.jpg,wearing,pants,41,31,236,76,man,94,35,186,76,0,3,107,277,111,280,"(236, 277, 76, 107)","(186, 280, 76, 111)"
2392561.jpg,sitting on,table,370,496,4,3,knife,37,84,2,358,1,3,499,374,442,39,"(4, 374, 3, 499)","(2, 39, 358, 442)"
2415569.jpg,lying on,sand,71,204,262,295,kite,23,15,250,484,0,3,499,333,499,273,"(262, 333, 295, 499)","(250, 273, 484, 499)"
2384690.jpg,sitting on,motorcycle,123,43,187,269,person,103,55,89,260,1,3,312,310,315,192,"(187, 310, 269, 312)","(89, 192, 260, 315)"
2319761.jpg,sitting on,sink,77,139,177,304,bottle,48,25,155,344,1,3,443,254,369,203,"(177, 254, 304, 443)","(155, 203, 344, 369)"
2325959.jpg,sitting on,plate,100,185,245,27,food,70,116,255,47,1,3,212,345,163,325,"(245, 345, 27, 212)","(255, 325, 47, 163)"
2334281.jpg,sitting on,bench,197,64,87,373,woman,234,133,55,180,1,3,437,284,313,289,"(87, 284, 373, 437)","(55, 289, 180, 313)"
2385309.jpg,wearing,shirt,60,31,196,468,woman,178,49,153,451,0,3,499,256,500,331,"(196, 256, 468, 499)","(153, 331, 451, 500)"
115.jpg,sitting on,couch,75,255,93,1,guy,195,120,26,1,1,3,256,168,121,221,"(93, 168, 1, 256)","(26, 221, 1, 121)"
2342656.jpg,wearing,jacket,89,78,162,332,man,237,75,136,334,0,3,410,251,409,373,"(162, 251, 332, 410)","(136, 373, 334, 409)"
2392957.jpg,sitting on,table,119,108,230,390,glass,220,134,1,362,1,3,498,349,496,221,"(230, 349, 390, 498)","(1, 221, 362, 496)"
2394221.jpg,sitting on,knees,121,93,200,391,laptop,151,146,110,327,1,3,484,321,473,261,"(200, 321, 391, 484)","(110, 261, 327, 473)"
2316426.jpg,wearing,shoes,22,43,416,33,man,192,53,246,24,0,3,76,438,77,438,"(416, 438, 33, 76)","(246, 438, 24, 77)"
1593082.jpg,sitting on,shelf,29,928,238,30,tv,108,159,123,602,1,3,958,267,761,231,"(238, 267, 30, 958)","(123, 231, 602, 761)"
2406110.jpg,using,laptop,92,129,280,66,man,284,222,172,0,0,3,195,372,222,456,"(280, 372, 66, 195)","(172, 456, 0, 222)"
4888.jpg,sitting on,chair,103,65,141,287,cushion,20,52,170,290,1,3,352,244,342,190,"(141, 244, 287, 352)","(170, 190, 290, 342)"
2336002.jpg,wearing,jeans,50,72,282,277,boy,225,86,99,277,0,3,349,332,363,324,"(282, 332, 277, 349)","(99, 324, 277, 363)"
2398802.jpg,covering,rocks,119,282,1,194,snow,41,90,11,270,0,3,476,120,360,52,"(1, 120, 194, 476)","(11, 52, 270, 360)"
2381142.jpg,sitting on,counter,52,55,209,0,bottle,48,20,190,21,1,3,55,261,41,238,"(209, 261, 0, 55)","(190, 238, 21, 41)"
2370739.jpg,sitting on,sidewalk,164,395,168,104,leaf,12,23,240,476,1,3,499,332,499,252,"(168, 332, 104, 499)","(240, 252, 476, 499)"
2369882.jpg,wearing,necklace,69,68,150,159,woman,338,249,20,64,0,3,227,219,313,358,"(150, 219, 159, 227)","(20, 358, 64, 313)"
713294.jpg,watching,skateboarder,230,147,29,312,person,215,111,288,910,0,3,459,259,1021,503,"(29, 259, 312, 459)","(288, 503, 910, 1021)"
2400849.jpg,sitting on,floor,75,369,301,10,basket,45,41,285,282,1,3,379,376,323,330,"(301, 376, 10, 379)","(285, 330, 282, 323)"
2370109.jpg,sitting on,surface,136,92,130,2,leaf,67,109,95,303,1,3,94,266,412,162,"(130, 266, 2, 94)","(95, 162, 303, 412)"
2328214.jpg,sitting on,shelf,153,42,45,270,cup,21,4,176,283,1,3,312,198,287,197,"(45, 198, 270, 312)","(176, 197, 283, 287)"
2353439.jpg,wearing,undershirt,12,15,356,241,girl,107,53,309,214,0,3,256,368,267,416,"(356, 368, 241, 256)","(309, 416, 214, 267)"
2384422.jpg,sitting on,floor,163,498,212,0,luggage,106,76,153,230,1,3,498,375,306,259,"(212, 375, 0, 498)","(153, 259, 230, 306)"
2414285.jpg,sitting on,boat,372,498,2,1,bike,324,389,26,38,1,3,499,374,427,350,"(2, 374, 1, 499)","(26, 350, 38, 427)"
2380864.jpg,wearing,glasses,72,145,113,75,man,481,315,19,8,0,3,220,185,323,500,"(113, 185, 75, 220)","(19, 500, 8, 323)"
2325088.jpg,eating,grass,34,72,365,99,zebra,184,111,187,110,0,3,171,399,221,371,"(365, 399, 99, 171)","(187, 371, 110, 221)"
2406363.jpg,sitting on,bench,15,33,210,314,woman,15,22,194,322,1,3,347,225,344,209,"(210, 225, 314, 347)","(194, 209, 322, 344)"
2398221.jpg,sitting on,ladder,151,106,241,218,man,85,47,201,249,1,3,324,392,296,286,"(241, 392, 218, 324)","(201, 286, 249, 296)"
285606.jpg,sitting on,chair,182,57,54,306,girl,96,82,157,322,1,3,363,236,404,253,"(54, 236, 306, 363)","(157, 253, 322, 404)"
2353678.jpg,sitting on,bench,18,65,163,328,people,42,63,149,324,1,3,393,181,387,191,"(163, 181, 328, 393)","(149, 191, 324, 387)"
2399074.jpg,wearing,shirt,99,91,60,309,man,260,100,31,305,0,3,400,159,405,291,"(60, 159, 309, 400)","(31, 291, 305, 405)"
61534.jpg,sitting on,bench,251,616,310,3,man,462,343,99,382,1,3,619,561,725,561,"(310, 561, 3, 619)","(99, 561, 382, 725)"
2402989.jpg,wearing,swimsuit,58,26,268,143,woman,325,340,4,41,0,3,169,326,381,329,"(268, 326, 143, 169)","(4, 329, 41, 381)"
2376529.jpg,wearing,vest,8,18,205,283,dog,41,45,184,265,0,3,301,213,310,225,"(205, 213, 283, 301)","(184, 225, 265, 310)"
2410944.jpg,sitting on,raft,452,211,37,91,bird,87,60,311,136,1,3,302,489,196,398,"(37, 489, 91, 302)","(311, 398, 136, 196)"
713775.jpg,sitting on,ground,223,876,448,2,bag,111,96,437,451,1,3,878,671,547,548,"(448, 671, 2, 878)","(437, 548, 451, 547)"
2412849.jpg,sitting on,bench,136,249,172,107,cat,133,98,96,226,1,3,356,308,324,229,"(172, 308, 107, 356)","(96, 229, 226, 324)"
2357081.jpg,standing on,step,22,28,65,13,people,53,176,2,13,0,3,41,87,189,55,"(65, 87, 13, 41)","(2, 55, 13, 189)"
2344901.jpg,sitting on,bench,17,57,188,49,person,52,19,168,94,1,3,106,205,113,220,"(188, 205, 49, 106)","(168, 220, 94, 113)"
2389099.jpg,sitting on,fence,119,293,92,207,post,90,4,1,222,1,3,500,211,226,91,"(92, 211, 207, 500)","(1, 91, 222, 226)"
2397014.jpg,carrying,surfboard,16,21,258,400,boy,43,25,238,406,0,3,421,274,431,281,"(258, 274, 400, 421)","(238, 281, 406, 431)"
2386160.jpg,wearing,watch,11,15,204,119,girl,185,37,126,4,0,3,134,215,41,311,"(204, 215, 119, 134)","(126, 311, 4, 41)"
2404722.jpg,sitting on,beach,99,496,235,3,tourist,16,11,253,193,1,3,499,334,204,269,"(235, 334, 3, 499)","(253, 269, 193, 204)"
2347836.jpg,sitting on,road,97,397,303,0,truck,181,319,218,180,1,3,397,400,499,399,"(303, 400, 0, 397)","(218, 399, 180, 499)"
2415373.jpg,hanging from,ceiling,8,240,3,104,fan,59,187,0,2,0,3,344,11,189,59,"(3, 11, 104, 344)","(0, 59, 2, 189)"
2355167.jpg,sitting on,table,371,476,0,2,wallet,67,133,66,131,1,3,478,371,264,133,"(0, 371, 2, 478)","(66, 133, 131, 264)"
2391636.jpg,sitting on,floor,339,162,159,2,cat,58,70,164,93,1,3,164,498,163,222,"(159, 498, 2, 164)","(164, 222, 93, 163)"
2316673.jpg,sitting on,bench,37,127,42,198,he,72,53,7,229,1,3,325,79,282,79,"(42, 79, 198, 325)","(7, 79, 229, 282)"
2364880.jpg,wearing,socks,27,30,153,461,boy,105,61,87,438,0,3,491,180,499,192,"(153, 180, 461, 491)","(87, 192, 438, 499)"
2397362.jpg,eating,grass,121,495,68,1,sheep,17,27,121,118,0,3,496,189,145,138,"(68, 189, 1, 496)","(121, 138, 118, 145)"
2407214.jpg,eating,grass,121,465,211,20,cows,55,151,183,227,0,3,485,332,378,238,"(211, 332, 20, 485)","(183, 238, 227, 378)"
2403586.jpg,using,fork,16,46,261,43,child,148,155,152,9,0,3,89,277,164,300,"(261, 277, 43, 89)","(152, 300, 9, 164)"
2341770.jpg,sitting on,bus,205,420,49,43,couple,26,47,144,169,1,3,463,254,216,170,"(49, 254, 43, 463)","(144, 170, 169, 216)"
713263.jpg,wearing,shirt,93,107,63,852,boy,234,135,39,824,0,3,959,156,959,273,"(63, 156, 852, 959)","(39, 273, 824, 959)"
2412589.jpg,wearing,shirt,120,165,177,30,player,318,232,134,0,0,3,195,297,232,452,"(177, 297, 30, 195)","(134, 452, 0, 232)"
2395623.jpg,sitting on,couch,183,131,164,0,person,122,177,137,0,1,3,131,347,177,259,"(164, 347, 0, 131)","(137, 259, 0, 177)"
2369222.jpg,wearing,glasses,4,6,64,316,girl,61,27,51,310,0,3,322,68,337,112,"(64, 68, 316, 322)","(51, 112, 310, 337)"
2373588.jpg,sitting on,bench,57,109,119,387,man,101,54,62,431,1,3,496,176,485,163,"(119, 176, 387, 496)","(62, 163, 431, 485)"
2376325.jpg,sitting on,stove,169,303,20,195,pot,62,50,8,322,1,3,498,189,372,70,"(20, 189, 195, 498)","(8, 70, 322, 372)"
2381627.jpg,sitting on,drawer,133,198,196,2,microwave,82,137,131,40,1,3,200,329,177,213,"(196, 329, 2, 200)","(131, 213, 40, 177)"
2335967.jpg,sitting on,desk,36,41,458,30,folder,101,53,119,320,1,3,71,494,373,220,"(458, 494, 30, 71)","(119, 220, 320, 373)"
713518.jpg,sitting on,windowsill,74,672,434,403,dog,146,369,336,475,1,3,1075,508,844,482,"(434, 508, 403, 1075)","(336, 482, 475, 844)"
2374499.jpg,painted on,tower,471,108,13,131,picture,63,34,321,180,0,3,239,484,214,384,"(13, 484, 131, 239)","(321, 384, 180, 214)"
2416061.jpg,using,laptop,71,95,142,124,man,261,151,40,348,0,3,219,213,499,301,"(142, 213, 124, 219)","(40, 301, 348, 499)"
2414601.jpg,sitting on,desk,156,128,287,235,computer,62,59,216,303,1,3,363,443,362,278,"(287, 443, 235, 363)","(216, 278, 303, 362)"
2374229.jpg,sitting on,horse,227,87,75,158,woman,171,103,42,150,1,3,245,302,253,213,"(75, 302, 158, 245)","(42, 213, 150, 253)"
2354285.jpg,sitting on,blanket,125,498,155,0,dog,129,190,148,256,1,3,498,280,446,277,"(155, 280, 0, 498)","(148, 277, 256, 446)"
2376360.jpg,sitting on,pavement,212,499,118,0,suitcase,116,84,214,203,1,3,499,330,287,330,"(118, 330, 0, 499)","(214, 330, 203, 287)"
2347887.jpg,sitting on,sink,378,464,70,14,jar,67,50,90,332,1,3,478,448,382,157,"(70, 448, 14, 478)","(90, 157, 332, 382)"
1712.jpg,parked on,street,273,544,322,250,car,193,187,341,159,0,3,794,595,346,534,"(322, 595, 250, 794)","(341, 534, 159, 346)"
2366950.jpg,wearing,tie,162,66,172,161,man,285,276,53,82,0,3,227,334,358,338,"(172, 334, 161, 227)","(53, 338, 82, 358)"
2354285.jpg,sitting on,blanket,125,498,155,0,woman,263,228,1,66,1,3,498,280,294,264,"(155, 280, 0, 498)","(1, 264, 66, 294)"
2328333.jpg,wearing,pants,40,29,139,371,man,58,52,125,356,0,3,400,179,408,183,"(139, 179, 371, 400)","(125, 183, 356, 408)"
2358150.jpg,wearing,jacket,85,66,149,129,person,143,66,142,129,0,3,195,234,195,285,"(149, 234, 129, 195)","(142, 285, 129, 195)"
2320494.jpg,sitting on,table,113,483,166,1,pizza,127,496,152,2,1,3,484,279,498,279,"(166, 279, 1, 484)","(152, 279, 2, 498)"
2405176.jpg,sitting on,counter,152,468,179,19,objects,71,42,137,40,1,3,487,331,82,208,"(179, 331, 19, 487)","(137, 208, 40, 82)"
2384849.jpg,wearing,costume,35,23,222,198,person,215,82,223,165,0,3,221,257,247,438,"(222, 257, 198, 221)","(223, 438, 165, 247)"
2399307.jpg,sitting on,plate,42,144,360,307,cake,30,53,360,356,1,3,451,402,409,390,"(360, 402, 307, 451)","(360, 390, 356, 409)"
2402115.jpg,hanging from,box,124,136,198,1,chain,38,20,264,92,0,3,137,322,112,302,"(198, 322, 1, 137)","(264, 302, 92, 112)"
2401429.jpg,standing on,sand,288,329,212,0,man,101,45,218,247,0,3,329,500,292,319,"(212, 500, 0, 329)","(218, 319, 247, 292)"
2409995.jpg,hanging from,awning,131,356,57,143,bananas,62,208,105,182,0,3,499,188,390,167,"(57, 188, 143, 499)","(105, 167, 182, 390)"
2380962.jpg,sitting on,bench,55,228,164,233,player,103,47,124,451,1,3,461,219,498,227,"(164, 219, 233, 461)","(124, 227, 451, 498)"
2380564.jpg,wearing,jacket,310,208,189,7,man,482,276,17,0,0,3,215,499,276,499,"(189, 499, 7, 215)","(17, 499, 0, 276)"
2339489.jpg,sitting on,trolley,111,192,131,36,child,46,20,110,63,1,3,228,242,83,156,"(131, 242, 36, 228)","(110, 156, 63, 83)"
2399236.jpg,standing on,floor,163,499,263,0,dog,306,104,95,246,0,3,499,426,350,401,"(263, 426, 0, 499)","(95, 401, 246, 350)"
2349829.jpg,sitting on,table,42,155,185,49,vase,65,19,180,408,1,3,204,227,427,245,"(185, 227, 49, 204)","(180, 245, 408, 427)"
2384968.jpg,wearing,hat,165,469,2,1,woman,286,233,69,137,0,3,470,167,370,355,"(2, 167, 1, 470)","(69, 355, 137, 370)"
2317718.jpg,playing,wii,167,74,150,121,man,174,150,147,10,0,3,195,317,160,321,"(150, 317, 121, 195)","(147, 321, 10, 160)"
2350701.jpg,sitting on,grass,35,79,226,351,boat,94,145,141,284,1,3,430,261,429,235,"(226, 261, 351, 430)","(141, 235, 284, 429)"
2324731.jpg,sitting on,counter,56,278,144,4,bottle,47,19,130,194,1,3,282,200,213,177,"(144, 200, 4, 282)","(130, 177, 194, 213)"
2377543.jpg,wearing,t-shirt,175,119,187,18,man,285,130,87,17,0,3,137,362,147,372,"(187, 362, 18, 137)","(87, 372, 17, 147)"
2345438.jpg,sitting on,carpet,60,21,257,63,baby,319,242,22,125,1,3,84,317,367,341,"(257, 317, 63, 84)","(22, 341, 125, 367)"
2412726.jpg,wearing,white,86,81,131,302,lady,131,104,106,280,0,3,383,217,384,237,"(131, 217, 302, 383)","(106, 237, 280, 384)"
2366985.jpg,sitting on,wire,65,430,151,0,bird,65,28,145,305,1,3,430,216,333,210,"(151, 216, 0, 430)","(145, 210, 305, 333)"
2371179.jpg,wearing,shirt,27,24,161,251,surfer,60,53,138,227,0,3,275,188,280,198,"(161, 188, 251, 275)","(138, 198, 227, 280)"
2374864.jpg,sitting on,glider,18,25,343,141,man,28,28,330,141,1,3,166,361,169,358,"(343, 361, 141, 166)","(330, 358, 141, 169)"
2362426.jpg,sitting on,snow,374,492,0,6,people,196,133,3,0,1,3,498,374,133,199,"(0, 374, 6, 498)","(3, 199, 0, 133)"
713604.jpg,sitting on,fence,625,333,231,425,cat,142,171,259,513,1,3,758,856,684,401,"(231, 856, 425, 758)","(259, 401, 513, 684)"
2370069.jpg,sitting on,table,291,486,24,12,cap,41,75,194,387,1,3,498,315,462,235,"(24, 315, 12, 498)","(194, 235, 387, 462)"
2373736.jpg,sitting on,bench,112,202,125,138,men,162,99,75,184,1,3,340,237,283,237,"(125, 237, 138, 340)","(75, 237, 184, 283)"
2330395.jpg,sitting on,surface,22,363,318,0,cat,201,150,145,348,1,3,363,340,498,346,"(318, 340, 0, 363)","(145, 346, 348, 498)"
2387828.jpg,wearing,shirt,49,37,186,298,man,49,46,164,303,0,3,335,235,349,213,"(186, 235, 298, 335)","(164, 213, 303, 349)"
2408028.jpg,wearing,jacket,18,16,155,96,person,43,15,150,95,0,3,112,173,110,193,"(155, 173, 96, 112)","(150, 193, 95, 110)"
2410910.jpg,sitting on,table,461,300,38,0,plate,102,201,394,66,1,3,300,499,267,496,"(38, 499, 0, 300)","(394, 496, 66, 267)"
2358590.jpg,sitting on,floor,103,365,271,20,speaker,94,68,277,18,1,3,385,374,86,371,"(271, 374, 20, 385)","(277, 371, 18, 86)"
2359637.jpg,sitting on,table,105,165,267,243,clock,72,41,110,288,1,3,408,372,329,182,"(267, 372, 243, 408)","(110, 182, 288, 329)"
2320043.jpg,sitting on,bench,127,232,200,33,person,217,159,105,126,1,3,265,327,285,322,"(200, 327, 33, 265)","(105, 322, 126, 285)"
2328269.jpg,sitting on,wall,156,353,341,20,man,185,114,289,1,1,3,373,497,115,474,"(341, 497, 20, 373)","(289, 474, 1, 115)"
2347520.jpg,sitting on,carpet,288,494,8,5,mouse,153,80,89,164,1,3,499,296,244,242,"(8, 296, 5, 499)","(89, 242, 164, 244)"
2377076.jpg,wearing,hat,15,18,189,262,man,98,110,191,169,0,3,280,204,279,289,"(189, 204, 262, 280)","(191, 289, 169, 279)"
2409456.jpg,using,laptop,65,124,112,161,man,203,366,34,23,0,3,285,177,389,237,"(112, 177, 161, 285)","(34, 237, 23, 389)"
2338721.jpg,sitting on,motorcycle,141,431,190,1,dog,83,129,133,293,1,3,432,331,422,216,"(190, 331, 1, 432)","(133, 216, 293, 422)"
2338957.jpg,sitting on,track,105,285,228,34,train,130,135,106,230,1,3,319,333,365,236,"(228, 333, 34, 319)","(106, 236, 230, 365)"
2407734.jpg,sitting on,ground,231,498,125,1,woman,104,91,46,392,1,3,499,356,483,150,"(125, 356, 1, 499)","(46, 150, 392, 483)"
2331317.jpg,wearing,cap,28,55,214,261,man,299,198,193,219,0,3,316,242,417,492,"(214, 242, 261, 316)","(193, 492, 219, 417)"
2360886.jpg,sitting on,stone,59,79,222,220,person,128,73,125,238,1,3,299,281,311,253,"(222, 281, 220, 299)","(125, 253, 238, 311)"
2346230.jpg,wearing,cap,42,67,86,211,woman,238,136,86,176,0,3,278,128,312,324,"(86, 128, 211, 278)","(86, 324, 176, 312)"
2396970.jpg,wearing,shoe,27,43,471,242,man,493,171,2,149,0,3,285,498,320,495,"(471, 498, 242, 285)","(2, 495, 149, 320)"
2372409.jpg,sitting on,hay,97,409,274,54,woman,303,302,71,135,1,3,463,371,437,374,"(274, 371, 54, 463)","(71, 374, 135, 437)"
2395528.jpg,eating,grass,277,499,97,0,cow,38,68,82,25,0,3,499,374,93,120,"(97, 374, 0, 499)","(82, 120, 25, 93)"
2347847.jpg,sitting on,shelf,42,99,122,0,phone,28,27,128,63,1,3,99,164,90,156,"(122, 164, 0, 99)","(128, 156, 63, 90)"
2380336.jpg,sitting on,motorcycle,183,264,165,35,person,246,204,49,246,1,3,299,348,450,295,"(165, 348, 35, 299)","(49, 295, 246, 450)"
2347281.jpg,sitting on,table,282,347,214,0,menu,179,110,107,181,1,3,347,496,291,286,"(214, 496, 0, 347)","(107, 286, 181, 291)"
2417856.jpg,riding,bike,215,294,248,59,man,379,168,74,86,0,3,353,463,254,453,"(248, 463, 59, 353)","(74, 453, 86, 254)"
2399537.jpg,sitting on,grass,313,499,43,0,person,34,25,62,310,1,3,499,356,335,96,"(43, 356, 0, 499)","(62, 96, 310, 335)"
2394822.jpg,sitting on,bench,75,89,149,300,man,101,59,120,313,1,3,389,224,372,221,"(149, 224, 300, 389)","(120, 221, 313, 372)"
2395127.jpg,sitting on,shelf,56,71,95,163,book,28,16,119,190,1,3,234,151,206,147,"(95, 151, 163, 234)","(119, 147, 190, 206)"
2395805.jpg,wearing,sweatshirt,32,30,41,365,person,38,23,32,370,0,3,395,73,393,70,"(41, 73, 365, 395)","(32, 70, 370, 393)"
2389075.jpg,sitting on,pizza,286,281,44,87,cheese,243,232,72,99,1,3,368,330,331,315,"(44, 330, 87, 368)","(72, 315, 99, 331)"
2348079.jpg,sitting on,bench,202,461,248,37,man,495,276,0,131,1,3,498,450,407,495,"(248, 450, 37, 498)","(0, 495, 131, 407)"
2409628.jpg,carrying,surfboard,33,47,230,219,person,85,29,210,217,0,3,266,263,246,295,"(230, 263, 219, 266)","(210, 295, 217, 246)"
2378912.jpg,sitting on,table,169,277,205,111,laptop,99,106,206,211,1,3,388,374,317,305,"(205, 374, 111, 388)","(206, 305, 211, 317)"
2385853.jpg,sitting on,bench,43,129,74,4,man,100,153,6,52,1,3,133,117,205,106,"(74, 117, 4, 133)","(6, 106, 52, 205)"
2329360.jpg,sitting on,grass,70,497,209,2,people,11,23,219,393,1,3,499,279,416,230,"(209, 279, 2, 499)","(219, 230, 393, 416)"
2327250.jpg,wearing,boot,53,43,311,404,man,95,100,51,295,0,3,447,364,395,146,"(311, 364, 404, 447)","(51, 146, 295, 395)"
2384406.jpg,sitting on,bed,317,373,182,2,woman,316,301,103,0,1,3,375,499,301,419,"(182, 499, 2, 375)","(103, 419, 0, 301)"
2402226.jpg,sitting on,ground,89,495,264,4,dove,60,84,287,173,1,3,499,353,257,347,"(264, 353, 4, 499)","(287, 347, 173, 257)"
2315654.jpg,sitting on,bench,45,64,421,241,person,42,24,404,247,1,3,305,466,271,446,"(421, 466, 241, 305)","(404, 446, 247, 271)"
2356942.jpg,sitting on,bike,44,48,201,436,man,66,22,177,448,1,3,484,245,470,243,"(201, 245, 436, 484)","(177, 243, 448, 470)"
2377991.jpg,sitting on,bench,137,302,171,142,backpack,70,72,162,357,1,3,444,308,429,232,"(171, 308, 142, 444)","(162, 232, 357, 429)"
2359451.jpg,wearing,pants,60,7,219,37,man,184,43,102,10,0,3,44,279,53,286,"(219, 279, 37, 44)","(102, 286, 10, 53)"
2400993.jpg,sitting on,table,193,165,146,2,dog,198,132,141,68,1,3,167,339,200,339,"(146, 339, 2, 167)","(141, 339, 68, 200)"
2394925.jpg,sitting on,table,50,90,164,299,vase,13,16,159,335,1,3,389,214,351,172,"(164, 214, 299, 389)","(159, 172, 335, 351)"
2411464.jpg,sitting on,girl,316,289,19,116,bear,153,103,115,192,1,3,405,335,295,268,"(19, 335, 116, 405)","(115, 268, 192, 295)"
2351391.jpg,standing on,court,369,480,4,3,people,167,278,144,148,0,3,483,373,426,311,"(4, 373, 3, 483)","(144, 311, 148, 426)"
1592095.jpg,wearing,shoes,29,58,676,339,man,174,71,525,318,0,3,397,705,389,699,"(676, 705, 339, 397)","(525, 699, 318, 389)"
2346319.jpg,eating,pancakes,83,194,352,73,guy,425,373,3,2,0,3,267,435,375,428,"(352, 435, 73, 267)","(3, 428, 2, 375)"
2408589.jpg,says,4.00,33,44,267,289,sign,90,69,229,279,0,3,333,300,348,319,"(267, 300, 289, 333)","(229, 319, 279, 348)"
2414952.jpg,wearing,shirt,29,23,166,459,adult,65,34,149,164,0,3,482,195,198,214,"(166, 195, 459, 482)","(149, 214, 164, 198)"
2353412.jpg,sitting on,desk,190,221,180,0,cd,12,76,65,135,1,3,221,370,211,77,"(180, 370, 0, 221)","(65, 77, 135, 211)"
2318570.jpg,wearing,shirt,36,37,243,257,guy,50,41,230,256,0,3,294,279,297,280,"(243, 279, 257, 294)","(230, 280, 256, 297)"
2376109.jpg,sitting on,bench,24,25,349,167,man,22,27,333,172,1,3,192,373,199,355,"(349, 373, 167, 192)","(333, 355, 172, 199)"
2401888.jpg,sitting on,desk,14,118,211,266,mouse,15,20,201,271,1,3,384,225,291,216,"(211, 225, 266, 384)","(201, 216, 271, 291)"
2356625.jpg,sitting on,bench,254,394,156,103,person,287,136,85,102,1,3,497,410,238,372,"(156, 410, 103, 497)","(85, 372, 102, 238)"
2408057.jpg,sitting on,paper,119,197,10,234,donut,134,168,14,73,1,3,431,129,241,148,"(10, 129, 234, 431)","(14, 148, 73, 241)"
2372560.jpg,sitting on,beach,253,497,78,1,cone,50,32,199,350,1,3,498,331,382,249,"(78, 331, 1, 498)","(199, 249, 350, 382)"
2369429.jpg,sitting on,grass,222,497,68,1,cow,177,355,10,8,1,3,498,290,363,187,"(68, 290, 1, 498)","(10, 187, 8, 363)"
2357560.jpg,covered in,snow,88,470,279,12,mountains,161,111,95,355,0,3,482,367,466,256,"(279, 367, 12, 482)","(95, 256, 355, 466)"
286036.jpg,sitting on,desk,111,147,370,5,telephone,87,80,308,51,1,3,152,481,131,395,"(370, 481, 5, 152)","(308, 395, 51, 131)"
2388030.jpg,hanging from,building,187,342,99,8,flag,36,18,194,11,0,3,350,286,29,230,"(99, 286, 8, 350)","(194, 230, 11, 29)"
2367938.jpg,sitting on,fence,48,151,221,348,people,62,63,107,329,1,3,499,269,392,169,"(221, 269, 348, 499)","(107, 169, 329, 392)"
2355094.jpg,wearing,necklace,89,34,152,202,boy,315,244,59,125,0,3,236,241,369,374,"(152, 241, 202, 236)","(59, 374, 125, 369)"
2386154.jpg,wearing,jeans,32,14,243,273,man,64,28,213,268,0,3,287,275,296,277,"(243, 275, 273, 287)","(213, 277, 268, 296)"
2389719.jpg,sitting on,floor,37,90,296,231,bag,104,65,228,53,1,3,321,333,118,332,"(296, 333, 231, 321)","(228, 332, 53, 118)"
2359983.jpg,sitting on,bed,380,357,70,7,lady,395,264,75,149,1,3,364,450,413,470,"(70, 450, 7, 364)","(75, 470, 149, 413)"
2389573.jpg,sitting on,stand,86,154,379,97,cake,108,113,299,113,1,3,251,465,226,407,"(379, 465, 97, 251)","(299, 407, 113, 226)"
2360852.jpg,sitting on,bench,39,20,306,11,man,156,89,277,29,1,3,31,345,118,433,"(306, 345, 11, 31)","(277, 433, 29, 118)"
2386909.jpg,wearing,hat,6,8,187,305,officer,47,20,188,300,0,3,313,193,320,235,"(187, 193, 305, 313)","(188, 235, 300, 320)"
2379637.jpg,sitting on,beach,74,494,256,3,vehicle,17,44,244,63,1,3,497,330,107,261,"(256, 330, 3, 497)","(244, 261, 63, 107)"
2389613.jpg,wearing,shirt,83,59,77,149,man,232,73,44,139,0,3,208,160,212,276,"(77, 160, 149, 208)","(44, 276, 139, 212)"
2400012.jpg,sitting on,table,332,374,166,0,sunglasses,40,70,177,112,1,3,374,498,182,217,"(166, 498, 0, 374)","(177, 217, 112, 182)"
2361268.jpg,sitting on,glass,254,361,47,2,jar,78,77,61,284,1,3,363,301,361,139,"(47, 301, 2, 363)","(61, 139, 284, 361)"
2404892.jpg,painted on,airplane,91,224,109,159,lettering,13,29,155,195,0,3,383,200,224,168,"(109, 200, 159, 383)","(155, 168, 195, 224)"
2326963.jpg,walking on,sidewalk,90,80,254,334,people,40,112,304,323,0,3,414,344,435,344,"(254, 344, 334, 414)","(304, 344, 323, 435)"
2388307.jpg,sitting on,tracks,56,499,246,1,train,102,465,154,18,1,3,500,302,483,256,"(246, 302, 1, 500)","(154, 256, 18, 483)"
2381967.jpg,wearing,jacket,56,52,87,208,man,97,85,72,203,0,3,260,143,288,169,"(87, 143, 208, 260)","(72, 169, 203, 288)"
2387856.jpg,sitting on,branch,372,371,2,2,skateboard,169,269,112,110,1,3,373,374,379,281,"(2, 374, 2, 373)","(112, 281, 110, 379)"
2414005.jpg,sitting on,bench,129,58,190,142,woman,152,77,132,148,1,3,200,319,225,284,"(190, 319, 142, 200)","(132, 284, 148, 225)"
2361307.jpg,sitting on,ground,70,482,88,2,child,22,9,109,210,1,3,484,158,219,131,"(88, 158, 2, 484)","(109, 131, 210, 219)"
2356799.jpg,sitting on,table,352,497,0,0,bowl,107,46,77,0,1,3,497,352,46,184,"(0, 352, 0, 497)","(77, 184, 0, 46)"
4918.jpg,sitting on,couch,65,69,161,0,pillow,39,49,149,0,1,3,69,226,49,188,"(161, 226, 0, 69)","(149, 188, 0, 49)"
2398972.jpg,wearing,pants,97,42,132,163,person,165,69,64,152,0,3,205,229,221,229,"(132, 229, 163, 205)","(64, 229, 152, 221)"
2363671.jpg,walking on,sidewalk,222,497,150,1,woman,240,77,85,171,0,3,498,372,248,325,"(150, 372, 1, 498)","(85, 325, 171, 248)"
2355173.jpg,sitting on,counter,22,205,231,269,bottle,41,14,190,296,1,3,474,253,310,231,"(231, 253, 269, 474)","(190, 231, 296, 310)"
2348883.jpg,wearing,coat,19,13,281,284,man,42,25,275,277,0,3,297,300,302,317,"(281, 300, 284, 297)","(275, 317, 277, 302)"
2383112.jpg,standing on,ground,92,287,171,2,giraffe,132,105,57,2,0,3,289,263,107,189,"(171, 263, 2, 289)","(57, 189, 2, 107)"
2351872.jpg,sitting on,ground,299,497,200,2,bench,74,111,256,263,1,3,499,499,374,330,"(200, 499, 2, 499)","(256, 330, 263, 374)"
2323972.jpg,walking on,beach,142,483,191,13,person,61,22,141,332,0,3,496,333,354,202,"(191, 333, 13, 496)","(141, 202, 332, 354)"
206.jpg,sitting on,lawn,123,796,476,2,person,19,20,484,655,1,3,798,599,675,503,"(476, 599, 2, 798)","(484, 503, 655, 675)"
2372283.jpg,sitting on,horse,192,216,137,72,man,183,73,85,152,1,3,288,329,225,268,"(137, 329, 72, 288)","(85, 268, 152, 225)"
2356028.jpg,covering,bed,258,216,239,0,bedspread,227,216,267,1,0,3,216,497,217,494,"(239, 497, 0, 216)","(267, 494, 1, 217)"
2388481.jpg,sitting on,daybed,39,45,156,327,animal,37,45,123,329,1,3,372,195,374,160,"(156, 195, 327, 372)","(123, 160, 329, 374)"
2407117.jpg,sitting on,desk,107,121,130,187,candlestick,45,55,152,181,1,3,308,237,236,197,"(130, 237, 187, 308)","(152, 197, 181, 236)"
2413236.jpg,sitting on,table,162,291,336,4,bag,67,83,340,7,1,3,295,498,90,407,"(336, 498, 4, 295)","(340, 407, 7, 90)"
2394831.jpg,sitting on,bench,20,16,101,74,people,20,22,95,77,1,3,90,121,99,115,"(101, 121, 74, 90)","(95, 115, 77, 99)"
2345482.jpg,hanging from,tree,70,120,60,144,leaf,4,5,77,200,0,3,264,130,205,81,"(60, 130, 144, 264)","(77, 81, 200, 205)"
2386400.jpg,sitting on,bench,52,80,74,166,woman,94,72,50,121,1,3,246,126,193,144,"(74, 126, 166, 246)","(50, 144, 121, 193)"
2379791.jpg,wearing,shirt,54,68,80,55,person,112,73,20,50,0,3,123,134,123,132,"(80, 134, 55, 123)","(20, 132, 50, 123)"
2402252.jpg,sitting on,ground,9,7,65,276,person,12,10,42,280,1,3,283,74,290,54,"(65, 74, 276, 283)","(42, 54, 280, 290)"
807.jpg,sitting on,sidewalk,299,663,301,1,lamppost,100,14,235,85,1,3,664,600,99,335,"(301, 600, 1, 664)","(235, 335, 85, 99)"
2352017.jpg,wearing,helmet,41,51,168,119,catcher,120,88,158,106,0,3,170,209,194,278,"(168, 209, 119, 170)","(158, 278, 106, 194)"
2357467.jpg,sitting on,mattress,119,498,214,1,girl,210,187,124,224,1,3,499,333,411,334,"(214, 333, 1, 499)","(124, 334, 224, 411)"
2344273.jpg,sitting on,bench,254,430,220,16,man,298,220,169,210,1,3,446,474,430,467,"(220, 474, 16, 446)","(169, 467, 210, 430)"
807.jpg,wearing,jacket,68,52,316,269,man,142,54,299,267,0,3,321,384,321,441,"(316, 384, 269, 321)","(299, 441, 267, 321)"
2348100.jpg,wearing,shirt,127,77,114,1,boy,290,96,69,0,0,3,78,241,96,359,"(114, 241, 1, 78)","(69, 359, 0, 96)"
2388777.jpg,covering,trees,125,206,0,27,snow,68,125,174,240,0,3,233,125,365,242,"(0, 125, 27, 233)","(174, 242, 240, 365)"
2363872.jpg,wearing,shirt,29,11,221,321,person,50,18,217,314,0,3,332,250,332,267,"(221, 250, 321, 332)","(217, 267, 314, 332)"
2398108.jpg,hanging from,ceiling,6,319,1,178,chandelier,104,187,1,266,0,3,497,7,453,105,"(1, 7, 178, 497)","(1, 105, 266, 453)"
2360925.jpg,sitting on,bike,30,22,266,339,man,57,33,231,331,1,3,361,296,364,288,"(266, 296, 339, 361)","(231, 288, 331, 364)"
2402008.jpg,wearing,t-shirt,46,62,105,277,kid,85,78,70,278,0,3,339,151,356,155,"(105, 151, 277, 339)","(70, 155, 278, 356)"
2371052.jpg,standing on,snow,40,40,101,313,skier,223,126,173,134,0,3,353,141,260,396,"(101, 141, 313, 353)","(173, 396, 134, 260)"
2372499.jpg,riding,sheep,112,120,190,240,child,87,64,169,252,0,3,360,302,316,256,"(190, 302, 240, 360)","(169, 256, 252, 316)"
2398077.jpg,sitting on,steps,328,493,1,1,man,244,195,5,118,1,3,494,329,313,249,"(1, 329, 1, 494)","(5, 249, 118, 313)"
2364111.jpg,sitting on,sign,309,257,149,26,bird,157,80,32,191,1,3,283,458,271,189,"(149, 458, 26, 283)","(32, 189, 191, 271)"
2390480.jpg,sitting on,toilet,150,108,38,30,cat,75,50,50,57,1,3,138,188,107,125,"(38, 188, 30, 138)","(50, 125, 57, 107)"
2357056.jpg,sitting on,patio,42,428,286,68,people,64,48,265,199,1,3,496,328,247,329,"(286, 328, 68, 496)","(265, 329, 199, 247)"
1592491.jpg,sitting on,plane,232,867,257,109,window,35,20,280,200,1,3,976,489,220,315,"(257, 489, 109, 976)","(280, 315, 200, 220)"
2364894.jpg,wearing,scarf,32,100,108,106,bear,282,157,41,56,0,3,206,140,213,323,"(108, 140, 106, 206)","(41, 323, 56, 213)"
2372202.jpg,wearing,suit,82,53,131,434,man,163,63,109,418,0,3,487,213,481,272,"(131, 213, 434, 487)","(109, 272, 418, 481)"
2378926.jpg,wearing,hat,14,12,158,201,man,33,14,161,199,0,3,213,172,213,194,"(158, 172, 201, 213)","(161, 194, 199, 213)"
2350540.jpg,covering,sky,352,415,0,1,clouds,350,400,2,2,0,3,416,352,402,352,"(0, 352, 1, 416)","(2, 352, 2, 402)"
2322787.jpg,wearing,shirt,30,12,409,92,person,36,29,405,66,0,3,104,439,95,441,"(409, 439, 92, 104)","(405, 441, 66, 95)"
2356737.jpg,wearing,helmet,46,42,24,311,man,174,132,20,269,0,3,353,70,401,194,"(24, 70, 311, 353)","(20, 194, 269, 401)"
2390614.jpg,sitting on,gravel,58,498,262,0,bike,117,171,198,41,1,3,498,320,212,315,"(262, 320, 0, 498)","(198, 315, 41, 212)"
2346728.jpg,sitting on,bed,339,499,35,0,cat,72,100,30,256,1,3,499,374,356,102,"(35, 374, 0, 499)","(30, 102, 256, 356)"
2392695.jpg,sitting on,motorcycle,202,246,172,202,person,306,99,59,336,1,3,448,374,435,365,"(172, 374, 202, 448)","(59, 365, 336, 435)"
2399537.jpg,sitting on,field,312,499,43,0,person,34,29,59,162,1,3,499,355,191,93,"(43, 355, 0, 499)","(59, 93, 162, 191)"
2388841.jpg,wearing,pin,16,16,224,110,man,203,226,75,52,0,3,126,240,278,278,"(224, 240, 110, 126)","(75, 278, 52, 278)"
2411286.jpg,sitting on,plate,167,321,52,178,donut,160,252,25,202,1,3,499,219,454,185,"(52, 219, 178, 499)","(25, 185, 202, 454)"
2361577.jpg,wearing,glasses,36,58,42,117,man,487,207,12,13,0,3,175,78,220,499,"(42, 78, 117, 175)","(12, 499, 13, 220)"
2356752.jpg,sitting on,suitcase,80,225,294,185,cat,181,77,157,3,1,3,410,374,80,338,"(294, 374, 185, 410)","(157, 338, 3, 80)"
2350997.jpg,sitting on,line,24,129,150,365,birds,114,133,113,365,1,3,494,174,498,227,"(150, 174, 365, 494)","(113, 227, 365, 498)"
2391291.jpg,wearing,gloves,79,61,181,146,man,323,155,108,61,0,3,207,260,216,431,"(181, 260, 146, 207)","(108, 431, 61, 216)"
2413158.jpg,sitting on,concrete,121,232,119,158,woman,284,181,8,123,1,3,390,240,304,292,"(119, 240, 158, 390)","(8, 292, 123, 304)"
2411666.jpg,wearing,glove,15,15,128,242,man,75,121,129,140,0,3,257,143,261,204,"(128, 143, 242, 257)","(129, 204, 140, 261)"
2356099.jpg,sitting on,shelf,9,43,179,146,book,37,3,145,151,1,3,189,188,154,182,"(179, 188, 146, 189)","(145, 182, 151, 154)"
2408355.jpg,wearing,cap,29,45,41,305,man,289,107,42,275,0,3,350,70,382,331,"(41, 70, 305, 350)","(42, 331, 275, 382)"
2317204.jpg,playing,tennis,73,60,178,41,guy,197,211,207,85,0,3,101,251,296,404,"(178, 251, 41, 101)","(207, 404, 85, 296)"
2391638.jpg,sitting on,platter,367,497,3,2,pizza,351,482,1,4,1,3,499,370,486,352,"(3, 370, 2, 499)","(1, 352, 4, 486)"
2381736.jpg,wearing,pants,150,118,155,32,person,286,170,10,24,0,3,150,305,194,296,"(155, 305, 32, 150)","(10, 296, 24, 194)"
2323091.jpg,sitting on,couch,171,192,114,250,pillows,68,110,132,342,1,3,442,285,452,200,"(114, 285, 250, 442)","(132, 200, 342, 452)"
2316459.jpg,sitting on,sand,127,498,372,0,man,148,168,260,305,1,3,498,499,473,408,"(372, 499, 0, 498)","(260, 408, 305, 473)"
713367.jpg,sitting on,bench,253,1024,177,0,boy,507,239,1,398,1,3,1024,430,637,508,"(177, 430, 0, 1024)","(1, 508, 398, 637)"
2391783.jpg,wearing,skis,176,153,315,48,girl,272,173,134,11,0,3,201,491,184,406,"(315, 491, 48, 201)","(134, 406, 11, 184)"
4633.jpg,sitting on,floor,46,208,249,233,table,135,204,171,240,1,3,441,295,444,306,"(249, 295, 233, 441)","(171, 306, 240, 444)"
2368811.jpg,wearing,goggles,14,27,88,212,skier,182,165,56,133,0,3,239,102,298,238,"(88, 102, 212, 239)","(56, 238, 133, 298)"
2383025.jpg,sitting on,crates,175,282,186,1,man,118,101,86,138,1,3,283,361,239,204,"(186, 361, 1, 283)","(86, 204, 138, 239)"
2323747.jpg,sitting on,grass,60,172,265,245,motorcycle,238,205,27,132,1,3,417,325,337,265,"(265, 325, 245, 417)","(27, 265, 132, 337)"
2362219.jpg,wearing,shirt,175,97,151,225,worker,439,189,60,145,0,3,322,326,334,499,"(151, 326, 225, 322)","(60, 499, 145, 334)"
2378934.jpg,sitting on,table,233,329,128,87,vase,53,35,126,131,1,3,416,361,166,179,"(128, 361, 87, 416)","(126, 179, 131, 166)"
2350030.jpg,sitting on,desk,122,144,208,181,keyboard,28,83,231,209,1,3,325,330,292,259,"(208, 330, 181, 325)","(231, 259, 209, 292)"
2411051.jpg,wearing,shirt,91,103,104,14,woman,134,110,54,15,0,3,117,195,125,188,"(104, 195, 14, 117)","(54, 188, 15, 125)"
1160220.jpg,sitting on,table,34,56,760,270,flowers,97,125,391,118,1,3,326,794,243,488,"(760, 794, 270, 326)","(391, 488, 118, 243)"
2357521.jpg,sitting on,napkin,84,212,190,158,cup,107,90,162,207,1,3,370,274,297,269,"(190, 274, 158, 370)","(162, 269, 207, 297)"
2358462.jpg,sitting on,table,263,193,237,181,plate,186,162,314,212,1,3,374,500,374,500,"(237, 500, 181, 374)","(314, 500, 212, 374)"
2349773.jpg,sitting on,lot,283,434,91,0,truck,301,200,1,300,1,3,434,374,500,302,"(91, 374, 0, 434)","(1, 302, 300, 500)"
2404063.jpg,sitting on,floor,243,497,131,1,backpack,108,74,178,219,1,3,498,374,293,286,"(131, 374, 1, 498)","(178, 286, 219, 293)"
2327015.jpg,eating,leaves,50,76,219,310,giraffe,133,293,148,111,0,3,386,269,404,281,"(219, 269, 310, 386)","(148, 281, 111, 404)"
2393826.jpg,wearing,green,127,141,69,268,man,248,213,29,199,0,3,409,196,412,277,"(69, 196, 268, 409)","(29, 277, 199, 412)"
2400401.jpg,painted on,vase,475,211,18,55,dot,8,9,397,113,0,3,266,493,122,405,"(18, 493, 55, 266)","(397, 405, 113, 122)"
4117.jpg,sitting on,chair,64,152,360,373,man,213,163,210,346,1,3,525,424,509,423,"(360, 424, 373, 525)","(210, 423, 346, 509)"
2380777.jpg,sitting on,couch,191,354,181,143,person,56,120,178,379,1,3,497,372,499,234,"(181, 372, 143, 497)","(178, 234, 379, 499)"
2365698.jpg,sitting on,couch,271,485,104,8,girl,278,165,97,84,1,3,493,375,249,375,"(104, 375, 8, 493)","(97, 375, 84, 249)"
2351474.jpg,sitting on,bed,140,480,95,18,cat,103,90,133,93,1,3,498,235,183,236,"(95, 235, 18, 498)","(133, 236, 93, 183)"
2392061.jpg,wearing,shorts,126,122,311,198,man,396,278,43,42,0,3,320,437,320,439,"(311, 437, 198, 320)","(43, 439, 42, 320)"
2829.jpg,parked on,curb,108,186,334,612,car,26,27,311,584,0,3,798,442,611,337,"(334, 442, 612, 798)","(311, 337, 584, 611)"
2342243.jpg,sitting on,base,93,161,393,1,buddha,214,136,197,3,1,3,162,486,139,411,"(393, 486, 1, 162)","(197, 411, 3, 139)"
2396481.jpg,wearing,helmet,16,26,205,301,catcher,89,69,206,279,0,3,327,221,348,295,"(205, 221, 301, 327)","(206, 295, 279, 348)"
2363982.jpg,sitting on,ground,154,499,221,0,ski,13,144,300,29,1,3,499,375,173,313,"(221, 375, 0, 499)","(300, 313, 29, 173)"
2319634.jpg,sitting on,bench,188,237,90,154,man,255,136,75,151,1,3,391,278,287,330,"(90, 278, 154, 391)","(75, 330, 151, 287)"
2390985.jpg,sitting on,table,138,307,236,191,disks,42,77,322,240,1,3,498,374,317,364,"(236, 374, 191, 498)","(322, 364, 240, 317)"
2391390.jpg,sitting on,counter,48,165,60,172,toothbrush,19,9,40,301,1,3,337,108,310,59,"(60, 108, 172, 337)","(40, 59, 301, 310)"
2386681.jpg,wearing,shirt,93,83,143,211,man,163,106,80,203,0,3,294,236,309,243,"(143, 236, 211, 294)","(80, 243, 203, 309)"
2410910.jpg,sitting on,plate,102,201,394,66,cake,66,80,421,122,1,3,267,496,202,487,"(394, 496, 66, 267)","(421, 487, 122, 202)"
2321827.jpg,standing on,ground,188,420,143,2,shoe,23,20,218,171,0,3,422,331,191,241,"(143, 331, 2, 422)","(218, 241, 171, 191)"
2404163.jpg,wearing,scarf,134,79,2,106,woman,360,370,1,0,0,3,185,136,370,361,"(2, 136, 106, 185)","(1, 361, 0, 370)"
2342271.jpg,sitting on,plate,20,120,149,3,bowl,43,82,117,1,1,3,123,169,83,160,"(149, 169, 3, 123)","(117, 160, 1, 83)"
2404212.jpg,riding,bicycle,68,123,312,42,man,109,42,269,102,0,3,165,380,144,378,"(312, 380, 42, 165)","(269, 378, 102, 144)"
2322813.jpg,growing on,hill,255,499,72,0,bush,10,11,148,227,0,3,499,327,238,158,"(72, 327, 0, 499)","(148, 158, 227, 238)"
2333592.jpg,covering,ground,146,319,349,5,cement,89,195,396,60,0,3,324,495,255,485,"(349, 495, 5, 324)","(396, 485, 60, 255)"
2387270.jpg,watching,man,319,225,157,46,people,58,66,16,35,0,3,271,476,101,74,"(157, 476, 46, 271)","(16, 74, 35, 101)"
2388096.jpg,wearing,jacket,22,21,151,414,person,46,23,147,412,0,3,435,173,435,193,"(151, 173, 414, 435)","(147, 193, 412, 435)"
2359374.jpg,sitting on,ground,109,115,248,92,bananas,120,121,135,148,1,3,207,357,269,255,"(248, 357, 92, 207)","(135, 255, 148, 269)"
2385333.jpg,sitting on,sled,38,104,266,218,baby,90,76,200,232,1,3,322,304,308,290,"(266, 304, 218, 322)","(200, 290, 232, 308)"
2412588.jpg,wearing,shirt,216,86,283,277,boy,156,60,205,314,0,3,363,499,374,361,"(283, 499, 277, 363)","(205, 361, 314, 374)"
2386810.jpg,sitting on,table,110,89,168,205,plant,72,83,107,218,1,3,294,278,301,179,"(168, 278, 205, 294)","(107, 179, 218, 301)"
2373489.jpg,sitting on,floor,18,75,120,5,person,41,29,79,144,1,3,80,138,173,120,"(120, 138, 5, 80)","(79, 120, 144, 173)"
2410226.jpg,carrying,racket,13,21,170,340,player,306,203,26,189,0,3,361,183,392,332,"(170, 183, 340, 361)","(26, 332, 189, 392)"
2318460.jpg,sitting on,tray,276,497,97,1,dish,210,488,97,3,1,3,498,373,491,307,"(97, 373, 1, 498)","(97, 307, 3, 491)"
2378414.jpg,sitting on,cookies,178,380,320,0,doll,154,157,271,59,1,3,380,498,216,425,"(320, 498, 0, 380)","(271, 425, 59, 216)"
2333172.jpg,wearing,shoes,30,36,227,2,man,252,94,7,10,0,3,38,257,104,259,"(227, 257, 2, 38)","(7, 259, 10, 104)"
2361273.jpg,sitting on,coaster,56,115,8,352,glass,59,80,1,372,1,3,467,64,452,60,"(8, 64, 352, 467)","(1, 60, 372, 452)"
2376778.jpg,wearing,bracelets,23,21,172,318,woman,289,322,10,86,0,3,339,195,408,299,"(172, 195, 318, 339)","(10, 299, 86, 408)"
2376838.jpg,sitting on,shelf,8,90,73,243,box,53,49,21,244,1,3,333,81,293,74,"(73, 81, 243, 333)","(21, 74, 244, 293)"
2323655.jpg,wearing,glasses,76,125,99,163,man,198,160,50,156,0,3,288,175,316,248,"(99, 175, 163, 288)","(50, 248, 156, 316)"
2345477.jpg,says,text,31,26,128,259,tail,31,35,126,255,0,3,285,159,290,157,"(128, 159, 259, 285)","(126, 157, 255, 290)"
2399588.jpg,sitting on,floor,196,497,304,2,bucket,48,43,283,337,1,3,499,500,380,331,"(304, 500, 2, 499)","(283, 331, 337, 380)"
2383270.jpg,sitting on,table,322,370,177,2,plate,133,274,280,98,1,3,372,499,372,413,"(177, 499, 2, 372)","(280, 413, 98, 372)"
2410909.jpg,sitting on,boat,302,265,3,100,people,20,23,272,172,1,3,365,305,195,292,"(3, 305, 100, 365)","(272, 292, 172, 195)"
2372101.jpg,sitting on,plate,100,158,169,3,food,93,116,165,11,1,3,161,269,127,258,"(169, 269, 3, 161)","(165, 258, 11, 127)"
2343543.jpg,wearing,sunglass,73,364,1,86,man,330,376,2,123,0,3,450,74,499,332,"(1, 74, 86, 450)","(2, 332, 123, 499)"
2364091.jpg,sitting on,bench,33,161,112,0,person,50,70,95,43,1,3,161,145,113,145,"(112, 145, 0, 161)","(95, 145, 43, 113)"
169.jpg,sitting on,shelves,192,441,70,2,bread,22,152,194,154,1,3,443,262,306,216,"(70, 262, 2, 443)","(194, 216, 154, 306)"
2415365.jpg,sitting on,drain,109,110,206,122,orange,78,76,224,146,1,3,232,315,222,302,"(206, 315, 122, 232)","(224, 302, 146, 222)"
2356809.jpg,playing,tam-tam,83,98,217,70,man,157,89,162,12,0,3,168,300,101,319,"(217, 300, 70, 168)","(162, 319, 12, 101)"
2396723.jpg,sitting on,couch,188,499,140,0,man,297,496,30,2,1,3,499,328,498,327,"(140, 328, 0, 499)","(30, 327, 2, 498)"
2384797.jpg,wearing,helmet,103,86,56,184,man,215,260,47,175,0,3,270,159,435,262,"(56, 159, 184, 270)","(47, 262, 175, 435)"
2341598.jpg,wearing,boot,44,61,288,290,rider,253,212,94,142,0,3,351,332,354,347,"(288, 332, 290, 351)","(94, 347, 142, 354)"
2362252.jpg,sitting on,surfboard,75,493,243,6,man,260,285,27,107,1,3,499,318,392,287,"(243, 318, 6, 499)","(27, 287, 107, 392)"
2411139.jpg,wearing,sock,135,102,54,314,person,249,328,0,139,0,3,416,189,467,249,"(54, 189, 314, 416)","(0, 249, 139, 467)"
2407578.jpg,sitting on,plate,25,76,254,287,fork,21,52,247,290,1,3,363,279,342,268,"(254, 279, 287, 363)","(247, 268, 290, 342)"
2389323.jpg,sitting on,motorcycle,92,164,195,93,man,143,83,145,128,1,3,257,287,211,288,"(195, 287, 93, 257)","(145, 288, 128, 211)"
2395083.jpg,sitting on,pail,21,22,133,293,woman,64,43,91,296,1,3,315,154,339,155,"(133, 154, 293, 315)","(91, 155, 296, 339)"
2399307.jpg,sitting on,table,111,464,370,18,bowl,86,206,366,53,1,3,482,481,259,452,"(370, 481, 18, 482)","(366, 452, 53, 259)"
2371979.jpg,sitting on,branch,330,230,0,220,bird,304,276,13,105,1,3,450,330,381,317,"(0, 330, 220, 450)","(13, 317, 105, 381)"
2368155.jpg,sitting on,bench,63,68,253,125,person,49,33,260,152,1,3,193,316,185,309,"(253, 316, 125, 193)","(260, 309, 152, 185)"
2361788.jpg,eating,grass,191,498,88,1,sheep,74,63,101,436,0,3,499,279,499,175,"(88, 279, 1, 499)","(101, 175, 436, 499)"
1592922.jpg,sitting on,couch,121,87,446,471,guy,567,266,85,658,1,3,558,567,924,652,"(446, 567, 471, 558)","(85, 652, 658, 924)"
2343100.jpg,sitting on,ground,79,166,211,163,giraffe,191,110,75,187,1,3,329,290,297,266,"(211, 290, 163, 329)","(75, 266, 187, 297)"
2327653.jpg,sitting on,shelf,59,175,222,5,book,35,11,206,135,1,3,180,281,146,241,"(222, 281, 5, 180)","(206, 241, 135, 146)"
2387317.jpg,wearing,pants,91,307,241,14,man,332,482,1,16,0,3,321,332,498,333,"(241, 332, 14, 321)","(1, 333, 16, 498)"
2318982.jpg,sitting on,train,429,297,71,2,lantern,49,24,345,155,1,3,299,500,179,394,"(71, 500, 2, 299)","(345, 394, 155, 179)"
2393800.jpg,sitting on,table,58,83,150,362,tv,67,62,100,375,1,3,445,208,437,167,"(150, 208, 362, 445)","(100, 167, 375, 437)"
2385069.jpg,sitting on,sand,113,496,168,2,man,39,26,173,2,1,3,498,281,28,212,"(168, 281, 2, 498)","(173, 212, 2, 28)"
2369247.jpg,sitting on,pavement,96,124,279,242,bench,111,85,197,281,1,3,366,375,366,308,"(279, 375, 242, 366)","(197, 308, 281, 366)"
2412511.jpg,carrying,bird,133,95,95,81,rock,75,499,205,1,0,3,176,228,500,280,"(95, 228, 81, 176)","(205, 280, 1, 500)"
3155.jpg,wearing,skirt,49,45,395,574,woman,132,53,343,570,0,3,619,444,623,475,"(395, 444, 574, 619)","(343, 475, 570, 623)"
2408599.jpg,watching,skater,169,112,100,73,woman,120,45,108,422,0,3,185,269,467,228,"(100, 269, 73, 185)","(108, 228, 422, 467)"
2355516.jpg,sitting on,shelf,155,116,1,379,book,89,19,58,462,1,3,495,156,481,147,"(1, 156, 379, 495)","(58, 147, 462, 481)"
2411820.jpg,wearing,helmet,19,34,43,134,man,316,115,49,136,0,3,168,62,251,365,"(43, 62, 134, 168)","(49, 365, 136, 251)"
2317930.jpg,wearing,cap,8,17,26,19,guy,29,33,24,7,0,3,36,34,40,53,"(26, 34, 19, 36)","(24, 53, 7, 40)"
2341421.jpg,sitting on,counter,50,70,280,12,toothpaste,62,24,252,3,1,3,82,330,27,314,"(280, 330, 12, 82)","(252, 314, 3, 27)"
2398681.jpg,sitting on,elephant,218,324,113,19,man,109,93,44,232,1,3,343,331,325,153,"(113, 331, 19, 343)","(44, 153, 232, 325)"
2409511.jpg,standing on,sidewalk,130,298,262,78,light,240,64,79,117,0,3,376,392,181,319,"(262, 392, 78, 376)","(79, 319, 117, 181)"
2346257.jpg,wearing,hat,42,51,56,262,woman,145,175,66,193,0,3,313,98,368,211,"(56, 98, 262, 313)","(66, 211, 193, 368)"
2378621.jpg,sitting on,aisle,142,120,3,5,man,90,43,20,122,1,3,125,145,165,110,"(3, 145, 5, 125)","(20, 110, 122, 165)"
2342941.jpg,mounted on,wall,427,65,45,267,window,159,13,134,320,0,3,332,472,333,293,"(45, 472, 267, 332)","(134, 293, 320, 333)"
2387492.jpg,growing on,easement,43,90,172,6,tree,178,30,5,31,0,3,96,215,61,183,"(172, 215, 6, 96)","(5, 183, 31, 61)"
2408629.jpg,wearing,shirt,38,58,6,56,person,41,62,0,54,0,3,114,44,116,41,"(6, 44, 56, 114)","(0, 41, 54, 116)"
2392242.jpg,sitting on,rice,42,116,33,268,fish,130,206,1,145,1,3,384,75,351,131,"(33, 75, 268, 384)","(1, 131, 145, 351)"
2388949.jpg,using,skis,45,117,172,169,man,179,147,65,196,0,3,286,217,343,244,"(172, 217, 169, 286)","(65, 244, 196, 343)"
2374280.jpg,wearing,bracelet,19,16,312,155,woman,292,130,39,54,0,3,171,331,184,331,"(312, 331, 155, 171)","(39, 331, 54, 184)"
2394057.jpg,sitting on,nightstand,210,100,164,1,bag,74,53,130,9,1,3,101,374,62,204,"(164, 374, 1, 101)","(130, 204, 9, 62)"
2349612.jpg,sitting on,dresser,74,151,167,22,candle,70,75,113,29,1,3,173,241,104,183,"(167, 241, 22, 173)","(113, 183, 29, 104)"
2404206.jpg,sitting on,ground,90,498,283,2,pot,81,52,238,263,1,3,500,373,315,319,"(283, 373, 2, 500)","(238, 319, 263, 315)"
2363227.jpg,sitting on,sand,178,480,174,5,people,50,88,182,275,1,3,485,352,363,232,"(174, 352, 5, 485)","(182, 232, 275, 363)"
2371075.jpg,sitting on,chair,244,145,86,352,bag,96,192,0,305,1,3,497,330,497,96,"(86, 330, 352, 497)","(0, 96, 305, 497)"
2415030.jpg,wearing,green,32,42,134,120,sheep,47,72,132,114,0,3,162,166,186,179,"(134, 166, 120, 162)","(132, 179, 114, 186)"
2372227.jpg,sitting on,bench,22,38,240,434,people,24,33,241,437,1,3,472,262,470,265,"(240, 262, 434, 472)","(241, 265, 437, 470)"
2396610.jpg,wearing,shirt,187,254,136,245,woman,319,297,10,196,0,3,499,323,493,329,"(136, 323, 245, 499)","(10, 329, 196, 493)"
2404515.jpg,wearing,shoes,74,66,369,11,batter,222,110,147,0,0,3,77,443,110,369,"(369, 443, 11, 77)","(147, 369, 0, 110)"
2402523.jpg,wearing,shorts,27,36,5,276,character,53,110,1,242,0,3,312,32,352,54,"(5, 32, 276, 312)","(1, 54, 242, 352)"
2341353.jpg,growing on,tree,162,62,7,4,leaf,3,2,28,46,0,3,66,169,48,31,"(7, 169, 4, 66)","(28, 31, 46, 48)"
2374683.jpg,sitting on,plate,82,152,235,134,lemon,27,45,271,215,1,3,286,317,260,298,"(235, 317, 134, 286)","(271, 298, 215, 260)"
2379864.jpg,wearing,shirt,144,101,229,298,woman,221,147,153,261,0,3,399,373,408,374,"(229, 373, 298, 399)","(153, 374, 261, 408)"
2348197.jpg,wearing,jeans,176,82,295,188,person,372,140,123,133,0,3,270,471,273,495,"(295, 471, 188, 270)","(123, 495, 133, 273)"
2389093.jpg,wearing,dress,79,46,262,108,woman,122,52,246,113,0,3,154,341,165,368,"(262, 341, 108, 154)","(246, 368, 113, 165)"
2341701.jpg,parked on,street,142,499,210,0,car,36,35,185,120,0,3,499,352,155,221,"(210, 352, 0, 499)","(185, 221, 120, 155)"
2335976.jpg,sitting on,stool,64,55,269,137,girl,65,57,231,134,1,3,192,333,191,296,"(269, 333, 137, 192)","(231, 296, 134, 191)"
2327299.jpg,wearing,hat,35,42,85,74,man,212,75,85,64,0,3,116,120,139,297,"(85, 120, 74, 116)","(85, 297, 64, 139)"
2350156.jpg,wearing,wall,435,351,10,8,this,439,349,7,6,0,3,359,445,355,446,"(10, 445, 8, 359)","(7, 446, 6, 355)"
2414933.jpg,sitting on,counter,93,232,262,141,bottle,67,20,243,282,1,3,373,355,302,310,"(262, 355, 141, 373)","(243, 310, 282, 302)"
2402400.jpg,sitting on,pan,119,195,264,236,pizza,112,159,264,242,1,3,431,383,401,376,"(264, 383, 236, 431)","(264, 376, 242, 401)"
2344146.jpg,sitting on,sidewalk,163,376,167,4,man,135,80,110,227,1,3,380,330,307,245,"(167, 330, 4, 380)","(110, 245, 227, 307)"
2338249.jpg,sitting on,hill,72,195,127,301,man,44,39,91,355,1,3,496,199,394,135,"(127, 199, 301, 496)","(91, 135, 355, 394)"
2377720.jpg,wearing,shirt,76,117,103,96,man,191,302,62,34,0,3,213,179,336,253,"(103, 179, 96, 213)","(62, 253, 34, 336)"
2356073.jpg,sitting on,table,270,374,21,62,camera,67,127,161,369,1,3,436,291,496,228,"(21, 291, 62, 436)","(161, 228, 369, 496)"
2402204.jpg,standing on,sidewalk,200,377,156,0,woman,352,114,4,169,0,3,377,356,283,356,"(156, 356, 0, 377)","(4, 356, 169, 283)"
713227.jpg,sitting on,sofa,322,676,698,34,woman,400,220,616,102,1,3,710,1020,322,1016,"(698, 1020, 34, 710)","(616, 1016, 102, 322)"
2368542.jpg,wearing,coat,24,22,267,280,person,37,27,258,276,0,3,302,291,303,295,"(267, 291, 280, 302)","(258, 295, 276, 303)"
2413085.jpg,wearing,pants,53,31,224,69,motorcyclist,120,65,172,37,0,3,100,277,102,292,"(224, 277, 69, 100)","(172, 292, 37, 102)"
2381585.jpg,sitting on,runway,39,397,252,103,plane,27,76,229,128,1,3,500,291,204,256,"(252, 291, 103, 500)","(229, 256, 128, 204)"
2336073.jpg,growing on,tree,122,30,156,37,leaf,7,4,162,57,0,3,67,278,61,169,"(156, 278, 37, 67)","(162, 169, 57, 61)"
1592134.jpg,parked on,street,299,413,448,610,car,85,176,299,81,0,3,1023,747,257,384,"(448, 747, 610, 1023)","(299, 384, 81, 257)"
2394015.jpg,wearing,shoe,25,19,257,431,man,245,127,44,373,0,3,450,282,500,289,"(257, 282, 431, 450)","(44, 289, 373, 500)"
2403205.jpg,wearing,jacket,155,132,56,271,woman,366,200,8,201,0,3,403,211,401,374,"(56, 211, 271, 403)","(8, 374, 201, 401)"
2317579.jpg,sitting on,beach,182,332,318,0,tent,23,27,297,77,1,3,332,500,104,320,"(318, 500, 0, 332)","(297, 320, 77, 104)"
2319071.jpg,sitting on,bench,11,67,172,289,people,29,47,157,310,1,3,356,183,357,186,"(172, 183, 289, 356)","(157, 186, 310, 357)"
2393868.jpg,sitting on,bench,210,343,182,154,man,371,439,19,52,1,3,497,392,491,390,"(182, 392, 154, 497)","(19, 390, 52, 491)"
2400959.jpg,sitting on,bleachers,167,499,0,0,person,40,23,28,0,1,3,499,167,23,68,"(0, 167, 0, 499)","(28, 68, 0, 23)"
2409711.jpg,wearing,jacket,80,81,144,188,woman,214,80,128,189,0,3,269,224,269,342,"(144, 224, 188, 269)","(128, 342, 189, 269)"
2396040.jpg,wearing,shirt,34,70,244,386,umpire,104,105,229,374,0,3,456,278,479,333,"(244, 278, 386, 456)","(229, 333, 374, 479)"
2348722.jpg,sitting on,bleachers,123,369,25,19,people,75,98,18,0,1,3,388,148,98,93,"(25, 148, 19, 388)","(18, 93, 0, 98)"
2395701.jpg,mounted on,wall,320,498,2,0,photograph,92,56,76,53,0,3,498,322,109,168,"(2, 322, 0, 498)","(76, 168, 53, 109)"
2341938.jpg,sitting on,table,368,494,4,4,candle,24,15,24,244,1,3,498,372,259,48,"(4, 372, 4, 498)","(24, 48, 244, 259)"
2352756.jpg,covered in,snow,106,497,137,0,hills,254,475,110,9,0,3,497,243,484,364,"(137, 243, 0, 497)","(110, 364, 9, 484)"
2320546.jpg,sitting on,table,83,136,246,174,coaster,10,20,271,248,1,3,310,329,268,281,"(246, 329, 174, 310)","(271, 281, 248, 268)"
2414043.jpg,wearing,vest,35,31,40,327,person,95,38,32,323,0,3,358,75,361,127,"(40, 75, 327, 358)","(32, 127, 323, 361)"
2375105.jpg,sitting on,table,71,146,259,0,carrots,216,277,115,137,1,3,146,330,414,331,"(259, 330, 0, 146)","(115, 331, 137, 414)"
2413866.jpg,watching,match,284,375,215,0,woman,124,73,69,277,0,3,375,499,350,193,"(215, 499, 0, 375)","(69, 193, 277, 350)"
2392277.jpg,wearing,shoe,15,21,386,230,man,157,121,244,158,0,3,251,401,279,401,"(386, 401, 230, 251)","(244, 401, 158, 279)"
2407130.jpg,hanging from,ceiling,300,498,2,1,umbrella,89,198,1,73,0,3,499,302,271,90,"(2, 302, 1, 499)","(1, 90, 73, 271)"
2411136.jpg,sitting on,table,46,162,305,25,bottle,37,25,232,192,1,3,187,351,217,269,"(305, 351, 25, 187)","(232, 269, 192, 217)"
2404336.jpg,wearing,glasses,11,21,87,314,woman,112,66,66,285,0,3,335,98,351,178,"(87, 98, 314, 335)","(66, 178, 285, 351)"
2388250.jpg,wearing,shorts,25,25,213,224,man,73,35,177,220,0,3,249,238,255,250,"(213, 238, 224, 249)","(177, 250, 220, 255)"
2352763.jpg,wearing,spectacles,28,119,133,156,lady,370,411,28,17,0,3,275,161,428,398,"(133, 161, 156, 275)","(28, 398, 17, 428)"
2415400.jpg,mounted on,skateboard,36,79,216,168,wheel,8,10,242,229,0,3,247,252,239,250,"(216, 252, 168, 247)","(242, 250, 229, 239)"
2357419.jpg,sitting on,floor,143,342,356,32,cabinet,153,201,312,26,1,3,374,499,227,465,"(356, 499, 32, 374)","(312, 465, 26, 227)"
2355878.jpg,sitting on,motorbike,87,52,251,192,person,111,69,218,184,1,3,244,338,253,329,"(251, 338, 192, 244)","(218, 329, 184, 253)"
2411823.jpg,wearing,jumpsuit,87,26,55,224,man,100,28,40,226,0,3,250,142,254,140,"(55, 142, 224, 250)","(40, 140, 226, 254)"
2398827.jpg,sitting on,bed,408,371,90,3,pillow,27,117,171,201,1,3,374,498,318,198,"(90, 498, 3, 374)","(171, 198, 201, 318)"
2379128.jpg,sitting on,bus,244,404,111,58,driver,41,27,236,105,1,3,462,355,132,277,"(111, 355, 58, 462)","(236, 277, 105, 132)"
2360869.jpg,covering,eye,22,28,155,130,fur,15,20,147,138,0,3,158,177,158,162,"(155, 177, 130, 158)","(147, 162, 138, 158)"
2346086.jpg,wearing,cap,176,341,38,89,dog,308,399,66,3,0,3,430,214,402,374,"(38, 214, 89, 430)","(66, 374, 3, 402)"
771.jpg,mounted on,car,140,291,327,106,tire,52,45,411,211,0,3,397,467,256,463,"(327, 467, 106, 397)","(411, 463, 211, 256)"
2402984.jpg,walking on,beach,70,174,161,326,woman,60,39,133,407,0,3,500,231,446,193,"(161, 231, 326, 500)","(133, 193, 407, 446)"
2347389.jpg,sitting on,stove,50,280,86,149,pot,72,80,24,287,1,3,429,136,367,96,"(86, 136, 149, 429)","(24, 96, 287, 367)"
2395144.jpg,wearing,sneaker,44,43,263,187,man,307,218,0,104,0,3,230,307,322,307,"(263, 307, 187, 230)","(0, 307, 104, 322)"
2349954.jpg,sitting on,grass,108,57,129,442,person,454,267,3,177,1,3,499,237,444,457,"(129, 237, 442, 499)","(3, 457, 177, 444)"
2405437.jpg,wearing,sandals,28,60,396,246,women,263,150,157,161,0,3,306,424,311,420,"(396, 424, 246, 306)","(157, 420, 161, 311)"
2412820.jpg,wearing,hat,8,8,373,254,man,94,34,375,240,0,3,262,381,274,469,"(373, 381, 254, 262)","(375, 469, 240, 274)"
3759.jpg,growing on,plant,162,78,262,16,leaf,7,6,280,24,0,3,94,424,30,287,"(262, 424, 16, 94)","(280, 287, 24, 30)"
2358968.jpg,sitting on,bench,129,432,115,54,man,210,161,66,221,1,3,486,244,382,276,"(115, 244, 54, 486)","(66, 276, 221, 382)"
2410424.jpg,wearing,backpack,47,20,45,51,person,136,55,18,51,0,3,71,92,106,154,"(45, 92, 51, 71)","(18, 154, 51, 106)"
2321329.jpg,sitting on,bench,133,282,305,102,lady,173,60,257,249,1,3,384,438,309,430,"(305, 438, 102, 384)","(257, 430, 249, 309)"
2385810.jpg,sitting on,plate,66,415,202,84,salad,157,213,58,168,1,3,499,268,381,215,"(202, 268, 84, 499)","(58, 215, 168, 381)"
2365526.jpg,wearing,wetsuit,152,110,164,208,man,182,117,133,201,0,3,318,316,318,315,"(164, 316, 208, 318)","(133, 315, 201, 318)"
2403021.jpg,wearing,suit,124,96,107,196,man,234,97,55,196,0,3,292,231,293,289,"(107, 231, 196, 292)","(55, 289, 196, 293)"
2410497.jpg,wearing,cap,22,38,87,153,boy,167,83,85,125,0,3,191,109,208,252,"(87, 109, 153, 191)","(85, 252, 125, 208)"
2385934.jpg,wearing,wristband,28,29,238,262,man,293,306,15,3,0,3,291,266,309,308,"(238, 266, 262, 291)","(15, 308, 3, 309)"
2337701.jpg,covered in,sand,55,228,250,239,ground,134,493,194,5,0,3,467,305,498,328,"(250, 305, 239, 467)","(194, 328, 5, 498)"
2318389.jpg,sitting on,table,495,326,3,5,fork,73,129,15,11,1,3,331,498,140,88,"(3, 498, 5, 331)","(15, 88, 11, 140)"
286082.jpg,painted on,curb,98,807,684,4,paint,57,567,726,248,0,3,811,782,815,783,"(684, 782, 4, 811)","(726, 783, 248, 815)"
2336306.jpg,sitting on,bench,82,98,282,67,guy,127,110,246,21,1,3,165,364,131,373,"(282, 364, 67, 165)","(246, 373, 21, 131)"
2356099.jpg,sitting on,desk,175,185,233,14,monitor,57,66,174,82,1,3,199,408,148,231,"(233, 408, 14, 199)","(174, 231, 82, 148)"
2359054.jpg,sitting on,bench,110,277,293,202,man,317,138,91,293,1,3,479,403,431,408,"(293, 403, 202, 479)","(91, 408, 293, 431)"
2340659.jpg,painted on,street,180,484,105,0,line,13,43,204,0,0,3,484,285,43,217,"(105, 285, 0, 484)","(204, 217, 0, 43)"
1401.jpg,sitting on,couch,30,23,374,547,man,35,30,434,324,1,3,570,404,354,469,"(374, 404, 547, 570)","(434, 469, 324, 354)"
2399633.jpg,wearing,helmet,22,31,56,215,kid,124,179,50,157,0,3,246,78,336,174,"(56, 78, 215, 246)","(50, 174, 157, 336)"
2336694.jpg,sitting on,table,89,485,284,8,silver,127,25,219,285,1,3,493,373,310,346,"(284, 373, 8, 493)","(219, 346, 285, 310)"
2361976.jpg,sitting on,couch,224,425,147,73,woman,171,54,83,3,1,3,498,371,57,254,"(147, 371, 73, 498)","(83, 254, 3, 57)"
2351834.jpg,sitting on,desk,279,499,1,0,computer,205,331,1,0,1,3,499,280,331,206,"(1, 280, 0, 499)","(1, 206, 0, 331)"
2355818.jpg,wearing,glasses,30,22,117,116,woman,327,249,47,1,0,3,138,147,250,374,"(117, 147, 116, 138)","(47, 374, 1, 250)"
2392740.jpg,riding,surfboard,13,270,189,131,woman,133,99,68,229,0,3,401,202,328,201,"(189, 202, 131, 401)","(68, 201, 229, 328)"
2407796.jpg,riding,skateboard,20,76,243,7,man,157,68,94,5,0,3,83,263,73,251,"(243, 263, 7, 83)","(94, 251, 5, 73)"
2376499.jpg,painted on,runway,141,498,189,1,line,73,469,214,3,0,3,499,330,472,287,"(189, 330, 1, 499)","(214, 287, 3, 472)"
2384523.jpg,sitting on,dirt,218,497,114,2,spool,48,42,181,457,1,3,499,332,499,229,"(114, 332, 2, 499)","(181, 229, 457, 499)"
2387334.jpg,sitting on,table,77,498,297,0,box,161,131,160,1,1,3,498,374,132,321,"(297, 374, 0, 498)","(160, 321, 1, 132)"
2394476.jpg,sitting on,couch,56,175,273,7,woman,88,155,244,16,1,3,182,329,171,332,"(273, 329, 7, 182)","(244, 332, 16, 171)"
2362127.jpg,wearing,sweater,70,187,166,65,boy,308,156,125,102,0,3,252,236,258,433,"(166, 236, 65, 252)","(125, 433, 102, 258)"
2402836.jpg,wearing,hat,28,40,21,165,man,180,89,12,131,0,3,205,49,220,192,"(21, 49, 165, 205)","(12, 192, 131, 220)"
2324658.jpg,parked on,street,163,412,193,24,vehicle,90,135,205,332,0,3,436,356,467,295,"(193, 356, 24, 436)","(205, 295, 332, 467)"
2405894.jpg,wearing,hats,11,31,100,128,skiers,203,184,75,108,0,3,159,111,292,278,"(100, 111, 128, 159)","(75, 278, 108, 292)"
2399552.jpg,sitting on,desk,94,84,212,175,lamp,35,23,179,194,1,3,259,306,217,214,"(212, 306, 175, 259)","(179, 214, 194, 217)"
2326899.jpg,sitting on,towel,52,150,262,1,woman,264,229,42,0,1,3,151,314,229,306,"(262, 314, 1, 151)","(42, 306, 0, 229)"
2402963.jpg,sitting on,chair,225,168,103,28,man,72,126,29,57,1,3,196,328,183,101,"(103, 328, 28, 196)","(29, 101, 57, 183)"
2403149.jpg,sitting on,desk,197,499,177,0,cord,42,105,224,394,1,3,499,374,499,266,"(177, 374, 0, 499)","(224, 266, 394, 499)"
2404383.jpg,walking on,street,95,498,279,1,man,59,20,235,1,0,3,499,374,21,294,"(279, 374, 1, 499)","(235, 294, 1, 21)"
2351148.jpg,wearing,glove,44,40,130,198,girl,436,207,23,162,0,3,238,174,369,459,"(130, 174, 198, 238)","(23, 459, 162, 369)"
2408529.jpg,wearing,white,54,31,147,278,player,78,35,135,276,0,3,309,201,311,213,"(147, 201, 278, 309)","(135, 213, 276, 311)"
2379333.jpg,sitting on,table,59,265,247,235,laptop,190,206,119,293,1,3,500,306,499,309,"(247, 306, 235, 500)","(119, 309, 293, 499)"
2322379.jpg,wearing,shoes,22,28,453,138,man,339,146,138,91,0,3,166,475,237,477,"(453, 475, 138, 166)","(138, 477, 91, 237)"
2396089.jpg,wearing,sweatshirt,38,39,111,271,skateboarder,91,46,94,266,0,3,310,149,312,185,"(111, 149, 271, 310)","(94, 185, 266, 312)"
2363273.jpg,sitting on,bench,145,438,135,60,dog,88,75,128,263,1,3,498,280,338,216,"(135, 280, 60, 498)","(128, 216, 263, 338)"
2406407.jpg,sitting on,table,114,271,218,0,cake,73,198,198,0,1,3,271,332,198,271,"(218, 332, 0, 271)","(198, 271, 0, 198)"
2402436.jpg,sitting on,easel,7,50,171,268,art,94,71,81,257,1,3,318,178,328,175,"(171, 178, 268, 318)","(81, 175, 257, 328)"
2343683.jpg,sitting on,chair,261,268,176,22,woman,295,136,181,95,1,3,290,437,231,476,"(176, 437, 22, 290)","(181, 476, 95, 231)"
2535.jpg,sitting on,ground,312,792,286,6,person,94,64,421,282,1,3,798,598,346,515,"(286, 598, 6, 798)","(421, 515, 282, 346)"
2414489.jpg,wearing,jeans,94,63,169,333,lady,179,103,92,302,0,3,396,263,405,271,"(169, 263, 333, 396)","(92, 271, 302, 405)"
2389481.jpg,riding,bicycle,136,171,217,138,man,227,97,123,179,0,3,309,353,276,350,"(217, 353, 138, 309)","(123, 350, 179, 276)"
2375148.jpg,playing,wii,25,27,112,408,couple,328,437,0,3,0,3,435,137,440,328,"(112, 137, 408, 435)","(0, 328, 3, 440)"
2317969.jpg,sitting on,sand,20,104,310,151,woman,63,33,260,63,1,3,255,330,96,323,"(310, 330, 151, 255)","(260, 323, 63, 96)"
2370021.jpg,sitting on,ground,17,70,252,324,bear,121,107,189,222,1,3,394,269,329,310,"(252, 269, 324, 394)","(189, 310, 222, 329)"
2354596.jpg,sitting on,steps,115,147,70,227,man,46,24,97,350,1,3,374,185,374,143,"(70, 185, 227, 374)","(97, 143, 350, 374)"
2417596.jpg,sitting on,curb,85,310,207,170,guy,110,80,170,347,1,3,480,292,427,280,"(207, 292, 170, 480)","(170, 280, 347, 427)"
2417372.jpg,sitting on,bus,291,497,35,1,person,47,33,110,247,1,3,498,326,280,157,"(35, 326, 1, 498)","(110, 157, 247, 280)"
2316209.jpg,wearing,headband,13,18,117,176,man,119,106,107,156,0,3,194,130,262,226,"(117, 130, 176, 194)","(107, 226, 156, 262)"
2417815.jpg,sitting on,stool,33,37,116,376,man,62,40,74,388,1,3,413,149,428,136,"(116, 149, 376, 413)","(74, 136, 388, 428)"
2362862.jpg,sitting on,rock,42,58,142,382,person,55,36,94,391,1,3,440,184,427,149,"(142, 184, 382, 440)","(94, 149, 391, 427)"
2411205.jpg,sitting on,bed,287,436,87,63,cat,207,100,100,105,1,3,499,374,205,307,"(87, 374, 63, 499)","(100, 307, 105, 205)"
2375648.jpg,wearing,trunks,20,17,263,272,male,77,34,230,268,0,3,289,283,302,307,"(263, 283, 272, 289)","(230, 307, 268, 302)"
2384745.jpg,wearing,pants,63,37,221,400,man,125,54,166,387,0,3,437,284,441,291,"(221, 284, 400, 437)","(166, 291, 387, 441)"
2392714.jpg,sitting on,steps,140,349,196,2,woman,239,145,56,67,1,3,351,336,212,295,"(196, 336, 2, 351)","(56, 295, 67, 212)"
2336302.jpg,wearing,shorts,33,26,174,385,man,124,49,121,380,0,3,411,207,429,245,"(174, 207, 385, 411)","(121, 245, 380, 429)"
2375673.jpg,walking in,marsh,205,490,118,3,elephants,92,399,154,57,0,3,493,323,456,246,"(118, 323, 3, 493)","(154, 246, 57, 456)"
2354992.jpg,sitting on,log,90,423,237,57,bird,119,92,142,93,1,3,480,327,185,261,"(237, 327, 57, 480)","(142, 261, 93, 185)"
2374599.jpg,walking on,sidewalk,135,329,3,1,person,36,20,3,255,0,3,330,138,275,39,"(3, 138, 1, 330)","(3, 39, 255, 275)"
2370120.jpg,wearing,shirt,159,212,84,287,man,312,205,0,293,0,3,499,243,498,312,"(84, 243, 287, 499)","(0, 312, 293, 498)"
2338659.jpg,wearing,shirt,154,144,63,187,woman,327,244,4,170,0,3,331,217,414,331,"(63, 217, 187, 331)","(4, 331, 170, 414)"
2357502.jpg,sitting on,top,24,88,157,121,statue,25,30,142,148,1,3,209,181,178,167,"(157, 181, 121, 209)","(142, 167, 148, 178)"
2391930.jpg,sitting on,lap,23,47,251,127,laptop,57,57,219,126,1,3,174,274,183,276,"(251, 274, 127, 174)","(219, 276, 126, 183)"
2353181.jpg,wearing,short,25,33,275,402,guy,104,36,220,394,0,3,435,300,430,324,"(275, 300, 402, 435)","(220, 324, 394, 430)"
2368717.jpg,sitting on,beach,335,159,160,212,people,51,64,171,259,1,3,371,495,323,222,"(160, 495, 212, 371)","(171, 222, 259, 323)"
2388020.jpg,wearing,shoe,25,25,302,230,woman,250,246,77,131,0,3,255,327,377,327,"(302, 327, 230, 255)","(77, 327, 131, 377)"
2343588.jpg,sitting on,table,213,499,2,1,plate,391,495,107,3,1,3,500,215,498,498,"(2, 215, 1, 500)","(107, 498, 3, 498)"
2393622.jpg,wearing,sneakers,25,67,399,66,man,228,73,193,62,0,3,133,424,135,421,"(399, 424, 66, 133)","(193, 421, 62, 135)"
2328959.jpg,hanging from,curtains,153,64,0,199,curtains,118,65,0,434,0,3,263,153,499,118,"(0, 153, 199, 263)","(0, 118, 434, 499)"
2320410.jpg,sitting on,slab,164,356,334,1,woman,63,52,275,103,1,3,357,498,155,338,"(334, 498, 1, 357)","(275, 338, 103, 155)"
2411034.jpg,sitting on,beach,54,483,278,15,person,16,11,306,440,1,3,498,332,451,322,"(278, 332, 15, 498)","(306, 322, 440, 451)"
2326433.jpg,sitting on,grass,36,70,182,428,person,32,40,178,448,1,3,498,218,488,210,"(182, 218, 428, 498)","(178, 210, 448, 488)"
2405430.jpg,sitting on,couch,171,200,204,0,man,159,200,157,9,1,3,200,375,209,316,"(204, 375, 0, 200)","(157, 316, 9, 209)"
2369261.jpg,sitting on,bench,240,379,127,5,child,370,199,25,103,1,3,384,367,302,395,"(127, 367, 5, 384)","(25, 395, 103, 302)"
2355794.jpg,watching,kite,77,87,195,232,guy,57,20,259,112,0,3,319,272,132,316,"(195, 272, 232, 319)","(259, 316, 112, 132)"
2412142.jpg,sitting on,floor,115,375,217,42,painting,63,97,183,379,1,3,417,332,476,246,"(217, 332, 42, 417)","(183, 246, 379, 476)"
675.jpg,sitting on,beach,393,786,206,12,girl,66,53,332,61,1,3,798,599,114,398,"(206, 599, 12, 798)","(332, 398, 61, 114)"
2385480.jpg,sitting on,grass,145,495,207,4,boy,116,91,218,207,1,3,499,352,298,334,"(207, 352, 4, 499)","(218, 334, 207, 298)"
2410910.jpg,sitting on,bench,53,70,47,73,adult,50,94,0,53,1,3,143,100,147,50,"(47, 100, 73, 143)","(0, 50, 53, 147)"
2400862.jpg,sitting on,plate,56,291,185,103,food,89,292,143,93,1,3,394,241,385,232,"(185, 241, 103, 394)","(143, 232, 93, 385)"
2395889.jpg,wearing,shirt,51,67,71,175,boy,148,62,40,172,0,3,242,122,234,188,"(71, 122, 175, 242)","(40, 188, 172, 234)"
2379524.jpg,sitting on,grass,208,488,124,6,boat,133,337,38,52,1,3,494,332,389,171,"(124, 332, 6, 494)","(38, 171, 52, 389)"
2343495.jpg,sitting on,couch,207,433,91,1,woman,135,167,74,47,1,3,434,298,214,209,"(91, 298, 1, 434)","(74, 209, 47, 214)"
462.jpg,parked on,street,205,798,393,2,car,85,191,372,216,0,3,800,598,407,457,"(393, 598, 2, 800)","(372, 457, 216, 407)"
2416558.jpg,wearing,wetsuit,80,96,82,104,surfer,214,90,43,106,0,3,200,162,196,257,"(82, 162, 104, 200)","(43, 257, 106, 196)"
2369554.jpg,sitting on,motorcycle,193,326,101,156,person,189,164,58,242,1,3,482,294,406,247,"(101, 294, 156, 482)","(58, 247, 242, 406)"
2327775.jpg,wearing,helmet,34,39,64,273,man,213,198,62,202,0,3,312,98,400,275,"(64, 98, 273, 312)","(62, 275, 202, 400)"
2382468.jpg,sitting on,bike,29,105,249,305,man,196,126,74,183,1,3,410,278,309,270,"(249, 278, 305, 410)","(74, 270, 183, 309)"
2384340.jpg,sitting on,floor,78,497,274,0,chair,52,15,232,483,1,3,497,352,498,284,"(274, 352, 0, 497)","(232, 284, 483, 498)"
2348247.jpg,sitting on,branch,186,499,135,0,woodpecker,104,247,95,163,1,3,499,321,410,199,"(135, 321, 0, 499)","(95, 199, 163, 410)"
2345265.jpg,sitting on,chair,120,162,217,308,boy,142,80,204,354,1,3,470,337,434,346,"(217, 337, 308, 470)","(204, 346, 354, 434)"
2338990.jpg,wearing,sunglasses,10,24,235,17,man,191,60,182,0,0,3,41,245,60,373,"(235, 245, 17, 41)","(182, 373, 0, 60)"
2329177.jpg,sitting on,board,51,253,213,141,box,128,235,127,153,1,3,394,264,388,255,"(213, 264, 141, 394)","(127, 255, 153, 388)"
2407432.jpg,wearing,jacket,76,85,255,343,girl,136,110,157,350,0,3,428,331,460,293,"(255, 331, 343, 428)","(157, 293, 350, 460)"
2392286.jpg,sitting on,couch,167,388,129,20,man,189,87,52,258,1,3,408,296,345,241,"(129, 296, 20, 408)","(52, 241, 258, 345)"
2395201.jpg,sitting on,table,126,234,248,104,paper,25,51,343,193,1,3,338,374,244,368,"(248, 374, 104, 338)","(343, 368, 193, 244)"
2404502.jpg,wearing,hat,19,22,122,54,man,193,60,122,26,0,3,76,141,86,315,"(122, 141, 54, 76)","(122, 315, 26, 86)"
2386541.jpg,says,church,49,116,152,200,sign,62,170,144,168,0,3,316,201,338,206,"(152, 201, 200, 316)","(144, 206, 168, 338)"
4888.jpg,sitting on,table,19,50,227,47,flower,14,14,231,146,1,3,97,246,160,245,"(227, 246, 47, 97)","(231, 245, 146, 160)"
1159909.jpg,hanging from,chair,255,132,452,883,jacket,30,86,371,908,0,3,1015,707,994,401,"(452, 707, 883, 1015)","(371, 401, 908, 994)"
2355341.jpg,walking on,street,226,204,174,295,person,16,10,210,435,0,3,499,400,445,226,"(174, 400, 295, 499)","(210, 226, 435, 445)"
2401377.jpg,sitting on,laptop,42,121,140,245,cat,346,213,34,66,1,3,366,182,279,380,"(140, 182, 245, 366)","(34, 380, 66, 279)"
2316364.jpg,sitting on,steps,99,496,232,4,person,140,77,125,381,1,3,500,331,458,265,"(232, 331, 4, 500)","(125, 265, 381, 458)"
2404460.jpg,wearing,helmet,17,17,91,226,person,92,62,80,223,0,3,243,108,285,172,"(91, 108, 226, 243)","(80, 172, 223, 285)"
2393640.jpg,flying in,clouds,497,328,1,0,plane,36,34,182,151,0,3,328,498,185,218,"(1, 498, 0, 328)","(182, 218, 151, 185)"
2406287.jpg,sitting on,horse,214,336,35,8,cat,50,41,35,256,1,3,344,249,297,85,"(35, 249, 8, 344)","(35, 85, 256, 297)"
2373463.jpg,sitting on,wall,197,331,111,165,cabinet,137,410,0,89,1,3,496,308,499,137,"(111, 308, 165, 496)","(0, 137, 89, 499)"
2336832.jpg,sitting on,couch,105,173,84,155,lady,154,75,63,160,1,3,328,189,235,217,"(84, 189, 155, 328)","(63, 217, 160, 235)"
2341523.jpg,wearing,shirt,111,275,263,0,boy,234,351,140,2,0,3,275,374,353,374,"(263, 374, 0, 275)","(140, 374, 2, 353)"
2369655.jpg,sitting on,toilet,185,108,163,36,towel,37,60,156,37,1,3,144,348,97,193,"(163, 348, 36, 144)","(156, 193, 37, 97)"
2385285.jpg,wearing,tie,126,32,96,338,man,313,267,19,226,0,3,370,222,493,332,"(96, 222, 338, 370)","(19, 332, 226, 493)"
2386027.jpg,wearing,cap,12,11,23,463,man,104,40,25,446,0,3,474,35,486,129,"(23, 35, 463, 474)","(25, 129, 446, 486)"
2344209.jpg,sitting on,bench,217,367,88,1,woman,285,146,29,256,1,3,368,305,402,314,"(88, 305, 1, 368)","(29, 314, 256, 402)"
2328292.jpg,sitting on,table,485,371,14,1,sandwich,54,40,167,159,1,3,372,499,199,221,"(14, 499, 1, 372)","(167, 221, 159, 199)"
150481.jpg,standing on,ground,355,986,305,10,man,161,54,303,373,0,3,996,660,427,464,"(305, 660, 10, 996)","(303, 464, 373, 427)"
2406969.jpg,wearing,vest,73,58,61,130,man,295,173,6,85,0,3,188,134,258,301,"(61, 134, 130, 188)","(6, 301, 85, 258)"
2395075.jpg,wearing,jean,279,150,145,52,woman,464,244,1,16,0,3,202,424,260,465,"(145, 424, 52, 202)","(1, 465, 16, 260)"
2397352.jpg,sitting on,stool,31,57,344,29,man,138,88,236,13,1,3,86,375,101,374,"(344, 375, 29, 86)","(236, 374, 13, 101)"
2355516.jpg,sitting on,counter,218,494,155,2,toy,46,32,166,226,1,3,496,373,258,212,"(155, 373, 2, 496)","(166, 212, 226, 258)"
2378313.jpg,sitting on,ground,75,374,424,1,people,19,45,427,181,1,3,375,499,226,446,"(424, 499, 1, 375)","(427, 446, 181, 226)"
2346231.jpg,sitting on,floor,244,496,88,2,cd,63,200,269,299,1,3,498,332,499,332,"(88, 332, 2, 498)","(269, 332, 299, 499)"
2329367.jpg,wearing,shirt,47,42,115,150,man,131,47,92,149,0,3,192,162,196,223,"(115, 162, 150, 192)","(92, 223, 149, 196)"
1682.jpg,sitting on,counter,335,193,263,3,cup,53,37,267,34,1,3,196,598,71,320,"(263, 598, 3, 196)","(267, 320, 34, 71)"
2414043.jpg,wearing,vest,36,21,51,68,man,85,29,33,62,0,3,89,87,91,118,"(51, 87, 68, 89)","(33, 118, 62, 91)"
2328390.jpg,wearing,glasses,10,33,189,220,person,204,134,170,187,0,3,253,199,321,374,"(189, 199, 220, 253)","(170, 374, 187, 321)"
2337377.jpg,playing,guitar,27,70,102,387,man,97,41,69,385,0,3,457,129,426,166,"(102, 129, 387, 457)","(69, 166, 385, 426)"
2349833.jpg,wearing,jacket,21,20,31,353,guy,44,28,24,354,0,3,373,52,382,68,"(31, 52, 353, 373)","(24, 68, 354, 382)"
2407284.jpg,wearing,bathrobe,81,215,293,285,man,197,210,175,289,0,3,500,374,499,372,"(293, 374, 285, 500)","(175, 372, 289, 499)"
2349823.jpg,sitting on,bench,73,499,95,0,player,85,69,60,425,1,3,499,168,494,145,"(95, 168, 0, 499)","(60, 145, 425, 494)"
2382961.jpg,wearing,collar,49,48,167,60,dog,207,129,125,7,0,3,108,216,136,332,"(167, 216, 60, 108)","(125, 332, 7, 136)"
2413201.jpg,sitting on,desk,270,496,62,1,computer,276,327,1,172,1,3,497,332,499,277,"(62, 332, 1, 497)","(1, 277, 172, 499)"
2356099.jpg,sitting on,shelf,13,46,228,233,book,35,8,199,247,1,3,279,241,255,234,"(228, 241, 233, 279)","(199, 234, 247, 255)"
2342680.jpg,sitting on,motorcycle,359,463,15,0,cat,75,111,59,213,1,3,463,374,324,134,"(15, 374, 0, 463)","(59, 134, 213, 324)"
2415379.jpg,sitting on,bookshelves,111,115,62,98,items,15,36,121,110,1,3,213,173,146,136,"(62, 173, 98, 213)","(121, 136, 110, 146)"
2368904.jpg,wearing,coat,41,21,48,153,man,75,25,39,153,0,3,174,89,178,114,"(48, 89, 153, 174)","(39, 114, 153, 178)"
2352153.jpg,sitting on,elephant,85,59,162,91,person,16,22,137,104,1,3,150,247,126,153,"(162, 247, 91, 150)","(137, 153, 104, 126)"
2393479.jpg,wearing,sneakers,16,28,119,67,people,68,41,65,58,0,3,95,135,99,133,"(119, 135, 67, 95)","(65, 133, 58, 99)"
2326907.jpg,sitting on,table,155,211,36,126,book,21,46,64,232,1,3,337,191,278,85,"(36, 191, 126, 337)","(64, 85, 232, 278)"
2327653.jpg,sitting on,shelf,59,175,222,5,book,35,8,205,121,1,3,180,281,129,240,"(222, 281, 5, 180)","(205, 240, 121, 129)"
2409218.jpg,wearing,shirt,28,18,217,458,person,47,23,203,456,0,3,476,245,479,250,"(217, 245, 458, 476)","(203, 250, 456, 479)"
2318521.jpg,sitting on,hill,87,421,254,0,buildings,33,107,301,46,1,3,421,341,153,334,"(254, 341, 0, 421)","(301, 334, 46, 153)"
2330374.jpg,sitting on,bench,75,241,251,13,person,65,42,236,129,1,3,254,326,171,301,"(251, 326, 13, 254)","(236, 301, 129, 171)"
2393751.jpg,wearing,pants,29,18,111,188,man,72,23,77,185,0,3,206,140,208,149,"(111, 140, 188, 206)","(77, 149, 185, 208)"
2394263.jpg,sitting on,motorcycle,303,407,56,42,man,352,156,12,221,1,3,449,359,377,364,"(56, 359, 42, 449)","(12, 364, 221, 377)"
713191.jpg,sitting on,chair,89,154,370,676,woman,377,348,303,665,1,3,830,459,1013,680,"(370, 459, 676, 830)","(303, 680, 665, 1013)"
2334480.jpg,wearing,shirt,242,163,80,1,man,360,210,2,0,0,3,164,322,210,362,"(80, 322, 1, 164)","(2, 362, 0, 210)"
2376750.jpg,wearing,dress,38,18,222,407,girl,66,24,214,406,0,3,425,260,430,280,"(222, 260, 407, 425)","(214, 280, 406, 430)"
2330715.jpg,riding,chariot,50,117,116,49,jockey,30,13,112,72,0,3,166,166,85,142,"(116, 166, 49, 166)","(112, 142, 72, 85)"
2358947.jpg,sitting on,ground,230,498,106,1,animals,44,69,178,196,1,3,499,336,265,222,"(106, 336, 1, 499)","(178, 222, 196, 265)"
2362379.jpg,sitting on,bench,107,132,187,240,man,115,71,177,280,1,3,372,294,351,292,"(187, 294, 240, 372)","(177, 292, 280, 351)"
2414759.jpg,sitting on,computer,373,369,0,131,kitten,259,327,27,116,1,3,500,373,443,286,"(0, 373, 131, 500)","(27, 286, 116, 443)"
2375611.jpg,sitting on,counter,139,229,186,268,scissors,40,70,198,378,1,3,497,325,448,238,"(186, 325, 268, 497)","(198, 238, 378, 448)"
2316804.jpg,wearing,shirt,91,67,155,203,man,270,91,129,200,0,3,270,246,291,399,"(155, 246, 203, 270)","(129, 399, 200, 291)"
2409951.jpg,sitting on,shelf,16,214,99,225,food,67,187,34,233,1,3,439,115,420,101,"(99, 115, 225, 439)","(34, 101, 233, 420)"
2339051.jpg,mounted on,remote,299,467,75,27,button,45,60,193,137,0,3,494,374,197,238,"(75, 374, 27, 494)","(193, 238, 137, 197)"
2377254.jpg,wearing,t-shirt,102,105,133,345,man,246,138,85,310,0,3,450,235,448,331,"(133, 235, 345, 450)","(85, 331, 310, 448)"
2399429.jpg,carrying,purse,42,53,176,244,lady,224,74,102,257,0,3,297,218,331,326,"(176, 218, 244, 297)","(102, 326, 257, 331)"
2359594.jpg,sitting on,table,145,115,152,287,lamp,133,102,48,306,1,3,402,297,408,181,"(152, 297, 287, 402)","(48, 181, 306, 408)"
2354521.jpg,sitting on,ground,104,496,299,1,giraffe,87,88,276,192,1,3,497,403,280,363,"(299, 403, 1, 497)","(276, 363, 192, 280)"
2333954.jpg,sitting on,wall,20,102,220,0,person,33,16,201,82,1,3,102,240,98,234,"(220, 240, 0, 102)","(201, 234, 82, 98)"
2405438.jpg,sitting on,keyboard,164,172,106,106,cat,159,153,53,75,1,3,278,270,228,212,"(106, 270, 106, 278)","(53, 212, 75, 228)"
713922.jpg,sitting on,bench,72,65,599,367,man,340,120,458,8,1,3,432,671,128,798,"(599, 671, 367, 432)","(458, 798, 8, 128)"
1591965.jpg,sitting on,table,642,1007,299,6,bottle,106,54,270,400,1,3,1013,941,454,376,"(299, 941, 6, 1013)","(270, 376, 400, 454)"
2321529.jpg,covering,fencing,85,29,153,59,tarp,23,20,123,54,0,3,88,238,74,146,"(153, 238, 59, 88)","(123, 146, 54, 74)"
713501.jpg,sitting on,bench,76,916,337,83,man,206,143,223,669,1,3,999,413,812,429,"(337, 413, 83, 999)","(223, 429, 669, 812)"
2347387.jpg,sitting on,boat,64,380,104,107,umbrella,38,26,65,451,1,3,487,168,477,103,"(104, 168, 107, 487)","(65, 103, 451, 477)"
2394700.jpg,sitting on,branch,136,315,171,1,bird,173,119,134,380,1,3,316,307,499,307,"(171, 307, 1, 316)","(134, 307, 380, 499)"
2385610.jpg,wearing,glasses,10,19,188,70,woman,164,75,174,52,0,3,89,198,127,338,"(188, 198, 70, 89)","(174, 338, 52, 127)"
2324665.jpg,wearing,eyeglasses,43,80,57,110,man,317,380,11,6,0,3,190,100,386,328,"(57, 100, 110, 190)","(11, 328, 6, 386)"
2327653.jpg,sitting on,shelf,59,175,222,5,book,34,7,206,117,1,3,180,281,124,240,"(222, 281, 5, 180)","(206, 240, 117, 124)"
2386325.jpg,sitting on,desk,253,347,120,142,keyboard,77,193,166,186,1,3,489,373,379,243,"(120, 373, 142, 489)","(166, 243, 186, 379)"
2371858.jpg,wearing,uniforms,84,139,135,73,girls,84,137,135,73,0,3,212,219,210,219,"(135, 219, 73, 212)","(135, 219, 73, 210)"
2369717.jpg,parked on,street,278,486,38,1,bike,314,370,5,40,0,3,487,316,410,319,"(38, 316, 1, 487)","(5, 319, 40, 410)"
2322076.jpg,sitting on,sidewalk,52,170,172,9,people,60,93,124,45,1,3,179,224,138,184,"(172, 224, 9, 179)","(124, 184, 45, 138)"
1210.jpg,sitting on,wheelchair,116,41,256,366,woman,154,77,228,389,1,3,407,372,466,382,"(256, 372, 366, 407)","(228, 382, 389, 466)"
2370973.jpg,sitting on,road,110,492,180,2,people,122,329,107,170,1,3,494,290,499,229,"(180, 290, 2, 494)","(107, 229, 170, 499)"
2374794.jpg,sitting on,wire,15,46,108,2,birds,17,54,102,0,1,3,48,123,54,119,"(108, 123, 2, 48)","(102, 119, 0, 54)"
2378799.jpg,sitting on,carpet,145,292,354,79,bag,48,60,323,33,1,3,371,499,93,371,"(354, 499, 79, 371)","(323, 371, 33, 93)"
2391817.jpg,sitting on,desk,375,499,0,1,calculator,60,124,14,345,1,3,500,375,469,74,"(0, 375, 1, 500)","(14, 74, 345, 469)"
2385375.jpg,sitting on,mat,331,499,0,0,plate,261,489,71,0,1,3,499,331,489,332,"(0, 331, 0, 499)","(71, 332, 0, 489)"
2412382.jpg,sitting on,cushion,133,430,198,25,dogs,197,442,76,12,1,3,455,331,454,273,"(198, 331, 25, 455)","(76, 273, 12, 454)"
2340015.jpg,sitting on,speaker,144,249,356,125,cat,203,169,180,157,1,3,374,500,326,383,"(356, 500, 125, 374)","(180, 383, 157, 326)"
2320049.jpg,sitting on,grass,346,484,10,4,animal,42,40,113,444,1,3,488,356,484,155,"(10, 356, 4, 488)","(113, 155, 444, 484)"
1214.jpg,carrying,backpack,128,74,105,118,person,426,97,56,173,0,3,192,233,270,482,"(105, 233, 118, 192)","(56, 482, 173, 270)"
2344402.jpg,wearing,glasses,9,27,68,112,woman,235,83,59,79,0,3,139,77,162,294,"(68, 77, 112, 139)","(59, 294, 79, 162)"
2384106.jpg,sitting on,rug,364,499,56,0,suitcase,327,498,72,1,1,3,499,420,499,399,"(56, 420, 0, 499)","(72, 399, 1, 499)"
2402237.jpg,sitting on,grass,155,499,173,0,zebra,151,167,90,125,1,3,499,328,292,241,"(173, 328, 0, 499)","(90, 241, 125, 292)"
2380614.jpg,sitting on,plate,246,303,116,7,donut,138,138,115,110,1,3,310,362,248,253,"(116, 362, 7, 310)","(115, 253, 110, 248)"
2339543.jpg,sitting on,bench,130,236,366,16,man,396,236,102,2,1,3,252,496,238,498,"(366, 496, 16, 252)","(102, 498, 2, 238)"
2348497.jpg,sitting on,elephant,183,250,74,199,people,115,82,22,294,1,3,449,257,376,137,"(74, 257, 199, 449)","(22, 137, 294, 376)"
2401221.jpg,wearing,blue,10,14,135,281,man,437,225,11,108,0,3,295,145,333,448,"(135, 145, 281, 295)","(11, 448, 108, 333)"
2366128.jpg,wearing,jacket,49,28,92,449,man,124,36,80,442,0,3,477,141,478,204,"(92, 141, 449, 477)","(80, 204, 442, 478)"
2346639.jpg,playing,baseball,27,16,26,441,people,289,469,25,23,0,3,457,53,492,314,"(26, 53, 441, 457)","(25, 314, 23, 492)"
2331063.jpg,sitting on,beach,39,135,196,303,person,17,22,185,468,1,3,438,235,490,202,"(196, 235, 303, 438)","(185, 202, 468, 490)"
2402256.jpg,wearing,helmet,54,59,35,262,man,275,104,38,264,0,3,321,89,368,313,"(35, 89, 262, 321)","(38, 313, 264, 368)"
2410660.jpg,says,vacancy,34,103,165,179,sign,36,34,331,144,0,3,282,199,178,367,"(165, 199, 179, 282)","(331, 367, 144, 178)"
2335674.jpg,sitting on,table,179,194,174,34,utensils,47,106,237,105,1,3,228,353,211,284,"(174, 353, 34, 228)","(237, 284, 105, 211)"
2383135.jpg,wearing,jacket,50,73,294,146,snowboarder,84,79,284,140,0,3,219,344,219,368,"(294, 344, 146, 219)","(284, 368, 140, 219)"
2327766.jpg,sitting on,table,370,488,1,6,bowl,55,66,7,197,1,3,494,371,263,62,"(1, 371, 6, 494)","(7, 62, 197, 263)"
2344341.jpg,sitting on,grass,77,111,25,211,bird,108,398,112,98,1,3,322,102,496,220,"(25, 102, 211, 322)","(112, 220, 98, 496)"
2362337.jpg,sitting on,chair,340,402,142,82,man,349,461,130,20,1,3,484,482,481,479,"(142, 482, 82, 484)","(130, 479, 20, 481)"
2336351.jpg,sitting on,counter,33,60,301,11,pizza,49,156,327,21,1,3,71,334,177,376,"(301, 334, 11, 71)","(327, 376, 21, 177)"
2407395.jpg,hanging from,door,70,36,185,270,towel,42,17,193,281,0,3,306,255,298,235,"(185, 255, 270, 306)","(193, 235, 281, 298)"
2375206.jpg,sitting on,desk,300,461,180,19,computer,149,186,73,45,1,3,480,480,231,222,"(180, 480, 19, 480)","(73, 222, 45, 231)"
2400430.jpg,covering,ground,370,493,2,2,snow,367,495,2,2,0,3,495,372,497,369,"(2, 372, 2, 495)","(2, 369, 2, 497)"
2357605.jpg,wearing,helmet,40,57,98,278,girl,240,101,106,256,0,3,335,138,357,346,"(98, 138, 278, 335)","(106, 346, 256, 357)"
2410969.jpg,sitting on,wall,37,239,77,260,person,35,29,42,407,1,3,499,114,436,77,"(77, 114, 260, 499)","(42, 77, 407, 436)"
2370407.jpg,sitting on,table,55,67,282,422,laptop,325,271,2,1,1,3,489,337,272,327,"(282, 337, 422, 489)","(2, 327, 1, 272)"
2336713.jpg,growing on,tree,41,52,332,302,branch,9,11,337,309,0,3,354,373,320,346,"(332, 373, 302, 354)","(337, 346, 309, 320)"
2324382.jpg,sitting on,tub,110,196,210,61,soap,10,6,217,239,1,3,257,320,245,227,"(210, 320, 61, 257)","(217, 227, 239, 245)"
2410485.jpg,wearing,jacket,33,33,120,112,skier,97,41,106,104,0,3,145,153,145,203,"(120, 153, 112, 145)","(106, 203, 104, 145)"
2405230.jpg,sitting on,toilet,251,203,244,209,lady,377,261,44,57,1,3,412,495,318,421,"(244, 495, 209, 412)","(44, 421, 57, 318)"
2400203.jpg,wearing,shirt,59,41,96,25,man,182,57,71,13,0,3,66,155,70,253,"(96, 155, 25, 66)","(71, 253, 13, 70)"
2340706.jpg,wearing,jacket,89,87,99,211,boy,135,107,95,190,0,3,298,188,297,230,"(99, 188, 211, 298)","(95, 230, 190, 297)"
1254.jpg,sitting on,sectional,170,466,130,16,lady,101,161,167,87,1,3,482,300,248,268,"(130, 300, 16, 482)","(167, 268, 87, 248)"
2384968.jpg,wearing,band,43,28,296,260,woman,286,233,69,137,0,3,288,339,370,355,"(296, 339, 260, 288)","(69, 355, 137, 370)"
2409524.jpg,wearing,jacket,27,32,99,304,person,78,48,83,303,0,3,336,126,351,161,"(99, 126, 304, 336)","(83, 161, 303, 351)"
2384234.jpg,wearing,scarf,26,18,199,482,woman,142,25,182,475,0,3,500,225,500,324,"(199, 225, 482, 500)","(182, 324, 475, 500)"
2342106.jpg,sitting on,bike,145,138,227,244,person,82,42,132,353,1,3,382,372,395,214,"(227, 372, 244, 382)","(132, 214, 353, 395)"
2317471.jpg,sitting on,scooter,176,111,154,67,model,114,96,13,107,1,3,178,330,203,127,"(154, 330, 67, 178)","(13, 127, 107, 203)"
2380471.jpg,flying in,sky,456,374,0,0,kite,105,86,149,246,0,3,374,456,332,254,"(0, 456, 0, 374)","(149, 254, 246, 332)"
2346332.jpg,wearing,jacket,105,208,147,174,boy,246,195,15,182,0,3,382,252,377,261,"(147, 252, 174, 382)","(15, 261, 182, 377)"
2376924.jpg,wearing,jeans,117,133,94,263,person,32,90,80,201,0,3,396,211,291,112,"(94, 211, 263, 396)","(80, 112, 201, 291)"
2364247.jpg,wearing,cleats,15,31,268,405,batter,210,96,72,401,0,3,436,283,497,282,"(268, 283, 405, 436)","(72, 282, 401, 497)"
2398950.jpg,sitting on,floor,161,373,332,2,shoes,40,35,410,203,1,3,375,493,238,450,"(332, 493, 2, 375)","(410, 450, 203, 238)"
2371993.jpg,wearing,pants,178,145,120,278,player,295,234,3,193,0,3,423,298,427,298,"(120, 298, 278, 423)","(3, 298, 193, 427)"
2335475.jpg,watching,skier,199,143,63,238,people,82,45,1,245,0,3,381,262,290,83,"(63, 262, 238, 381)","(1, 83, 245, 290)"
2406957.jpg,sitting on,plate,97,381,260,96,pizza,224,493,118,4,1,3,477,357,497,342,"(260, 357, 96, 477)","(118, 342, 4, 497)"
2345902.jpg,wearing,hat,23,25,199,310,man,166,165,194,226,0,3,335,222,391,360,"(199, 222, 310, 335)","(194, 360, 226, 391)"
2355392.jpg,wearing,jacket,95,110,55,373,man,295,112,9,379,0,3,483,150,491,304,"(55, 150, 373, 483)","(9, 304, 379, 491)"
2414192.jpg,wearing,shoe,73,51,289,2,woman,399,249,100,2,0,3,53,362,251,499,"(289, 362, 2, 53)","(100, 499, 2, 251)"
2340946.jpg,sitting on,refrigerator,342,200,131,71,bowl,30,57,100,97,1,3,271,473,154,130,"(131, 473, 71, 271)","(100, 130, 97, 154)"
2375085.jpg,wearing,shoe,41,82,188,152,person,220,158,0,140,0,3,234,229,298,220,"(188, 229, 152, 234)","(0, 220, 140, 298)"
2407196.jpg,wearing,eyeglasses,26,80,131,187,man,253,263,79,106,0,3,267,157,369,332,"(131, 157, 187, 267)","(79, 332, 106, 369)"
2324650.jpg,sitting on,coaster,34,80,147,207,glass,85,61,81,211,1,3,287,181,272,166,"(147, 181, 207, 287)","(81, 166, 211, 272)"
2353172.jpg,wearing,hat,8,11,163,269,woman,91,38,161,258,0,3,280,171,296,252,"(163, 171, 269, 280)","(161, 252, 258, 296)"
2412862.jpg,wearing,glasses,50,54,142,225,man,380,236,117,59,0,3,279,192,295,497,"(142, 192, 225, 279)","(117, 497, 59, 295)"
2341356.jpg,sitting on,bench,120,160,149,60,girl,105,25,157,134,1,3,220,269,159,262,"(149, 269, 60, 220)","(157, 262, 134, 159)"
2348814.jpg,sitting on,bench,86,266,200,1,woman,151,75,153,134,1,3,267,286,209,304,"(200, 286, 1, 267)","(153, 304, 134, 209)"
2385470.jpg,sitting on,bench,118,306,204,75,man,166,95,160,132,1,3,381,322,227,326,"(204, 322, 75, 381)","(160, 326, 132, 227)"
497912.jpg,sitting on,skateboard,76,141,596,456,man,541,415,135,271,1,3,597,672,686,676,"(596, 672, 456, 597)","(135, 676, 271, 686)"
2362426.jpg,sitting on,snowboard,16,40,33,9,person,46,42,4,9,1,3,49,49,51,50,"(33, 49, 9, 49)","(4, 50, 9, 51)"
2352871.jpg,sitting on,table,68,479,234,19,controller,21,119,268,324,1,3,498,302,443,289,"(234, 302, 19, 498)","(268, 289, 324, 443)"
2387845.jpg,sitting on,ground,45,488,286,10,rock,37,51,264,131,1,3,498,331,182,301,"(286, 331, 10, 498)","(264, 301, 131, 182)"
2397493.jpg,riding,elephant,141,181,89,29,man,58,41,52,170,0,3,210,230,211,110,"(89, 230, 29, 210)","(52, 110, 170, 211)"
2350722.jpg,covering,wall,180,400,19,94,tiles,86,181,66,41,0,3,494,199,222,152,"(19, 199, 94, 494)","(66, 152, 41, 222)"
2341346.jpg,sitting on,cabinet,220,272,110,219,box,72,51,52,232,1,3,491,330,283,124,"(110, 330, 219, 491)","(52, 124, 232, 283)"
2352196.jpg,mounted on,floor,218,354,278,0,rocket,138,41,161,292,0,3,354,496,333,299,"(278, 496, 0, 354)","(161, 299, 292, 333)"
2402845.jpg,standing on,beach,35,130,178,293,woman,55,18,84,345,0,3,423,213,363,139,"(178, 213, 293, 423)","(84, 139, 345, 363)"
2342448.jpg,wearing,shorts,17,30,215,110,surfer,86,64,174,77,0,3,140,232,141,260,"(215, 232, 110, 140)","(174, 260, 77, 141)"
2320281.jpg,wearing,pants,19,105,304,230,boy,214,209,108,148,0,3,335,323,357,322,"(304, 323, 230, 335)","(108, 322, 148, 357)"
2353984.jpg,sitting on,chair,12,19,58,291,guy,21,25,45,288,1,3,310,70,313,66,"(58, 70, 291, 310)","(45, 66, 288, 313)"
2364458.jpg,sitting on,shelf,77,469,315,17,laptop,101,131,256,191,1,3,486,392,322,357,"(315, 392, 17, 486)","(256, 357, 191, 322)"
2320705.jpg,sitting on,bench,73,282,215,144,man,122,107,150,288,1,3,426,288,395,272,"(215, 288, 144, 426)","(150, 272, 288, 395)"
2416317.jpg,wearing,shirt,23,21,236,250,person,30,29,228,241,0,3,271,259,270,258,"(236, 259, 250, 271)","(228, 258, 241, 270)"
2393166.jpg,sitting on,couch,174,207,201,293,pillow,47,33,207,405,1,3,500,375,438,254,"(201, 375, 293, 500)","(207, 254, 405, 438)"
2368454.jpg,sitting on,sand,129,498,243,0,cow,35,51,175,116,1,3,498,372,167,210,"(243, 372, 0, 498)","(175, 210, 116, 167)"
2326189.jpg,wearing,coat,83,77,133,243,boy,141,93,109,228,0,3,320,216,321,250,"(133, 216, 243, 320)","(109, 250, 228, 321)"
2370973.jpg,sitting on,board,42,190,191,169,baby,52,60,163,233,1,3,359,233,293,215,"(191, 233, 169, 359)","(163, 215, 233, 293)"
2366564.jpg,sitting on,bench,113,121,180,377,man,163,159,126,309,1,3,498,293,468,289,"(180, 293, 377, 498)","(126, 289, 309, 468)"
2341625.jpg,sitting on,counter,226,473,147,4,bowls,176,127,68,3,1,3,477,373,130,244,"(147, 373, 4, 477)","(68, 244, 3, 130)"
2368963.jpg,sitting on,desk,133,275,280,225,lamp,70,36,232,296,1,3,500,413,332,302,"(280, 413, 225, 500)","(232, 302, 296, 332)"
2337232.jpg,sitting on,bed,195,347,158,66,pillow,30,80,177,246,1,3,413,353,326,207,"(158, 353, 66, 413)","(177, 207, 246, 326)"
2400939.jpg,wearing,hat,35,55,47,350,person,385,322,49,166,0,3,405,82,488,434,"(47, 82, 350, 405)","(49, 434, 166, 488)"
2403898.jpg,covering,rock,239,163,31,333,shadows,67,111,65,373,0,3,496,270,484,132,"(31, 270, 333, 496)","(65, 132, 373, 484)"
2388819.jpg,wearing,glove,61,52,294,35,man,404,222,79,42,0,3,87,355,264,483,"(294, 355, 35, 87)","(79, 483, 42, 264)"
2315946.jpg,wearing,hat,19,24,148,165,person,107,119,145,92,0,3,189,167,211,252,"(148, 167, 165, 189)","(145, 252, 92, 211)"
2336733.jpg,covering,surface,97,354,159,124,water,199,496,58,3,0,3,478,256,499,257,"(159, 256, 124, 478)","(58, 257, 3, 499)"
2358931.jpg,sitting on,bench,89,348,240,70,drink,26,15,222,198,1,3,418,329,213,248,"(240, 329, 70, 418)","(222, 248, 198, 213)"
2403616.jpg,wearing,shirt,74,76,150,130,girl,234,218,106,46,0,3,206,224,264,340,"(150, 224, 130, 206)","(106, 340, 46, 264)"
2371646.jpg,sitting on,plate,75,119,296,305,breakfast,78,84,160,188,1,3,424,371,272,238,"(296, 371, 305, 424)","(160, 238, 188, 272)"
2372081.jpg,sitting on,counter,184,495,312,0,jar,308,76,16,0,1,3,495,496,76,324,"(312, 496, 0, 495)","(16, 324, 0, 76)"
286023.jpg,sitting on,table,294,914,480,65,plate,109,271,520,391,1,3,979,774,662,629,"(480, 774, 65, 979)","(520, 629, 391, 662)"
2348860.jpg,sitting on,branch,80,498,253,1,bird,284,403,42,94,1,3,499,333,497,326,"(253, 333, 1, 499)","(42, 326, 94, 497)"
2320801.jpg,sitting on,chair,22,37,350,383,man,49,30,325,394,1,3,420,372,424,374,"(350, 372, 383, 420)","(325, 374, 394, 424)"
2354458.jpg,sitting on,shore,43,477,285,8,boats,175,192,64,74,1,3,485,328,266,239,"(285, 328, 8, 485)","(64, 239, 74, 266)"
2348285.jpg,sitting on,desk,110,78,224,411,cellphone,11,21,232,467,1,3,489,334,488,243,"(224, 334, 411, 489)","(232, 243, 467, 488)"
2346035.jpg,sitting on,table,43,76,219,194,picture,42,40,182,225,1,3,270,262,265,224,"(219, 262, 194, 270)","(182, 224, 225, 265)"
2355704.jpg,wearing,wetsuit,337,143,124,164,man,430,145,65,160,0,3,307,461,305,495,"(124, 461, 164, 307)","(65, 495, 160, 305)"
498003.jpg,wearing,shirt,95,111,208,346,woman,188,123,126,345,0,3,457,303,468,314,"(208, 303, 346, 457)","(126, 314, 345, 468)"
2377028.jpg,sitting on,sidewalk,18,492,241,7,woman,75,60,200,316,1,3,499,259,376,275,"(241, 259, 7, 499)","(200, 275, 316, 376)"
2322162.jpg,sitting on,suitcase,172,137,0,1,buckle,67,62,7,11,1,3,138,172,73,74,"(0, 172, 1, 138)","(7, 74, 11, 73)"
2338277.jpg,riding,skateboard,84,77,281,172,man,65,29,231,243,0,3,249,365,272,296,"(281, 365, 172, 249)","(231, 296, 243, 272)"
3155.jpg,wearing,sweater,56,45,362,576,woman,132,53,343,570,0,3,621,418,623,475,"(362, 418, 576, 621)","(343, 475, 570, 623)"
2384382.jpg,sitting on,plate,247,427,127,41,bowl,101,144,182,170,1,3,468,374,314,283,"(127, 374, 41, 468)","(182, 283, 170, 314)"
2409620.jpg,sitting on,plate,431,488,60,8,pickle,60,62,253,111,1,3,496,491,173,313,"(60, 491, 8, 496)","(253, 313, 111, 173)"
2379505.jpg,sitting on,floor,279,498,95,1,bottle,69,23,306,264,1,3,499,374,287,375,"(95, 374, 1, 499)","(306, 375, 264, 287)"
2396071.jpg,sitting on,wall,52,330,193,1,people,22,110,187,194,1,3,331,245,304,209,"(193, 245, 1, 331)","(187, 209, 194, 304)"
2412024.jpg,sitting on,table,213,478,285,2,fruit,217,306,73,109,1,3,480,498,415,290,"(285, 498, 2, 480)","(73, 290, 109, 415)"
2316751.jpg,wearing,hat,24,41,68,259,man,374,156,70,176,0,3,300,92,332,444,"(68, 92, 259, 300)","(70, 444, 176, 332)"
2315578.jpg,sitting on,table,122,152,54,1,food,47,82,28,40,1,3,153,176,122,75,"(54, 176, 1, 153)","(28, 75, 40, 122)"
2396654.jpg,sitting on,table,470,469,15,14,pizza,392,467,91,16,1,3,483,485,483,483,"(15, 485, 14, 483)","(91, 483, 16, 483)"
2355878.jpg,wearing,helmet,21,17,218,209,person,111,69,218,184,0,3,226,239,253,329,"(218, 239, 209, 226)","(218, 329, 184, 253)"
2359348.jpg,sitting on,desk,218,497,155,1,laptop,249,241,2,257,1,3,498,373,498,251,"(155, 373, 1, 498)","(2, 251, 257, 498)"
2389372.jpg,sitting on,floor,140,271,234,215,bags,79,91,295,10,1,3,486,374,101,374,"(234, 374, 215, 486)","(295, 374, 10, 101)"
2361671.jpg,wearing,belt,36,71,291,115,lady,409,204,90,107,0,3,186,327,311,499,"(291, 327, 115, 186)","(90, 499, 107, 311)"
2321260.jpg,sitting on,sand,183,498,189,1,girl,22,21,197,400,1,3,499,372,421,219,"(189, 372, 1, 499)","(197, 219, 400, 421)"
2364910.jpg,sitting on,surface,188,203,14,286,apple,139,128,36,324,1,3,489,202,452,175,"(14, 202, 286, 489)","(36, 175, 324, 452)"
2402542.jpg,wearing,hat,35,36,254,19,person,77,59,254,7,0,3,55,289,66,331,"(254, 289, 19, 55)","(254, 331, 7, 66)"
2363794.jpg,sitting on,counter,91,160,174,1,bottle,24,13,169,112,1,3,161,265,125,193,"(174, 265, 1, 161)","(169, 193, 112, 125)"
2359464.jpg,sitting on,couch,174,376,131,120,guy,86,56,116,175,1,3,496,305,231,202,"(131, 305, 120, 496)","(116, 202, 175, 231)"
1159999.jpg,sitting on,table,221,1018,133,5,printer,213,754,4,11,1,3,1023,354,765,217,"(133, 354, 5, 1023)","(4, 217, 11, 765)"
2329999.jpg,covering,trees,54,54,58,324,snow,160,217,25,282,0,3,378,112,499,185,"(58, 112, 324, 378)","(25, 185, 282, 499)"
2333479.jpg,sitting on,snow,107,97,314,319,people,27,20,162,272,1,3,416,421,292,189,"(314, 421, 319, 416)","(162, 189, 272, 292)"
2405717.jpg,sitting on,stage,60,288,0,1,man,41,47,0,173,1,3,289,60,220,41,"(0, 60, 1, 289)","(0, 41, 173, 220)"
2356099.jpg,sitting on,shelf,8,47,137,235,book,26,11,115,267,1,3,282,145,278,141,"(137, 145, 235, 282)","(115, 141, 267, 278)"
2357140.jpg,sitting on,shelf,16,48,260,262,toiletries,21,31,246,270,1,3,310,276,301,267,"(260, 276, 262, 310)","(246, 267, 270, 301)"
2323384.jpg,sitting on,table,94,72,281,62,bottle,69,46,306,156,1,3,134,375,202,375,"(281, 375, 62, 134)","(306, 375, 156, 202)"
1171.jpg,wearing,sandals,21,28,346,322,boy,212,83,152,324,0,3,350,367,407,364,"(346, 367, 322, 350)","(152, 364, 324, 407)"
2319165.jpg,wearing,shorts,66,62,193,150,child,215,81,108,136,0,3,212,259,217,323,"(193, 259, 150, 212)","(108, 323, 136, 217)"
2329865.jpg,sitting on,bed,331,360,152,4,pillows,95,266,136,78,1,3,364,483,344,231,"(152, 483, 4, 364)","(136, 231, 78, 344)"
2386833.jpg,wearing,scarf,64,101,44,377,woman,332,275,0,225,0,3,478,108,500,332,"(44, 108, 377, 478)","(0, 332, 225, 500)"
2412909.jpg,carrying,fruit,40,87,58,81,woman,359,143,83,49,0,3,168,98,192,442,"(58, 98, 81, 168)","(83, 442, 49, 192)"
2391857.jpg,sitting on,rug,67,277,265,143,ottoman,38,98,294,186,1,3,420,332,284,332,"(265, 332, 143, 420)","(294, 332, 186, 284)"
2333373.jpg,painted on,road,137,484,191,0,line,16,109,237,146,0,3,484,328,255,253,"(191, 328, 0, 484)","(237, 253, 146, 255)"
2361832.jpg,wearing,uniform,199,183,121,263,player,240,197,95,257,0,3,446,320,454,335,"(121, 320, 263, 446)","(95, 335, 257, 454)"
2410881.jpg,standing on,track,172,428,140,46,girl,238,73,57,327,0,3,474,312,400,295,"(140, 312, 46, 474)","(57, 295, 327, 400)"
2383946.jpg,sitting on,bench,164,389,180,62,woman,45,96,143,322,1,3,451,344,418,188,"(180, 344, 62, 451)","(143, 188, 322, 418)"
2378376.jpg,wearing,dress,174,155,191,11,woman,156,101,65,62,0,3,166,365,163,221,"(191, 365, 11, 166)","(65, 221, 62, 163)"
2319859.jpg,sitting on,windowsill,46,135,137,37,bottle,35,17,125,46,1,3,172,183,63,160,"(137, 183, 37, 172)","(125, 160, 46, 63)"
2336240.jpg,watching,game,259,319,167,44,fans,32,81,114,28,0,3,363,426,109,146,"(167, 426, 44, 363)","(114, 146, 28, 109)"
2335219.jpg,wearing,shirt,85,84,92,378,man,253,119,70,345,0,3,462,177,464,323,"(92, 177, 378, 462)","(70, 323, 345, 464)"
2399216.jpg,playing,frisbee,31,27,250,31,man,247,93,34,396,0,3,58,281,489,281,"(250, 281, 31, 58)","(34, 281, 396, 489)"
2369303.jpg,sitting on,counter,209,496,122,4,dispenser,67,48,89,344,1,3,500,331,392,156,"(122, 331, 4, 500)","(89, 156, 344, 392)"
2369988.jpg,eating,grass,24,28,218,443,sheep,163,98,91,399,0,3,471,242,497,254,"(218, 242, 443, 471)","(91, 254, 399, 497)"
2408290.jpg,riding,bike,171,334,83,132,person,99,275,59,108,0,3,466,254,383,158,"(83, 254, 132, 466)","(59, 158, 108, 383)"
2360469.jpg,standing on,grass,162,299,89,199,people,32,61,101,437,0,3,498,251,498,133,"(89, 251, 199, 498)","(101, 133, 437, 498)"
2374122.jpg,standing on,sidewalk,111,310,209,22,person,188,48,102,267,0,3,332,320,315,290,"(209, 320, 22, 332)","(102, 290, 267, 315)"
2401585.jpg,wearing,wetsuit,40,41,145,200,man,57,56,136,187,0,3,241,185,243,193,"(145, 185, 200, 241)","(136, 193, 187, 243)"
1996.jpg,standing on,nightstand,68,136,208,536,lamp,148,93,81,588,0,3,672,276,681,229,"(208, 276, 536, 672)","(81, 229, 588, 681)"
2373588.jpg,wearing,jeans,84,39,86,398,lady,140,55,34,388,0,3,437,170,443,174,"(86, 170, 398, 437)","(34, 174, 388, 443)"
2358260.jpg,sitting on,ramps,49,230,186,269,people,86,243,130,257,1,3,499,235,500,216,"(186, 235, 269, 499)","(130, 216, 257, 500)"
2360821.jpg,sitting on,steps,135,481,65,16,person,75,58,13,130,1,3,497,200,188,88,"(65, 200, 16, 497)","(13, 88, 130, 188)"
2417690.jpg,wearing,armor,66,42,104,71,person,64,40,104,70,0,3,113,170,110,168,"(104, 170, 71, 113)","(104, 168, 70, 110)"
2385060.jpg,sitting on,cooler,481,373,17,0,bottles,42,371,0,0,1,3,373,498,371,42,"(17, 498, 0, 373)","(0, 42, 0, 371)"
2399397.jpg,wearing,jacket,43,26,240,456,man,97,44,225,450,0,3,482,283,494,322,"(240, 283, 456, 482)","(225, 322, 450, 494)"
2326315.jpg,sitting on,beach,39,20,429,16,chair,116,30,372,370,1,3,36,468,400,488,"(429, 468, 16, 36)","(372, 488, 370, 400)"
2414465.jpg,wearing,dress,73,138,258,0,bride,236,328,93,0,0,3,138,331,328,329,"(258, 331, 0, 138)","(93, 329, 0, 328)"
2403800.jpg,says,boston,49,47,50,235,cup,169,90,2,231,0,3,282,99,321,171,"(50, 99, 235, 282)","(2, 171, 231, 321)"
2402079.jpg,sitting on,bench,290,499,32,0,cat,83,162,130,233,1,3,499,322,395,213,"(32, 322, 0, 499)","(130, 213, 233, 395)"
2328718.jpg,sitting on,counter,167,308,95,2,microwave,77,118,54,148,1,3,310,262,266,131,"(95, 262, 2, 310)","(54, 131, 148, 266)"
3855.jpg,parked on,sidewalk,117,464,385,306,bikes,66,103,313,669,0,3,770,502,772,379,"(385, 502, 306, 770)","(313, 379, 669, 772)"
2401347.jpg,sitting on,chair,219,151,60,83,bottle,60,19,128,178,1,3,234,279,197,188,"(60, 279, 83, 234)","(128, 188, 178, 197)"
2117.jpg,parked on,road,236,610,25,0,cars,53,56,19,436,0,3,610,261,492,72,"(25, 261, 0, 610)","(19, 72, 436, 492)"
2404694.jpg,eating,pizza,33,71,192,84,woman,305,371,69,70,0,3,155,225,441,374,"(192, 225, 84, 155)","(69, 374, 70, 441)"
2414754.jpg,sitting on,tracks,68,203,260,222,train,294,263,27,168,1,3,425,328,431,321,"(260, 328, 222, 425)","(27, 321, 168, 431)"
2384912.jpg,sitting on,skateboard,49,128,203,283,person,111,94,130,295,1,3,411,252,389,241,"(203, 252, 283, 411)","(130, 241, 295, 389)"
2357902.jpg,sitting on,table,91,379,77,117,money,45,34,106,457,1,3,496,168,491,151,"(77, 168, 117, 496)","(106, 151, 457, 491)"
2343506.jpg,wearing,glasses,7,26,132,85,man,215,62,121,71,0,3,111,139,133,336,"(132, 139, 85, 111)","(121, 336, 71, 133)"
2352153.jpg,riding,elephants,79,170,167,55,people,27,100,138,67,0,3,225,246,167,165,"(167, 246, 55, 225)","(138, 165, 67, 167)"
2270.jpg,wearing,coat,33,30,398,119,man,65,38,392,118,0,3,149,431,156,457,"(398, 431, 119, 149)","(392, 457, 118, 156)"
2319825.jpg,sitting on,grass,132,476,227,3,woman,67,33,213,326,1,3,479,359,359,280,"(227, 359, 3, 479)","(213, 280, 326, 359)"
2356799.jpg,sitting on,table,180,118,116,379,glass,90,64,1,222,1,3,497,296,286,91,"(116, 296, 379, 497)","(1, 91, 222, 286)"
2363076.jpg,sitting on,couch,112,228,142,2,man,116,85,112,151,1,3,230,254,236,228,"(142, 254, 2, 230)","(112, 228, 151, 236)"
2344845.jpg,sitting on,ground,107,473,211,2,woman,109,67,140,298,1,3,475,318,365,249,"(211, 318, 2, 475)","(140, 249, 298, 365)"
1069.jpg,wearing,top,38,35,149,489,person,51,35,135,481,0,3,524,187,516,186,"(149, 187, 489, 524)","(135, 186, 481, 516)"
2333547.jpg,sitting on,vase,168,95,273,134,flower,384,313,60,16,1,3,229,441,329,444,"(273, 441, 134, 229)","(60, 444, 16, 329)"
2330597.jpg,wearing,shoes,40,48,437,81,man,449,190,46,2,0,3,129,477,192,495,"(437, 477, 81, 129)","(46, 495, 2, 192)"
2356138.jpg,wearing,glove,60,76,290,279,woman,351,248,23,182,0,3,355,350,430,374,"(290, 350, 279, 355)","(23, 374, 182, 430)"
2377685.jpg,wearing,helmet,19,23,195,225,man,88,55,196,218,0,3,248,214,273,284,"(195, 214, 225, 248)","(196, 284, 218, 273)"
2381364.jpg,sitting on,napkin,124,365,249,107,fork,113,254,252,138,1,3,472,373,392,365,"(249, 373, 107, 472)","(252, 365, 138, 392)"
2376683.jpg,sitting on,bench,184,365,154,135,man,352,218,33,280,1,3,500,338,498,385,"(154, 338, 135, 500)","(33, 385, 280, 498)"
2402067.jpg,sitting on,boat,96,286,173,121,man,57,49,164,229,1,3,407,269,278,221,"(173, 269, 121, 407)","(164, 221, 229, 278)"
2360979.jpg,walking on,grass,332,497,0,0,lamb,159,250,122,127,0,3,497,332,377,281,"(0, 332, 0, 497)","(122, 281, 127, 377)"
2393724.jpg,sitting on,beach,111,496,263,4,people,16,14,281,486,1,3,500,374,500,297,"(263, 374, 4, 500)","(281, 297, 486, 500)"
2358617.jpg,sitting on,grass,230,498,50,0,statue,52,22,54,279,1,3,498,280,301,106,"(50, 280, 0, 498)","(54, 106, 279, 301)"
2414601.jpg,sitting on,desk,171,128,289,234,keyboard,29,35,308,327,1,3,362,460,362,337,"(289, 460, 234, 362)","(308, 337, 327, 362)"
2385882.jpg,wearing,necklace,95,53,174,164,woman,404,171,96,91,0,3,217,269,262,500,"(174, 269, 164, 217)","(96, 500, 91, 262)"
2382571.jpg,sitting on,table,112,339,254,102,knife,50,23,320,384,1,3,441,366,407,370,"(254, 366, 102, 441)","(320, 370, 384, 407)"
1790.jpg,parked on,road,201,791,328,7,car,165,267,189,529,0,3,798,529,796,354,"(328, 529, 7, 798)","(189, 354, 529, 796)"
2392289.jpg,carrying,purse,49,55,119,392,girl,224,101,48,375,0,3,447,168,476,272,"(119, 168, 392, 447)","(48, 272, 375, 476)"
2356099.jpg,sitting on,shelf,9,46,186,283,book,35,8,154,302,1,3,329,195,310,189,"(186, 195, 283, 329)","(154, 189, 302, 310)"
2339961.jpg,sitting on,counter,158,164,214,1,container,42,42,206,14,1,3,165,372,56,248,"(214, 372, 1, 165)","(206, 248, 14, 56)"
2340738.jpg,wearing,shirt,27,22,240,87,man,79,29,224,84,0,3,109,267,113,303,"(240, 267, 87, 109)","(224, 303, 84, 113)"
2412376.jpg,sitting on,bench,114,104,83,24,person,118,142,54,81,1,3,128,197,223,172,"(83, 197, 24, 128)","(54, 172, 81, 223)"
2324757.jpg,sitting on,shelf,9,89,97,0,bear,100,66,1,4,1,3,89,106,70,101,"(97, 106, 0, 89)","(1, 101, 4, 70)"
2408537.jpg,covering,buildings,149,270,5,102,canopies,64,95,139,278,0,3,372,154,373,203,"(5, 154, 102, 372)","(139, 203, 278, 373)"
2328073.jpg,sitting on,table,322,487,47,3,pot,200,220,8,221,1,3,490,369,441,208,"(47, 369, 3, 490)","(8, 208, 221, 441)"
2359754.jpg,sitting on,stoop,72,31,215,84,boy,48,42,105,83,1,3,115,287,125,153,"(215, 287, 84, 115)","(105, 153, 83, 125)"
2375076.jpg,wearing,scarf,187,100,187,355,boy,256,136,108,338,0,3,455,374,474,364,"(187, 374, 355, 455)","(108, 364, 338, 474)"
2358842.jpg,mounted on,clock,65,67,138,143,hand,31,14,166,174,0,3,210,203,188,197,"(138, 203, 143, 210)","(166, 197, 174, 188)"
2317355.jpg,wearing,pants,57,29,219,255,man,112,43,165,248,0,3,284,276,291,277,"(219, 276, 255, 284)","(165, 277, 248, 291)"
2323400.jpg,eating,grass,129,497,245,1,sheep,14,15,317,279,0,3,498,374,294,331,"(245, 374, 1, 498)","(317, 331, 279, 294)"
2326619.jpg,wearing,collar,38,49,182,367,bear,147,107,123,328,0,3,416,220,435,270,"(182, 220, 367, 416)","(123, 270, 328, 435)"
2332809.jpg,sitting on,bench,67,270,129,36,woman,162,133,81,33,1,3,306,196,166,243,"(129, 196, 36, 306)","(81, 243, 33, 166)"
2412800.jpg,says,11:13,33,39,48,164,clock,62,66,40,146,0,3,203,81,212,102,"(48, 81, 164, 203)","(40, 102, 146, 212)"
2343951.jpg,sitting on,desk,177,496,156,2,laptop,86,142,97,33,1,3,498,333,175,183,"(156, 333, 2, 498)","(97, 183, 33, 175)"
2409002.jpg,wearing,sunglasses,14,36,41,169,man,438,157,19,99,0,3,205,55,256,457,"(41, 55, 169, 205)","(19, 457, 99, 256)"
2411653.jpg,sitting on,ramp,282,498,52,0,man,125,166,129,60,1,3,498,334,226,254,"(52, 334, 0, 498)","(129, 254, 60, 226)"
2373659.jpg,wearing,uniform,120,39,122,396,person,166,41,97,393,0,3,435,242,434,263,"(122, 242, 396, 435)","(97, 263, 393, 434)"
2360197.jpg,flying in,air,174,480,2,2,kite,30,26,96,454,0,3,482,176,480,126,"(2, 176, 2, 482)","(96, 126, 454, 480)"
2386443.jpg,sitting on,sand,210,499,164,0,lady,24,17,158,465,1,3,499,374,482,182,"(164, 374, 0, 499)","(158, 182, 465, 482)"
2341772.jpg,sitting on,horse,314,245,178,87,woman,310,135,24,195,1,3,332,492,330,334,"(178, 492, 87, 332)","(24, 334, 195, 330)"
2400807.jpg,watching,skier,119,121,56,29,person,62,28,314,109,0,3,150,175,137,376,"(56, 175, 29, 150)","(314, 376, 109, 137)"
2417494.jpg,sitting on,bench,61,180,132,22,people,318,499,32,0,1,3,202,193,499,350,"(132, 193, 22, 202)","(32, 350, 0, 499)"
2412166.jpg,wearing,black,91,50,126,271,man,114,60,112,267,0,3,321,217,327,226,"(126, 217, 271, 321)","(112, 226, 267, 327)"
2410392.jpg,sitting on,bench,228,398,110,78,dog,65,127,169,163,1,3,476,338,290,234,"(110, 338, 78, 476)","(169, 234, 163, 290)"
2363851.jpg,sitting on,counter,495,332,2,0,bottle,259,90,1,115,1,3,332,497,205,260,"(2, 497, 0, 332)","(1, 260, 115, 205)"
2385284.jpg,covering,ground,13,12,123,70,snow,9,10,124,69,0,3,82,136,79,133,"(123, 136, 70, 82)","(124, 133, 69, 79)"
2409128.jpg,wearing,khakis,64,85,147,186,man,200,168,39,126,0,3,271,211,294,239,"(147, 211, 186, 271)","(39, 239, 126, 294)"
2328209.jpg,sitting on,chair,120,93,58,110,woman,108,122,98,110,1,3,203,178,232,206,"(58, 178, 110, 203)","(98, 206, 110, 232)"
2364765.jpg,wearing,undershirt,51,60,156,264,female,470,390,11,24,0,3,324,207,414,481,"(156, 207, 264, 324)","(11, 481, 24, 414)"
2390709.jpg,watching,elephants,127,373,91,49,man,91,106,281,176,0,3,422,218,282,372,"(91, 218, 49, 422)","(281, 372, 176, 282)"
2395479.jpg,wearing,apron,78,63,200,49,person,190,101,106,17,0,3,112,278,118,296,"(200, 278, 49, 112)","(106, 296, 17, 118)"
2384234.jpg,wearing,pants,63,36,227,186,man,117,47,176,186,0,3,222,290,233,293,"(227, 290, 186, 222)","(176, 293, 186, 233)"
2322372.jpg,wearing,wetsuit,94,70,119,143,man,80,68,120,140,0,3,213,213,208,200,"(119, 213, 143, 213)","(120, 200, 140, 208)"
2355269.jpg,sitting on,counter,31,186,202,189,towel,8,7,198,269,1,3,375,233,276,206,"(202, 233, 189, 375)","(198, 206, 269, 276)"
2346933.jpg,wearing,shirt,17,16,432,54,man,40,15,429,54,0,3,70,449,69,469,"(432, 449, 54, 70)","(429, 469, 54, 69)"
2315924.jpg,covering,ground,122,499,130,0,dirt,122,495,130,2,0,3,499,252,497,252,"(130, 252, 0, 499)","(130, 252, 2, 497)"
2358854.jpg,sitting on,table,327,499,48,1,bucket,97,80,41,263,1,3,500,375,343,138,"(48, 375, 1, 500)","(41, 138, 263, 343)"
2347788.jpg,sitting on,bench,78,170,250,262,kid,173,161,158,203,1,3,432,328,364,331,"(250, 328, 262, 432)","(158, 331, 203, 364)"
2405428.jpg,wearing,shirt,23,51,78,291,man,286,139,29,267,0,3,342,101,406,315,"(78, 101, 291, 342)","(29, 315, 267, 406)"
2392565.jpg,sitting on,boat,87,311,245,17,dog,93,57,209,127,1,3,328,332,184,302,"(245, 332, 17, 328)","(209, 302, 127, 184)"
2411062.jpg,sitting on,counter,58,41,187,3,clothing,46,22,193,7,1,3,44,245,29,239,"(187, 245, 3, 44)","(193, 239, 7, 29)"
2398542.jpg,sitting on,grass,132,473,351,14,man,56,45,304,28,1,3,487,483,73,360,"(351, 483, 14, 487)","(304, 360, 28, 73)"
2382139.jpg,sitting on,bed,331,499,1,0,boy,259,207,24,210,1,3,499,332,417,283,"(1, 332, 0, 499)","(24, 283, 210, 417)"
2334982.jpg,wearing,wetsuit,84,61,205,285,windsurfer,112,64,188,290,0,3,346,289,354,300,"(205, 289, 285, 346)","(188, 300, 290, 354)"
713935.jpg,wearing,shorts,74,52,253,749,man,245,67,141,743,0,3,801,327,810,386,"(253, 327, 749, 801)","(141, 386, 743, 810)"
2336049.jpg,sitting on,ground,67,498,307,0,luggage,55,53,256,330,1,3,498,374,383,311,"(307, 374, 0, 498)","(256, 311, 330, 383)"
2401480.jpg,sitting on,pavement,25,36,219,152,child,129,75,242,71,1,3,188,244,146,371,"(219, 244, 152, 188)","(242, 371, 71, 146)"
2385120.jpg,sitting on,sink,118,181,161,292,towel,57,40,141,320,1,3,473,279,360,198,"(161, 279, 292, 473)","(141, 198, 320, 360)"
2368673.jpg,sitting on,cabinet,53,245,135,55,toaster,55,68,131,58,1,3,300,188,126,186,"(135, 188, 55, 300)","(131, 186, 58, 126)"
2389387.jpg,wearing,helmet,12,11,186,50,person,32,50,188,28,0,3,61,198,78,220,"(186, 198, 50, 61)","(188, 220, 28, 78)"
2353818.jpg,sitting on,tube,48,135,188,252,boy,71,54,121,263,1,3,387,236,317,192,"(188, 236, 252, 387)","(121, 192, 263, 317)"
1592994.jpg,wearing,shorts,87,78,409,66,man,216,127,350,26,0,3,144,496,153,566,"(409, 496, 66, 144)","(350, 566, 26, 153)"
2345265.jpg,sitting on,couch,137,206,236,0,remote,27,12,335,142,1,3,206,373,154,362,"(236, 373, 0, 206)","(335, 362, 142, 154)"
2342411.jpg,lying on,plate,23,70,213,235,pizza,20,61,217,240,0,3,305,236,301,237,"(213, 236, 235, 305)","(217, 237, 240, 301)"
2357543.jpg,sitting on,bed,210,434,122,0,girl,151,113,157,277,1,3,434,332,390,308,"(122, 332, 0, 434)","(157, 308, 277, 390)"
2353560.jpg,watching,kite,14,16,97,324,people,25,7,237,124,0,3,340,111,131,262,"(97, 111, 324, 340)","(237, 262, 124, 131)"
2341704.jpg,sitting on,runway,15,499,89,0,airplane,52,157,51,287,1,3,499,104,444,103,"(89, 104, 0, 499)","(51, 103, 287, 444)"
2397069.jpg,sitting on,range,42,175,180,287,pan,18,82,175,359,1,3,462,222,441,193,"(180, 222, 287, 462)","(175, 193, 359, 441)"
2329576.jpg,sitting on,chair,174,147,245,227,man,208,121,237,243,1,3,374,419,364,445,"(245, 419, 227, 374)","(237, 445, 243, 364)"
2374737.jpg,sitting on,bed,100,127,217,100,woman,225,180,71,251,1,3,227,317,431,296,"(217, 317, 100, 227)","(71, 296, 251, 431)"
2362649.jpg,sitting on,table,89,206,260,199,glass,60,27,214,284,1,3,405,349,311,274,"(260, 349, 199, 405)","(214, 274, 284, 311)"
2353595.jpg,sitting on,carpet,299,487,27,10,dog,262,282,61,107,1,3,497,326,389,323,"(27, 326, 10, 497)","(61, 323, 107, 389)"
2380143.jpg,sitting on,table,496,499,1,1,plate,499,499,1,1,1,3,500,497,500,500,"(1, 497, 1, 500)","(1, 500, 1, 500)"
2352751.jpg,sitting on,couch,376,328,123,1,man,408,196,3,134,1,3,329,499,330,411,"(123, 499, 1, 329)","(3, 411, 134, 330)"
2392452.jpg,covering,ground,31,68,221,260,snow,20,30,161,162,0,3,328,252,192,181,"(221, 252, 260, 328)","(161, 181, 162, 192)"
498365.jpg,wearing,shirt,80,76,345,380,boy,209,94,321,367,0,3,456,425,461,530,"(345, 425, 380, 456)","(321, 530, 367, 461)"
2381973.jpg,sitting on,beach,83,499,248,0,woman,35,27,223,348,1,3,499,331,375,258,"(248, 331, 0, 499)","(223, 258, 348, 375)"
2390367.jpg,sitting on,stair,56,300,275,198,people,24,20,296,210,1,3,498,331,230,320,"(275, 331, 198, 498)","(296, 320, 210, 230)"
2321138.jpg,standing on,street,75,330,257,39,person,87,24,245,167,0,3,369,332,191,332,"(257, 332, 39, 369)","(245, 332, 167, 191)"
2381208.jpg,wearing,pants,123,63,171,365,man,261,83,39,349,0,3,428,294,432,300,"(171, 294, 365, 428)","(39, 300, 349, 432)"
2395711.jpg,sitting on,branch,80,470,134,27,bird,214,65,76,321,1,3,497,214,386,290,"(134, 214, 27, 497)","(76, 290, 321, 386)"
2367186.jpg,sitting on,bench,173,368,134,35,man,198,91,78,81,1,3,403,307,172,276,"(134, 307, 35, 403)","(78, 276, 81, 172)"
2319957.jpg,wearing,skis,8,37,181,265,person,82,36,104,267,0,3,302,189,303,186,"(181, 189, 265, 302)","(104, 186, 267, 303)"
2409596.jpg,standing on,skies,16,35,242,201,skier,108,35,150,214,0,3,236,258,249,258,"(242, 258, 201, 236)","(150, 258, 214, 249)"
2355886.jpg,wearing,sunglasses,59,95,176,65,man,455,175,44,2,0,3,160,235,177,499,"(176, 235, 65, 160)","(44, 499, 2, 177)"
2357170.jpg,sitting on,table,262,496,36,1,jar,66,80,147,31,1,3,497,298,111,213,"(36, 298, 1, 497)","(147, 213, 31, 111)"
2393184.jpg,sitting on,tray,66,236,417,28,saucer,29,56,447,167,1,3,264,483,223,476,"(417, 483, 28, 264)","(447, 476, 167, 223)"
2364779.jpg,wearing,sandals,56,59,127,4,man,127,90,8,145,0,3,63,183,235,135,"(127, 183, 4, 63)","(8, 135, 145, 235)"
2412220.jpg,wearing,glasses,107,204,111,78,horse,447,241,18,81,0,3,282,218,322,465,"(111, 218, 78, 282)","(18, 465, 81, 322)"
1401.jpg,wearing,white,35,30,332,7,person,68,25,431,275,0,3,37,367,300,499,"(332, 367, 7, 37)","(431, 499, 275, 300)"
713918.jpg,sitting on,table,208,486,458,423,newpaper,56,229,533,581,1,3,909,666,810,589,"(458, 666, 423, 909)","(533, 589, 581, 810)"
2404674.jpg,wearing,necklace,72,59,133,273,woman,475,142,19,243,0,3,332,205,385,494,"(133, 205, 273, 332)","(19, 494, 243, 385)"
2333881.jpg,sitting on,sofa,161,261,157,237,woman,82,104,199,395,1,3,498,318,499,281,"(157, 318, 237, 498)","(199, 281, 395, 499)"
2381336.jpg,sitting on,grass,234,498,70,1,dog,120,156,120,21,1,3,499,304,177,240,"(70, 304, 1, 499)","(120, 240, 21, 177)"
713195.jpg,wearing,jacket,156,129,500,464,man,438,122,446,470,0,3,593,656,592,884,"(500, 656, 464, 593)","(446, 884, 470, 592)"
2393311.jpg,sitting on,table,121,166,204,141,laptop,114,129,130,174,1,3,307,325,303,244,"(204, 325, 141, 307)","(130, 244, 174, 303)"
1592513.jpg,wearing,glasses,68,143,219,326,guy,642,528,122,45,0,3,469,287,573,764,"(219, 287, 326, 469)","(122, 764, 45, 573)"
2407841.jpg,sitting on,bus,371,495,4,3,woman,138,88,236,387,1,3,498,375,475,374,"(4, 375, 3, 498)","(236, 374, 387, 475)"
2375043.jpg,sitting on,horse,262,324,110,0,man,180,95,32,172,1,3,324,372,267,212,"(110, 372, 0, 324)","(32, 212, 172, 267)"
2386280.jpg,sitting on,bench,25,22,174,22,man,41,26,156,6,1,3,44,199,32,197,"(174, 199, 22, 44)","(156, 197, 6, 32)"
2371102.jpg,sitting on,chair,241,385,90,113,cat,97,243,24,121,1,3,498,331,364,121,"(90, 331, 113, 498)","(24, 121, 121, 364)"
2396660.jpg,wearing,glasses,11,28,50,372,man,161,53,30,351,0,3,400,61,404,191,"(50, 61, 372, 400)","(30, 191, 351, 404)"
2391384.jpg,wearing,shorts,49,56,289,287,boy,206,111,186,270,0,3,343,338,381,392,"(289, 338, 287, 343)","(186, 392, 270, 381)"
2341317.jpg,sitting on,bench,166,128,157,263,guy,185,151,140,206,1,3,391,323,357,325,"(157, 323, 263, 391)","(140, 325, 206, 357)"
713846.jpg,wearing,dress,118,52,330,355,kid,245,115,276,320,0,3,407,448,435,521,"(330, 448, 355, 407)","(276, 521, 320, 435)"
2413221.jpg,wearing,top,49,52,132,304,girl,228,51,90,305,0,3,356,181,356,318,"(132, 181, 304, 356)","(90, 318, 305, 356)"
2404566.jpg,wearing,shirt,76,80,53,287,person,241,89,24,288,0,3,367,129,377,265,"(53, 129, 287, 367)","(24, 265, 288, 377)"
2347890.jpg,wearing,pants,46,30,280,407,person,126,45,212,402,0,3,437,326,447,338,"(280, 326, 407, 437)","(212, 338, 402, 447)"
2368481.jpg,wearing,sunglasses,10,23,92,244,man,251,70,81,226,0,3,267,102,296,332,"(92, 102, 244, 267)","(81, 332, 226, 296)"
2372121.jpg,sitting on,walkway,31,493,319,5,bench,95,206,228,135,1,3,498,350,341,323,"(319, 350, 5, 498)","(228, 323, 135, 341)"
2352196.jpg,mounted on,wire,45,134,342,2,aircraft,177,355,264,2,0,3,136,387,357,441,"(342, 387, 2, 136)","(264, 441, 2, 357)"
2337256.jpg,wearing,shoe,26,27,263,165,boy,212,177,80,17,0,3,192,289,194,292,"(263, 289, 165, 192)","(80, 292, 17, 194)"
2343334.jpg,wearing,blazer,87,104,193,62,man,170,126,158,56,0,3,166,280,182,328,"(193, 280, 62, 166)","(158, 328, 56, 182)"
2410977.jpg,sitting on,bleachers,93,475,61,4,people,134,400,4,60,1,3,479,154,460,138,"(61, 154, 4, 479)","(4, 138, 60, 460)"
2391173.jpg,sitting on,table,315,492,43,6,plate,225,384,108,37,1,3,498,358,421,333,"(43, 358, 6, 498)","(108, 333, 37, 421)"
2378818.jpg,riding,surfboard,26,74,194,180,girl,90,54,111,245,0,3,254,220,299,201,"(194, 220, 180, 254)","(111, 201, 245, 299)"
2316229.jpg,wearing,vest,14,10,253,76,man,39,11,247,67,0,3,86,267,78,286,"(253, 267, 76, 86)","(247, 286, 67, 78)"
2371308.jpg,walking in,water,75,85,133,218,lady,36,15,147,380,0,3,303,208,395,183,"(133, 208, 218, 303)","(147, 183, 380, 395)"
2386888.jpg,wearing,hat,17,29,196,413,player,128,112,172,384,0,3,442,213,496,300,"(196, 213, 413, 442)","(172, 300, 384, 496)"
2324924.jpg,sitting on,stool,46,30,396,147,man,178,79,287,123,1,3,177,442,202,465,"(396, 442, 147, 177)","(287, 465, 123, 202)"
2348020.jpg,wearing,shirt,25,16,241,426,man,66,26,229,419,0,3,442,266,445,295,"(241, 266, 426, 442)","(229, 295, 419, 445)"
2395884.jpg,sitting on,beach,18,496,177,1,person,8,4,184,93,1,3,497,195,97,192,"(177, 195, 1, 497)","(184, 192, 93, 97)"
2403124.jpg,lying on,ground,254,472,113,7,dog,130,190,160,306,0,3,479,367,496,290,"(113, 367, 7, 479)","(160, 290, 306, 496)"
2405210.jpg,sitting on,table,49,117,5,5,plate,272,500,24,0,1,3,122,54,500,296,"(5, 54, 5, 122)","(24, 296, 0, 500)"
2412974.jpg,sitting on,vehicle,311,240,146,83,woman,327,168,44,133,1,3,323,457,301,371,"(146, 457, 83, 323)","(44, 371, 133, 301)"
2353190.jpg,wearing,hat,62,121,3,229,man,226,224,13,238,0,3,350,65,462,239,"(3, 65, 229, 350)","(13, 239, 238, 462)"
2417868.jpg,sitting on,desk,370,493,3,4,keyboard,148,252,42,1,1,3,497,373,253,190,"(3, 373, 4, 497)","(42, 190, 1, 253)"
2354209.jpg,sitting on,bench,75,194,336,119,woman,116,39,283,140,1,3,313,411,179,399,"(336, 411, 119, 313)","(283, 399, 140, 179)"
2351584.jpg,sitting on,bench,3,81,142,3,players,35,79,117,7,1,3,84,145,86,152,"(142, 145, 3, 84)","(117, 152, 7, 86)"
2316310.jpg,covered in,dust,64,114,224,1,hooves,55,55,258,292,0,3,115,288,347,313,"(224, 288, 1, 115)","(258, 313, 292, 347)"
2325611.jpg,sitting on,fence,77,449,132,4,man,72,50,104,267,1,3,453,209,317,176,"(132, 209, 4, 453)","(104, 176, 267, 317)"
2334789.jpg,sitting on,shelf,113,270,7,188,book,152,115,144,323,1,3,458,120,438,296,"(7, 120, 188, 458)","(144, 296, 323, 438)"
2386861.jpg,sitting on,ground,74,498,157,1,rock,21,34,184,106,1,3,499,231,140,205,"(157, 231, 1, 499)","(184, 205, 106, 140)"
2417499.jpg,sitting on,beach,103,496,88,3,person,8,9,120,233,1,3,499,191,242,128,"(88, 191, 3, 499)","(120, 128, 233, 242)"
2359567.jpg,wearing,glasses,56,43,70,244,girl,252,315,21,50,0,3,287,126,365,273,"(70, 126, 244, 287)","(21, 273, 50, 365)"
2412794.jpg,walking on,beach,329,494,2,4,woman,264,110,55,108,0,3,498,331,218,319,"(2, 331, 4, 498)","(55, 319, 108, 218)"
2407571.jpg,sitting on,sidelines,102,499,24,1,people,128,499,7,1,1,3,500,126,500,135,"(24, 126, 1, 500)","(7, 135, 1, 500)"
2364772.jpg,wearing,shirt,205,240,2,14,man,201,240,2,17,0,3,254,207,257,203,"(2, 207, 14, 254)","(2, 203, 17, 257)"
2393301.jpg,sitting on,lawn,333,498,0,1,frisbee,47,69,229,301,1,3,499,333,370,276,"(0, 333, 1, 499)","(229, 276, 301, 370)"
2341579.jpg,sitting on,table,141,101,133,0,computer,64,92,97,5,1,3,101,274,97,161,"(133, 274, 0, 101)","(97, 161, 5, 97)"
2320509.jpg,sitting on,curb,105,248,366,67,man,494,314,0,0,1,3,315,471,314,494,"(366, 471, 67, 315)","(0, 494, 0, 314)"
2319460.jpg,sitting on,bed,293,329,205,0,kitty,486,279,8,52,1,3,329,498,331,494,"(205, 498, 0, 329)","(8, 494, 52, 331)"
2323731.jpg,sitting on,balcony,109,272,222,225,torch,75,21,215,445,1,3,497,331,466,290,"(222, 331, 225, 497)","(215, 290, 445, 466)"
2404263.jpg,sitting on,table,314,465,168,18,bottle,239,70,36,182,1,3,483,482,252,275,"(168, 482, 18, 483)","(36, 275, 182, 252)"
2393158.jpg,sitting on,ground,191,307,307,42,vase,208,151,152,166,1,3,349,498,317,360,"(307, 498, 42, 349)","(152, 360, 166, 317)"
2368927.jpg,riding,wave,102,469,135,29,man,130,180,80,58,0,3,498,237,238,210,"(135, 237, 29, 498)","(80, 210, 58, 238)"
2381456.jpg,wearing,glasses,21,76,242,86,man,284,280,203,8,0,3,162,263,288,487,"(242, 263, 86, 162)","(203, 487, 8, 288)"
2380446.jpg,wearing,shirt,201,158,173,205,man,282,185,92,177,0,3,363,374,362,374,"(173, 374, 205, 363)","(92, 374, 177, 362)"
2402765.jpg,wearing,pants,62,86,106,330,man,99,114,76,317,0,3,416,168,431,175,"(106, 168, 330, 416)","(76, 175, 317, 431)"
2360640.jpg,sitting on,ground,328,495,2,2,man,45,45,0,116,1,3,497,330,161,45,"(2, 330, 2, 497)","(0, 45, 116, 161)"
2322200.jpg,wearing,shoe,24,50,254,63,man,254,160,26,64,0,3,113,278,224,280,"(254, 278, 63, 113)","(26, 280, 64, 224)"
2396673.jpg,wearing,jeans,97,65,195,415,man,196,78,97,406,0,3,480,292,484,293,"(195, 292, 415, 480)","(97, 293, 406, 484)"
2370401.jpg,sitting on,floor,182,435,150,58,newspapers,62,67,268,0,1,3,493,332,67,330,"(150, 332, 58, 493)","(268, 330, 0, 67)"
2365391.jpg,sitting on,bus,250,399,44,37,person,26,17,156,75,1,3,436,294,92,182,"(44, 294, 37, 436)","(156, 182, 75, 92)"
2325166.jpg,sitting on,ground,74,281,205,217,shark,21,24,209,391,1,3,498,279,415,230,"(205, 279, 217, 498)","(209, 230, 391, 415)"
2404113.jpg,wearing,helmet,17,13,144,219,player,107,56,143,181,0,3,232,161,237,250,"(144, 161, 219, 232)","(143, 250, 181, 237)"
2350690.jpg,wearing,shorts,15,15,44,245,boy,71,23,5,240,0,3,260,59,263,76,"(44, 59, 245, 260)","(5, 76, 240, 263)"
713937.jpg,wearing,shirt,119,78,246,81,man,408,82,192,76,0,3,159,365,158,600,"(246, 365, 81, 159)","(192, 600, 76, 158)"
2350944.jpg,walking in,dirt,370,482,3,6,bird,95,169,127,208,0,3,488,373,377,222,"(3, 373, 6, 488)","(127, 222, 208, 377)"
2385028.jpg,riding,bike,42,53,60,280,man,93,25,11,293,0,3,333,102,318,104,"(60, 102, 280, 333)","(11, 104, 293, 318)"
2344937.jpg,covering,foot,17,22,0,403,shoe,19,37,2,397,0,3,425,17,434,21,"(0, 17, 403, 425)","(2, 21, 397, 434)"
2369247.jpg,wearing,overalls,234,70,139,208,man,319,101,82,191,0,3,278,373,292,401,"(139, 373, 208, 278)","(82, 401, 191, 292)"
2398007.jpg,wearing,shirt,85,45,117,2,man,208,52,91,0,0,3,47,202,52,299,"(117, 202, 2, 47)","(91, 299, 0, 52)"
2404719.jpg,wearing,sock,8,8,182,417,guy,161,101,41,363,0,3,425,190,464,202,"(182, 190, 417, 425)","(41, 202, 363, 464)"
2413945.jpg,sitting on,sidewalk,330,400,169,0,dog,229,190,209,130,1,3,400,499,320,438,"(169, 499, 0, 400)","(209, 438, 130, 320)"
2400228.jpg,playing,saxophone,22,22,180,159,figurine,69,31,161,157,0,3,181,202,188,230,"(180, 202, 159, 181)","(161, 230, 157, 188)"
2370900.jpg,sitting on,motorcycle,75,215,66,93,person,120,123,22,147,1,3,308,141,270,142,"(66, 141, 93, 308)","(22, 142, 147, 270)"
2328528.jpg,wearing,pants,52,28,172,45,man,90,31,133,44,0,3,73,224,75,223,"(172, 224, 45, 73)","(133, 223, 44, 75)"
2361610.jpg,wearing,shoes,26,32,285,263,guy,191,60,134,246,0,3,295,311,306,325,"(285, 311, 263, 295)","(134, 325, 246, 306)"
2364215.jpg,wearing,pants,82,125,138,266,skier,190,147,38,252,0,3,391,220,399,228,"(138, 220, 266, 391)","(38, 228, 252, 399)"
2345651.jpg,sitting on,cement,169,332,331,1,pot,336,261,59,72,1,3,333,500,333,395,"(331, 500, 1, 333)","(59, 395, 72, 333)"
2381092.jpg,wearing,pants,124,129,376,139,guy,436,171,62,98,0,3,268,500,269,498,"(376, 500, 139, 268)","(62, 498, 98, 269)"
2414862.jpg,wearing,shoes,32,45,356,8,person,198,82,165,9,0,3,53,388,91,363,"(356, 388, 8, 53)","(165, 363, 9, 91)"
2333286.jpg,sitting on,seat,50,155,204,330,man,142,57,82,420,1,3,485,254,477,224,"(204, 254, 330, 485)","(82, 224, 420, 477)"
2353620.jpg,sitting on,table,14,57,165,365,lamp,65,41,103,373,1,3,422,179,414,168,"(165, 179, 365, 422)","(103, 168, 373, 414)"
2355762.jpg,wearing,pants,97,80,232,250,girl,279,110,51,242,0,3,330,329,352,330,"(232, 329, 250, 330)","(51, 330, 242, 352)"
2368355.jpg,wearing,earring,8,8,246,140,woman,270,108,206,95,0,3,148,254,203,476,"(246, 254, 140, 148)","(206, 476, 95, 203)"
2395309.jpg,wearing,brown,230,480,260,19,floor,233,466,265,28,0,3,499,490,494,498,"(260, 490, 19, 499)","(265, 498, 28, 494)"
2350969.jpg,sitting on,benches,73,163,395,90,people,54,89,376,194,1,3,253,468,283,430,"(395, 468, 90, 253)","(376, 430, 194, 283)"
1592922.jpg,sitting on,couch,538,914,150,99,person,199,217,46,615,1,3,1013,688,832,245,"(150, 688, 99, 1013)","(46, 245, 615, 832)"
2344110.jpg,sitting on,hill,283,497,48,1,dog,172,120,64,378,1,3,498,331,498,236,"(48, 331, 1, 498)","(64, 236, 378, 498)"
2386879.jpg,sitting on,horse,400,125,60,181,person,221,117,30,181,1,3,306,460,298,251,"(60, 460, 181, 306)","(30, 251, 181, 298)"
1032.jpg,wearing,jacket,84,80,320,14,person,199,90,301,9,0,3,94,404,99,500,"(320, 404, 14, 94)","(301, 500, 9, 99)"
2416790.jpg,sitting on,shelf,26,94,461,131,pot,75,128,379,153,1,3,225,487,281,454,"(461, 487, 131, 225)","(379, 454, 153, 281)"
2357719.jpg,covering,ground,55,239,295,90,snow,80,87,157,24,0,3,329,350,111,237,"(295, 350, 90, 329)","(157, 237, 24, 111)"
2329910.jpg,sitting on,chair,15,52,107,266,man,330,463,0,21,1,3,318,122,484,330,"(107, 122, 266, 318)","(0, 330, 21, 484)"
2358439.jpg,sitting on,table,291,500,77,0,cable,64,86,117,83,1,3,500,368,169,181,"(77, 368, 0, 500)","(117, 181, 83, 169)"
2395602.jpg,sitting on,couch,163,150,19,168,bottle,14,9,100,244,1,3,318,182,253,114,"(19, 182, 168, 318)","(100, 114, 244, 253)"
2371865.jpg,sitting on,sidewalk,214,479,159,5,dog,325,404,26,13,1,3,484,373,417,351,"(159, 373, 5, 484)","(26, 351, 13, 417)"
2381446.jpg,sitting on,bench,250,216,119,60,lady,212,180,102,21,1,3,276,369,201,314,"(119, 369, 60, 276)","(102, 314, 21, 201)"
2327709.jpg,wearing,ring,7,10,357,226,man,373,190,0,115,0,3,236,364,305,373,"(357, 364, 226, 236)","(0, 373, 115, 305)"
2319573.jpg,flying in,air,330,481,2,3,animal,138,120,152,260,0,3,484,332,380,290,"(2, 332, 3, 484)","(152, 290, 260, 380)"
2335666.jpg,lying on,table,213,480,160,3,brush,163,175,207,205,0,3,483,373,380,370,"(160, 373, 3, 483)","(207, 370, 205, 380)"
2322466.jpg,wearing,boot,21,18,232,324,woman,96,44,153,320,0,3,342,253,364,249,"(232, 253, 324, 342)","(153, 249, 320, 364)"
2404238.jpg,wearing,shirt,101,184,56,226,man,280,287,16,138,0,3,410,157,425,296,"(56, 157, 226, 410)","(16, 296, 138, 425)"
1160169.jpg,mounted on,bus,398,296,130,469,headlight,22,22,463,703,0,3,765,528,725,485,"(130, 528, 469, 765)","(463, 485, 703, 725)"
2412229.jpg,wearing,shoes,26,19,185,272,girl,94,47,80,254,0,3,291,211,301,174,"(185, 211, 272, 291)","(80, 174, 254, 301)"
2341619.jpg,wearing,shirt,101,93,124,311,man,256,90,96,309,0,3,404,225,399,352,"(124, 225, 311, 404)","(96, 352, 309, 399)"
2361823.jpg,sitting on,table,128,499,247,1,book,298,205,31,36,1,3,500,375,241,329,"(247, 375, 1, 500)","(31, 329, 36, 241)"
2340424.jpg,wearing,tie,52,34,186,50,man,163,175,101,0,0,3,84,238,175,264,"(186, 238, 50, 84)","(101, 264, 0, 175)"
2352779.jpg,sitting on,bench,74,61,144,243,woman,300,130,61,303,1,3,304,218,433,361,"(144, 218, 243, 304)","(61, 361, 303, 433)"
2406838.jpg,playing,frisbee,29,36,28,152,man,236,138,45,228,0,3,188,57,366,281,"(28, 57, 152, 188)","(45, 281, 228, 366)"
285687.jpg,walking on,sidewalk,273,921,391,6,person,128,81,312,140,0,3,927,664,221,440,"(391, 664, 6, 927)","(312, 440, 140, 221)"
2410091.jpg,sitting on,table,372,497,1,0,cake,341,460,1,22,1,3,497,373,482,342,"(1, 373, 0, 497)","(1, 342, 22, 482)"
2415691.jpg,covering,surface,129,382,12,110,grass,70,71,23,200,0,3,492,141,271,93,"(12, 141, 110, 492)","(23, 93, 200, 271)"
2319991.jpg,sitting on,table,132,473,194,16,cat,239,278,53,36,1,3,489,326,314,292,"(194, 326, 16, 489)","(53, 292, 36, 314)"
2391406.jpg,wearing,pants,28,22,288,412,person,75,40,243,406,0,3,434,316,446,318,"(288, 316, 412, 434)","(243, 318, 406, 446)"
2385092.jpg,sitting on,seat,22,56,169,305,woman,136,79,48,271,1,3,361,191,350,184,"(169, 191, 305, 361)","(48, 184, 271, 350)"
2388649.jpg,sitting on,pole,96,352,150,100,birds,71,288,142,108,1,3,452,246,396,213,"(150, 246, 100, 452)","(142, 213, 108, 396)"
2402928.jpg,sitting on,desk,148,369,351,2,laptop,112,185,387,0,1,3,371,499,185,499,"(351, 499, 2, 371)","(387, 499, 0, 185)"
1593236.jpg,hanging from,pole,87,19,158,312,light,33,19,114,265,0,3,331,245,284,147,"(158, 245, 312, 331)","(114, 147, 265, 284)"
2316086.jpg,wearing,jacket,86,112,102,175,driver,174,240,95,146,0,3,287,188,386,269,"(102, 188, 175, 287)","(95, 269, 146, 386)"
713236.jpg,wearing,pants,327,149,556,355,person,730,281,255,281,0,3,504,883,562,985,"(556, 883, 355, 504)","(255, 985, 281, 562)"
2414145.jpg,wearing,shirt,16,49,55,163,policeman,143,109,10,152,0,3,212,71,261,153,"(55, 71, 163, 212)","(10, 153, 152, 261)"
2364130.jpg,sitting on,table,279,373,220,0,banana,276,198,222,7,1,3,373,499,205,498,"(220, 499, 0, 373)","(222, 498, 7, 205)"
2333364.jpg,sitting on,ground,219,492,113,4,boy,194,126,71,97,1,3,496,332,223,265,"(113, 332, 4, 496)","(71, 265, 97, 223)"
2348818.jpg,sitting on,plate,287,339,89,41,waffle,144,158,114,106,1,3,380,376,264,258,"(89, 376, 41, 380)","(114, 258, 106, 264)"
2417613.jpg,mounted on,bench,268,342,32,126,slat,113,276,31,189,0,3,468,300,465,144,"(32, 300, 126, 468)","(31, 144, 189, 465)"
2317369.jpg,walking on,rock,75,111,269,212,bear,258,290,110,128,0,3,323,344,418,368,"(269, 344, 212, 323)","(110, 368, 128, 418)"
2356985.jpg,sitting on,floor,187,497,246,2,monitor,121,96,196,288,1,3,499,433,384,317,"(246, 433, 2, 499)","(196, 317, 288, 384)"
2370773.jpg,covered in,dirt,62,443,269,3,street,70,493,260,3,0,3,446,331,496,330,"(269, 331, 3, 446)","(260, 330, 3, 496)"
2416099.jpg,sitting on,grass,282,343,75,144,plane,130,273,88,187,1,3,487,357,460,218,"(75, 357, 144, 487)","(88, 218, 187, 460)"
2316649.jpg,wearing,jeans,67,72,177,110,boy,184,154,79,76,0,3,182,244,230,263,"(177, 244, 110, 182)","(79, 263, 76, 230)"
2343076.jpg,sitting on,couch,195,181,137,315,man,252,254,79,228,1,3,496,332,482,331,"(137, 332, 315, 496)","(79, 331, 228, 482)"
2318490.jpg,eating,donut,75,135,247,50,man,461,305,27,46,0,3,185,322,351,488,"(247, 322, 50, 185)","(27, 488, 46, 351)"
2334989.jpg,wearing,jacket,80,74,149,180,girl,198,82,124,178,0,3,254,229,260,322,"(149, 229, 180, 254)","(124, 322, 178, 260)"
2343173.jpg,standing on,surfboard,54,50,103,298,man,70,63,91,328,0,3,348,157,391,161,"(103, 157, 298, 348)","(91, 161, 328, 391)"
2399537.jpg,sitting on,field,312,499,43,0,person,36,28,60,453,1,3,499,355,481,96,"(43, 355, 0, 499)","(60, 96, 453, 481)"
2377564.jpg,sitting on,napkin,45,46,113,21,glass,143,77,2,57,1,3,67,158,134,145,"(113, 158, 21, 67)","(2, 145, 57, 134)"
2369085.jpg,wearing,tie,104,63,395,100,man,388,297,106,2,0,3,163,499,299,494,"(395, 499, 100, 163)","(106, 494, 2, 299)"
2403545.jpg,sitting on,surfboard,42,239,240,129,woman,84,65,6,36,1,3,368,282,101,90,"(240, 282, 129, 368)","(6, 90, 36, 101)"
2389813.jpg,sitting on,elephants,172,402,121,89,people,33,315,100,103,1,3,491,293,418,133,"(121, 293, 89, 491)","(100, 133, 103, 418)"
2355743.jpg,wearing,shoes,12,16,376,71,woman,75,25,314,68,0,3,87,388,93,389,"(376, 388, 71, 87)","(314, 389, 68, 93)"
2354245.jpg,hanging from,rod,40,144,66,0,curtain,258,73,98,76,0,3,144,106,149,356,"(66, 106, 0, 144)","(98, 356, 76, 149)"
2364203.jpg,sitting on,bench,95,101,176,99,woman,120,89,146,177,1,3,200,271,266,266,"(176, 271, 99, 200)","(146, 266, 177, 266)"
2408907.jpg,sitting on,wall,144,447,190,0,seagull,79,47,135,205,1,3,447,334,252,214,"(190, 334, 0, 447)","(135, 214, 205, 252)"
2330561.jpg,sitting on,cabinet,147,126,144,299,jar,65,31,72,389,1,3,425,291,420,137,"(144, 291, 299, 425)","(72, 137, 389, 420)"
2382199.jpg,sitting on,chair,428,155,71,342,baby,347,329,10,152,1,3,497,499,481,357,"(71, 499, 342, 497)","(10, 357, 152, 481)"
2336072.jpg,sitting on,shelf,25,337,127,0,cat,118,137,84,75,1,3,337,152,212,202,"(127, 152, 0, 337)","(84, 202, 75, 212)"
2400823.jpg,sitting on,tray,158,410,153,59,drink,121,84,77,315,1,3,469,311,399,198,"(153, 311, 59, 469)","(77, 198, 315, 399)"
2388339.jpg,wearing,sandal,23,35,424,218,boy,338,91,139,197,0,3,253,447,288,477,"(424, 447, 218, 253)","(139, 477, 197, 288)"
2393015.jpg,sitting on,shelf,125,132,60,54,towel,45,111,114,57,1,3,186,185,168,159,"(60, 185, 54, 186)","(114, 159, 57, 168)"
2319036.jpg,sitting on,tablecloth,207,331,292,1,plate,83,165,347,17,1,3,332,499,182,430,"(292, 499, 1, 332)","(347, 430, 17, 182)"
2316606.jpg,sitting on,bench,53,137,223,278,woman,86,36,186,363,1,3,415,276,399,272,"(223, 276, 278, 415)","(186, 272, 363, 399)"
2405375.jpg,sitting on,chair,40,98,335,275,person,47,116,322,263,1,3,373,375,379,369,"(335, 375, 275, 373)","(322, 369, 263, 379)"
2351546.jpg,sitting on,ground,202,500,129,0,person,10,14,137,356,1,3,500,331,370,147,"(129, 331, 0, 500)","(137, 147, 356, 370)"
2409707.jpg,sitting on,table,131,446,222,17,cake,69,127,264,269,1,3,463,353,396,333,"(222, 353, 17, 463)","(264, 333, 269, 396)"
2417501.jpg,sitting on,elephant,38,57,220,296,people,35,48,195,300,1,3,353,258,348,230,"(220, 258, 296, 353)","(195, 230, 300, 348)"
2379503.jpg,wearing,black,99,87,201,246,man,231,88,94,247,0,3,333,300,335,325,"(201, 300, 246, 333)","(94, 325, 247, 335)"
2374830.jpg,riding,bike,137,123,171,215,woman,171,104,103,222,0,3,338,308,326,274,"(171, 308, 215, 338)","(103, 274, 222, 326)"
2403000.jpg,sitting on,toilet,474,109,2,341,child,486,293,13,87,1,3,450,476,380,499,"(2, 476, 341, 450)","(13, 499, 87, 380)"
2346796.jpg,sitting on,wall,53,156,263,160,boy,119,176,151,90,1,3,316,316,266,270,"(263, 316, 160, 316)","(151, 270, 90, 266)"
1592497.jpg,parked on,street,193,188,524,787,car,110,106,559,800,0,3,975,717,906,669,"(524, 717, 787, 975)","(559, 669, 800, 906)"
2381280.jpg,sitting on,plate,49,69,428,0,cup,48,53,414,2,1,3,69,477,55,462,"(428, 477, 0, 69)","(414, 462, 2, 55)"
2362441.jpg,sitting on,counter,222,497,103,1,vase,167,123,8,92,1,3,498,325,215,175,"(103, 325, 1, 498)","(8, 175, 92, 215)"
2398739.jpg,wearing,shirt,50,60,156,360,man,134,60,138,359,0,3,420,206,419,272,"(156, 206, 360, 420)","(138, 272, 359, 419)"
2403060.jpg,wearing,cap,11,15,174,400,man,112,39,175,388,0,3,415,185,427,287,"(174, 185, 400, 415)","(175, 287, 388, 427)"
2357703.jpg,wearing,sunglasses,9,27,26,463,man,67,59,13,440,0,3,490,35,499,80,"(26, 35, 463, 490)","(13, 80, 440, 499)"
2382819.jpg,sitting on,plate,373,499,1,0,cucumber,65,73,16,356,1,3,499,374,429,81,"(1, 374, 0, 499)","(16, 81, 356, 429)"
2353270.jpg,wearing,shirt,74,114,71,338,man,177,147,31,304,0,3,452,145,451,208,"(71, 145, 338, 452)","(31, 208, 304, 451)"
2322148.jpg,sitting on,ground,183,499,61,0,people,21,19,64,191,1,3,499,244,210,85,"(61, 244, 0, 499)","(64, 85, 191, 210)"
2395288.jpg,wearing,boots,21,33,293,122,girl,104,46,212,111,0,3,155,314,157,316,"(293, 314, 122, 155)","(212, 316, 111, 157)"
2358500.jpg,walking in,park,287,497,88,1,person,28,6,111,1,0,3,498,375,7,139,"(88, 375, 1, 498)","(111, 139, 1, 7)"
2342096.jpg,sitting on,table,79,100,179,381,candle,31,25,173,462,1,3,481,258,487,204,"(179, 258, 381, 481)","(173, 204, 462, 487)"
2353439.jpg,wearing,shirt,38,31,326,226,girl,107,53,309,214,0,3,257,364,267,416,"(326, 364, 226, 257)","(309, 416, 214, 267)"
2320029.jpg,sitting on,grass,99,330,399,1,giraffe,175,147,263,55,1,3,331,498,202,438,"(399, 498, 1, 331)","(263, 438, 55, 202)"
3111.jpg,sitting on,block,27,58,300,521,person,40,26,286,539,1,3,579,327,565,326,"(300, 327, 521, 579)","(286, 326, 539, 565)"
2367584.jpg,painted on,sign,10,204,232,218,r,38,25,216,364,0,3,422,242,389,254,"(232, 242, 218, 422)","(216, 254, 364, 389)"
2361593.jpg,wearing,shirt,20,30,190,36,man,51,52,170,30,0,3,66,210,82,221,"(190, 210, 36, 66)","(170, 221, 30, 82)"
2318132.jpg,sitting on,ground,154,499,221,0,cones,27,70,225,229,1,3,499,375,299,252,"(221, 375, 0, 499)","(225, 252, 229, 299)"
2352356.jpg,standing on,ground,203,475,142,2,person,175,34,141,297,0,3,477,345,331,316,"(142, 345, 2, 477)","(141, 316, 297, 331)"
2399449.jpg,wearing,dress,59,107,145,73,girl,146,144,78,50,0,3,180,204,194,224,"(145, 204, 73, 180)","(78, 224, 50, 194)"
2363759.jpg,sitting on,motorcycle,183,202,168,78,man,221,77,104,177,1,3,280,351,254,325,"(168, 351, 78, 280)","(104, 325, 177, 254)"
2384304.jpg,wearing,vest,69,46,326,217,man,143,47,303,214,0,3,263,395,261,446,"(326, 395, 217, 263)","(303, 446, 214, 261)"
2342055.jpg,wearing,helmet,15,26,120,205,biker,67,52,118,189,0,3,231,135,241,185,"(120, 135, 205, 231)","(118, 185, 189, 241)"
2369797.jpg,sitting on,shelf,40,211,458,66,book,84,15,380,157,1,3,277,498,172,464,"(458, 498, 66, 277)","(380, 464, 157, 172)"
2328137.jpg,sitting on,table,103,440,230,1,laptop,88,89,195,152,1,3,441,333,241,283,"(230, 333, 1, 441)","(195, 283, 152, 241)"
2375227.jpg,sitting on,wall,71,40,200,50,blanket,35,29,185,64,1,3,90,271,93,220,"(200, 271, 50, 90)","(185, 220, 64, 93)"
2319031.jpg,wearing,hat,56,64,10,161,man,381,295,8,45,0,3,225,66,340,389,"(10, 66, 161, 225)","(8, 389, 45, 340)"
2337604.jpg,standing on,field,247,492,84,7,person,333,171,0,327,0,3,499,331,498,333,"(84, 331, 7, 499)","(0, 333, 327, 498)"
2399618.jpg,sitting on,toilet,141,103,176,206,cat,83,115,189,174,1,3,309,317,289,272,"(176, 317, 206, 309)","(189, 272, 174, 289)"
2344728.jpg,sitting on,bus,365,460,4,4,person,17,27,0,137,1,3,464,369,164,17,"(4, 369, 4, 464)","(0, 17, 137, 164)"
2359411.jpg,wearing,lanyard,107,10,130,197,woman,193,150,53,345,0,3,207,237,495,246,"(130, 237, 197, 207)","(53, 246, 345, 495)"
2409078.jpg,wearing,shorts,43,35,248,166,man,134,59,199,156,0,3,201,291,215,333,"(248, 291, 166, 201)","(199, 333, 156, 215)"
713201.jpg,wearing,sweater,50,146,354,666,girl,130,141,293,648,0,3,812,404,789,423,"(354, 404, 666, 812)","(293, 423, 648, 789)"
2373489.jpg,sitting on,table,15,37,98,113,laptop,20,26,81,120,1,3,150,113,146,101,"(98, 113, 113, 150)","(81, 101, 120, 146)"
2332793.jpg,sitting on,sand,124,374,374,0,horse,132,153,284,12,1,3,374,498,165,416,"(374, 498, 0, 374)","(284, 416, 12, 165)"
2406583.jpg,sitting on,floor,179,290,317,3,bucket,55,43,431,173,1,3,293,496,216,486,"(317, 496, 3, 293)","(431, 486, 173, 216)"
2404069.jpg,sitting on,table,153,499,183,0,keyboard,38,210,234,139,1,3,499,336,349,272,"(183, 336, 0, 499)","(234, 272, 139, 349)"
2411621.jpg,sitting on,field,232,499,70,1,bird,6,4,95,63,1,3,500,302,67,101,"(70, 302, 1, 500)","(95, 101, 63, 67)"
2328775.jpg,sitting on,counter,22,127,159,150,oven,30,45,145,234,1,3,277,181,279,175,"(159, 181, 150, 277)","(145, 175, 234, 279)"
2382819.jpg,sitting on,plate,373,499,1,0,broccoli,118,77,22,144,1,3,499,374,221,140,"(1, 374, 0, 499)","(22, 140, 144, 221)"
2358186.jpg,sitting on,box,46,45,447,130,woman,350,262,40,67,1,3,175,493,329,390,"(447, 493, 130, 175)","(40, 390, 67, 329)"
2356099.jpg,sitting on,shelf,13,46,228,233,book,33,7,197,237,1,3,279,241,244,230,"(228, 241, 233, 279)","(197, 230, 237, 244)"
4106.jpg,sitting on,bookshelf,22,151,119,103,book,35,36,88,207,1,3,254,141,243,123,"(119, 141, 103, 254)","(88, 123, 207, 243)"
4614.jpg,growing on,tree,224,348,0,17,leaf,7,4,100,98,0,3,365,224,102,107,"(0, 224, 17, 365)","(100, 107, 98, 102)"
2412886.jpg,wearing,shirt,125,286,209,211,man,293,301,40,198,0,3,497,334,499,333,"(209, 334, 211, 497)","(40, 333, 198, 499)"
2334976.jpg,sitting on,bench,127,210,308,62,female,243,100,179,114,1,3,272,435,214,422,"(308, 435, 62, 272)","(179, 422, 114, 214)"
2377951.jpg,wearing,bracelets,44,45,229,255,guy,69,77,46,194,0,3,300,273,271,115,"(229, 273, 255, 300)","(46, 115, 194, 271)"
2353545.jpg,wearing,scarf,207,90,184,18,woman,415,108,85,1,0,3,108,391,109,500,"(184, 391, 18, 108)","(85, 500, 1, 109)"
2330672.jpg,sitting on,table,40,134,111,334,bottle,28,13,99,335,1,3,468,151,348,127,"(111, 151, 334, 468)","(99, 127, 335, 348)"
2417311.jpg,wearing,shirt,135,138,159,322,man,259,234,113,259,0,3,460,294,493,372,"(159, 294, 322, 460)","(113, 372, 259, 493)"
2384836.jpg,painted on,train,330,481,0,16,weasel,65,63,102,260,0,3,497,330,323,167,"(0, 330, 16, 497)","(102, 167, 260, 323)"
2369182.jpg,hanging from,ear,20,15,263,41,earring,10,8,267,45,0,3,56,283,53,277,"(263, 283, 41, 56)","(267, 277, 45, 53)"
2412726.jpg,sitting on,boat,103,251,178,247,woman,137,105,98,278,1,3,498,281,383,235,"(178, 281, 247, 498)","(98, 235, 278, 383)"
2373752.jpg,sitting on,bench,201,310,115,157,boy,295,145,60,315,1,3,467,316,460,355,"(115, 316, 157, 467)","(60, 355, 315, 460)"
2379990.jpg,wearing,sweater,147,477,12,11,person,157,480,10,9,0,3,488,159,489,167,"(12, 159, 11, 488)","(10, 167, 9, 489)"
2343203.jpg,sitting on,table,293,365,206,1,saucer,105,199,394,1,1,3,366,499,200,499,"(206, 499, 1, 366)","(394, 499, 1, 200)"
2321627.jpg,sitting on,floor,312,373,185,1,bottle,65,23,412,205,1,3,374,497,228,477,"(185, 497, 1, 374)","(412, 477, 205, 228)"
96.jpg,sitting on,table,141,367,339,7,mug,64,67,341,168,1,3,374,480,235,405,"(339, 480, 7, 374)","(341, 405, 168, 235)"
2383137.jpg,wearing,helmet,29,38,68,257,player,202,98,67,218,0,3,295,97,316,269,"(68, 97, 257, 295)","(67, 269, 218, 316)"
2399983.jpg,wearing,coat,47,52,77,148,person,109,87,64,143,0,3,200,124,230,173,"(77, 124, 148, 200)","(64, 173, 143, 230)"
1160237.jpg,sitting on,bench,54,100,556,876,person,78,54,545,886,1,3,976,610,940,623,"(556, 610, 876, 976)","(545, 623, 886, 940)"
2380711.jpg,wearing,hat,21,33,98,73,man,98,77,94,65,0,3,106,119,142,192,"(98, 119, 73, 106)","(94, 192, 65, 142)"
2362003.jpg,hanging from,ceiling,53,141,46,232,light,131,32,110,321,0,3,373,99,353,241,"(46, 99, 232, 373)","(110, 241, 321, 353)"
2416156.jpg,sitting on,bench,185,235,113,76,girl,224,191,39,307,1,3,311,298,498,263,"(113, 298, 76, 311)","(39, 263, 307, 498)"
2328616.jpg,wearing,suit,112,76,145,288,man,170,73,103,281,0,3,364,257,354,273,"(145, 257, 288, 364)","(103, 273, 281, 354)"
2317442.jpg,wearing,shirt,75,55,95,233,woman,230,113,54,165,0,3,288,170,278,284,"(95, 170, 233, 288)","(54, 284, 165, 278)"
2357187.jpg,growing on,hill,38,361,157,125,bush,12,14,165,366,0,3,486,195,380,177,"(157, 195, 125, 486)","(165, 177, 366, 380)"
4106.jpg,sitting on,bookshelf,22,151,119,103,book,32,16,102,103,1,3,254,141,119,134,"(119, 141, 103, 254)","(102, 134, 103, 119)"
2347400.jpg,sitting on,couch,197,463,177,35,man,296,197,78,23,1,3,498,374,220,374,"(177, 374, 35, 498)","(78, 374, 23, 220)"
2357343.jpg,eating,grass,235,495,146,2,cow,106,84,209,52,0,3,497,381,136,315,"(146, 381, 2, 497)","(209, 315, 52, 136)"
2392301.jpg,wearing,helmet,24,34,84,243,man,185,131,28,200,0,3,277,108,331,213,"(84, 108, 243, 277)","(28, 213, 200, 331)"
2381793.jpg,sitting on,stove,360,493,6,3,brownie,68,98,278,67,1,3,496,366,165,346,"(6, 366, 3, 496)","(278, 346, 67, 165)"
2342965.jpg,wearing,pants,102,81,193,92,skier,209,92,97,80,0,3,173,295,172,306,"(193, 295, 92, 173)","(97, 306, 80, 172)"
2367974.jpg,sitting on,table,382,329,117,2,bowl,249,273,196,37,1,3,331,499,310,445,"(117, 499, 2, 331)","(196, 445, 37, 310)"
2393283.jpg,sitting on,couch,131,193,369,1,man,161,80,338,161,1,3,194,500,241,499,"(369, 500, 1, 194)","(338, 499, 161, 241)"
2393179.jpg,wearing,ski,57,228,267,215,skier,271,207,31,199,0,3,443,324,406,302,"(267, 324, 215, 443)","(31, 302, 199, 406)"
2389144.jpg,wearing,shoes,60,80,267,162,woman,286,81,39,161,0,3,242,327,242,325,"(267, 327, 162, 242)","(39, 325, 161, 242)"
2388001.jpg,wearing,jeans,32,23,202,301,workers,72,28,168,298,0,3,324,234,326,240,"(202, 234, 301, 324)","(168, 240, 298, 326)"
2400581.jpg,using,camera,8,11,160,323,woman,56,22,153,323,0,3,334,168,345,209,"(160, 168, 323, 334)","(153, 209, 323, 345)"
2358573.jpg,sitting on,table,130,391,200,3,water,30,18,192,31,1,3,394,330,49,222,"(200, 330, 3, 394)","(192, 222, 31, 49)"
713331.jpg,sitting on,blanket,26,96,609,599,woman,91,135,561,585,1,3,695,635,720,652,"(609, 635, 599, 695)","(561, 652, 585, 720)"
285988.jpg,sitting on,bleachers,357,826,9,7,woman,67,53,57,351,1,3,833,366,404,124,"(9, 366, 7, 833)","(57, 124, 351, 404)"
2390898.jpg,sitting on,leaves,109,372,256,124,cornucopia,159,229,161,188,1,3,496,365,417,320,"(256, 365, 124, 496)","(161, 320, 188, 417)"
2399468.jpg,carrying,containers,23,15,163,290,truck,96,208,154,137,0,3,305,186,345,250,"(163, 186, 290, 305)","(154, 250, 137, 345)"
2316581.jpg,wearing,jeans,40,105,309,195,man,281,102,65,203,0,3,300,349,305,346,"(309, 349, 195, 300)","(65, 346, 203, 305)"
2350780.jpg,sitting on,table,141,415,190,12,drink,45,27,214,281,1,3,427,331,308,259,"(190, 331, 12, 427)","(214, 259, 281, 308)"
1592327.jpg,wearing,jacket,104,57,204,116,boy,243,74,172,116,0,3,173,308,190,415,"(204, 308, 116, 173)","(172, 415, 116, 190)"
2349596.jpg,wearing,helmet,20,31,78,195,boy,118,109,72,170,0,3,226,98,279,190,"(78, 98, 195, 226)","(72, 190, 170, 279)"
2358080.jpg,sitting on,plate,110,215,87,173,pear,54,59,63,235,1,3,388,197,294,117,"(87, 197, 173, 388)","(63, 117, 235, 294)"
2400385.jpg,wearing,bluejeans,43,32,124,3,person,141,136,1,0,0,3,35,167,136,142,"(124, 167, 3, 35)","(1, 142, 0, 136)"
2345606.jpg,wearing,hoodie,133,69,86,427,man,277,60,52,439,0,3,496,219,499,329,"(86, 219, 427, 496)","(52, 329, 439, 499)"
2381231.jpg,sitting on,table,182,420,151,17,rabbit,44,36,189,10,1,3,437,333,46,233,"(151, 333, 17, 437)","(189, 233, 10, 46)"
2355162.jpg,wearing,scarf,51,86,155,121,woman,429,143,66,106,0,3,207,206,249,495,"(155, 206, 121, 207)","(66, 495, 106, 249)"
2393785.jpg,wearing,eyeglasses,8,17,364,244,man,36,23,354,243,0,3,261,372,266,390,"(364, 372, 244, 261)","(354, 390, 243, 266)"
2390398.jpg,wearing,equipment,44,48,125,237,catcher,44,44,125,241,0,3,285,169,285,169,"(125, 169, 237, 285)","(125, 169, 241, 285)"
2404304.jpg,sitting on,motorcycle,62,60,186,308,man,68,30,176,333,1,3,368,248,363,244,"(186, 248, 308, 368)","(176, 244, 333, 363)"
2397131.jpg,sitting on,branch,99,499,164,0,bird,105,65,70,205,1,3,499,263,270,175,"(164, 263, 0, 499)","(70, 175, 205, 270)"
2395971.jpg,lying on,street,217,499,95,0,trash,8,19,265,315,0,3,499,312,334,273,"(95, 312, 0, 499)","(265, 273, 315, 334)"
1159853.jpg,wearing,boots,115,78,401,611,woman,134,277,404,393,0,3,689,516,670,538,"(401, 516, 611, 689)","(404, 538, 393, 670)"
2366162.jpg,sitting on,table,371,499,1,0,container,163,353,209,90,1,3,499,372,443,372,"(1, 372, 0, 499)","(209, 372, 90, 443)"
2413224.jpg,mounted on,bench,185,483,187,1,armrest,67,60,206,423,0,3,484,372,483,273,"(187, 372, 1, 484)","(206, 273, 423, 483)"
4918.jpg,sitting on,table,107,189,191,210,pad,39,121,193,248,1,3,399,298,369,232,"(191, 298, 210, 399)","(193, 232, 248, 369)"
2357665.jpg,wearing,shorts,30,39,127,8,person,205,57,5,8,0,3,47,157,65,210,"(127, 157, 8, 47)","(5, 210, 8, 65)"
2328415.jpg,mounted on,base,51,90,168,50,monitor,141,152,54,1,0,3,140,219,153,195,"(168, 219, 50, 140)","(54, 195, 1, 153)"
115.jpg,sitting on,couch,75,255,93,1,purse,70,41,79,215,1,3,256,168,256,149,"(93, 168, 1, 256)","(79, 149, 215, 256)"
2323586.jpg,sitting on,bench,113,450,255,5,bird,55,67,210,381,1,3,455,368,448,265,"(255, 368, 5, 455)","(210, 265, 381, 448)"
2324379.jpg,sitting on,bench,41,297,312,3,players,53,227,283,17,1,3,300,353,244,336,"(312, 353, 3, 300)","(283, 336, 17, 244)"
2417672.jpg,riding,elephant,351,328,144,84,man,93,73,90,83,0,3,412,495,156,183,"(144, 495, 84, 412)","(90, 183, 83, 156)"
2362109.jpg,sitting on,bus,149,102,339,100,people,23,87,337,105,1,3,202,488,192,360,"(339, 488, 100, 202)","(337, 360, 105, 192)"
2416060.jpg,sitting on,steps,79,72,226,154,man,55,15,220,329,1,3,226,305,344,275,"(226, 305, 154, 226)","(220, 275, 329, 344)"
2319131.jpg,wearing,jacket,10,10,210,302,skier,22,10,206,302,0,3,312,220,312,228,"(210, 220, 302, 312)","(206, 228, 302, 312)"
2392564.jpg,sitting on,leg,77,140,175,181,book,45,98,149,245,1,3,321,252,343,194,"(175, 252, 181, 321)","(149, 194, 245, 343)"
2401016.jpg,wearing,jacket,40,34,104,350,lady,79,38,94,348,0,3,384,144,386,173,"(104, 144, 350, 384)","(94, 173, 348, 386)"
2348611.jpg,sitting on,bench,59,298,288,93,players,161,310,184,81,1,3,391,347,391,345,"(288, 347, 93, 391)","(184, 345, 81, 391)"
2405438.jpg,sitting on,desk,370,426,0,25,speaker,86,74,113,366,1,3,451,370,440,199,"(0, 370, 25, 451)","(113, 199, 366, 440)"
2370973.jpg,sitting on,street,128,500,164,0,people,109,283,110,181,1,3,500,292,464,219,"(164, 292, 0, 500)","(110, 219, 181, 464)"
2339925.jpg,sitting on,sink,75,156,313,160,dispenser,42,19,311,277,1,3,316,388,296,353,"(313, 388, 160, 316)","(311, 353, 277, 296)"
2384950.jpg,wearing,jeans,99,171,234,91,man,263,187,69,82,0,3,262,333,269,332,"(234, 333, 91, 262)","(69, 332, 82, 269)"
2404668.jpg,sitting on,table,228,373,270,0,glass,115,58,215,77,1,3,373,498,135,330,"(270, 498, 0, 373)","(215, 330, 77, 135)"
2348179.jpg,sitting on,counter,182,271,316,41,flowers,94,45,242,213,1,3,312,498,258,336,"(316, 498, 41, 312)","(242, 336, 213, 258)"
2374468.jpg,wearing,sneakers,51,63,333,242,man,251,145,134,185,0,3,305,384,330,385,"(333, 384, 242, 305)","(134, 385, 185, 330)"
2330371.jpg,sitting on,bench,68,139,224,1,man,123,89,148,73,1,3,140,292,162,271,"(224, 292, 1, 140)","(148, 271, 73, 162)"
2366102.jpg,wearing,apron,93,17,149,15,person,114,24,128,14,0,3,32,242,38,242,"(149, 242, 15, 32)","(128, 242, 14, 38)"
2366985.jpg,sitting on,post,132,21,76,190,bird,28,46,52,171,1,3,211,208,217,80,"(76, 208, 190, 211)","(52, 80, 171, 217)"
1403.jpg,sitting on,street,275,597,324,1,car,153,176,417,386,1,3,598,599,562,570,"(324, 599, 1, 598)","(417, 570, 386, 562)"
2381427.jpg,lying on,cement,490,288,9,2,cigarette,8,13,473,140,0,3,290,499,153,481,"(9, 499, 2, 290)","(473, 481, 140, 153)"
2406329.jpg,wearing,shirt,21,33,120,303,girl,65,45,98,301,0,3,336,141,346,163,"(120, 141, 303, 336)","(98, 163, 301, 346)"
2405480.jpg,sitting on,books,108,137,217,314,monitor,160,66,80,355,1,3,451,325,421,240,"(217, 325, 314, 451)","(80, 240, 355, 421)"
2324726.jpg,wearing,jacket,15,12,233,367,girl,48,12,226,367,0,3,379,248,379,274,"(233, 248, 367, 379)","(226, 274, 367, 379)"
2391459.jpg,sitting on,ground,278,498,96,0,toilet,235,243,109,44,1,3,498,374,287,344,"(96, 374, 0, 498)","(109, 344, 44, 287)"
2408508.jpg,wearing,jacket,31,26,15,324,man,52,23,5,328,0,3,350,46,351,57,"(15, 46, 324, 350)","(5, 57, 328, 351)"
2376683.jpg,wearing,hat,66,96,38,6,woman,358,175,34,3,0,3,102,104,178,392,"(38, 104, 6, 102)","(34, 392, 3, 178)"
2375491.jpg,standing on,dirt,148,322,251,6,giraffe,165,108,148,212,0,3,328,399,320,313,"(251, 399, 6, 328)","(148, 313, 212, 320)"
2337174.jpg,growing on,tree,184,182,1,120,leaf,17,12,20,227,0,3,302,185,239,37,"(1, 185, 120, 302)","(20, 37, 227, 239)"
2340886.jpg,wearing,sweater,112,117,173,108,woman,160,117,124,106,0,3,225,285,223,284,"(173, 285, 108, 225)","(124, 284, 106, 223)"
2389556.jpg,wearing,hat,30,46,200,119,man,277,167,200,84,0,3,165,230,251,477,"(200, 230, 119, 165)","(200, 477, 84, 251)"
2350104.jpg,walking in,grass,137,385,235,0,woman,67,38,217,42,0,3,385,372,80,284,"(235, 372, 0, 385)","(217, 284, 42, 80)"
2391740.jpg,wearing,glasses,13,27,216,223,man,94,72,201,197,0,3,250,229,269,295,"(216, 229, 223, 250)","(201, 295, 197, 269)"
2335822.jpg,sitting on,floor,80,273,293,60,strip,34,39,285,56,1,3,333,373,95,319,"(293, 373, 60, 333)","(285, 319, 56, 95)"
2402843.jpg,wearing,hat,11,15,1,10,person,77,31,0,0,0,3,25,12,31,77,"(1, 12, 10, 25)","(0, 77, 0, 31)"
2350361.jpg,sitting on,bench,179,128,128,234,woman,254,157,46,202,1,3,362,307,359,300,"(128, 307, 234, 362)","(46, 300, 202, 359)"
2347791.jpg,sitting on,bench,107,222,141,165,man,173,87,87,260,1,3,387,248,347,260,"(141, 248, 165, 387)","(87, 260, 260, 347)"
2393031.jpg,sitting on,ground,232,494,252,5,luggage,207,116,153,186,1,3,499,484,302,360,"(252, 484, 5, 499)","(153, 360, 186, 302)"
2384364.jpg,sitting on,sectional,242,292,132,207,television,77,102,145,326,1,3,499,374,428,222,"(132, 374, 207, 499)","(145, 222, 326, 428)"
2403638.jpg,wearing,hat,20,29,75,364,boy,97,55,75,362,0,3,393,95,417,172,"(75, 95, 364, 393)","(75, 172, 362, 417)"
2354994.jpg,wearing,shoe,30,41,90,142,man,147,183,10,141,0,3,183,120,324,157,"(90, 120, 142, 183)","(10, 157, 141, 324)"
2387891.jpg,wearing,jeans,176,225,321,125,woman,475,304,24,63,0,3,350,497,367,499,"(321, 497, 125, 350)","(24, 499, 63, 367)"
1159855.jpg,sitting on,couch,463,282,297,739,people,294,132,253,806,1,3,1021,760,938,547,"(297, 760, 739, 1021)","(253, 547, 806, 938)"
2346977.jpg,wearing,clothing,72,30,260,102,man,85,36,248,98,0,3,132,332,134,333,"(260, 332, 102, 132)","(248, 333, 98, 134)"
2331042.jpg,sitting on,bench,201,390,103,31,cat,51,120,159,270,1,3,421,304,390,210,"(103, 304, 31, 421)","(159, 210, 270, 390)"
2397729.jpg,sitting on,horses,269,306,13,170,jockey,114,128,13,204,1,3,476,282,332,127,"(13, 282, 170, 476)","(13, 127, 204, 332)"
2398495.jpg,sitting on,couch,190,286,81,146,man,209,141,78,185,1,3,432,271,326,287,"(81, 271, 146, 432)","(78, 287, 185, 326)"
2408326.jpg,wearing,saree,323,174,9,39,woman,323,258,9,40,0,3,213,332,298,332,"(9, 332, 39, 213)","(9, 332, 40, 298)"
2380777.jpg,sitting on,couch,191,354,181,143,man,114,176,172,185,1,3,497,372,361,286,"(181, 372, 143, 497)","(172, 286, 185, 361)"
2392681.jpg,sitting on,boat,49,174,216,225,person,29,21,223,326,1,3,399,265,347,252,"(216, 265, 225, 399)","(223, 252, 326, 347)"
150505.jpg,sitting on,chair,279,498,486,11,lady,256,391,509,91,1,3,509,765,482,765,"(486, 765, 11, 509)","(509, 765, 91, 482)"
2388409.jpg,wearing,gloves,89,94,48,259,player,330,257,2,134,0,3,353,137,391,332,"(48, 137, 259, 353)","(2, 332, 134, 391)"
2353622.jpg,watching,skateboarder,134,86,58,207,people,87,110,129,0,0,3,293,192,110,216,"(58, 192, 207, 293)","(129, 216, 0, 110)"
2371229.jpg,sitting on,block,37,129,192,334,man,79,74,132,346,1,3,463,229,420,211,"(192, 229, 334, 463)","(132, 211, 346, 420)"
2385480.jpg,sitting on,grass,145,495,207,4,boy,119,99,224,289,1,3,499,352,388,343,"(207, 352, 4, 499)","(224, 343, 289, 388)"
2393884.jpg,wearing,pants,36,32,390,140,man,60,23,365,138,0,3,172,426,161,425,"(390, 426, 140, 172)","(365, 425, 138, 161)"
2963.jpg,carrying,bag,75,34,445,521,woman,235,68,364,514,0,3,555,520,582,599,"(445, 520, 521, 555)","(364, 599, 514, 582)"
2402012.jpg,wearing,shirt,316,145,15,1,person,327,206,2,1,0,3,146,331,207,329,"(15, 331, 1, 146)","(2, 329, 1, 207)"
2375833.jpg,wearing,tie,47,27,285,205,man,279,339,53,56,0,3,232,332,395,332,"(285, 332, 205, 232)","(53, 332, 56, 395)"
713283.jpg,sitting on,chair,124,78,595,400,person,344,443,394,20,1,3,478,719,463,738,"(595, 719, 400, 478)","(394, 738, 20, 463)"
2409083.jpg,wearing,shorts,153,132,147,322,man,317,240,56,215,0,3,454,300,455,373,"(147, 300, 322, 454)","(56, 373, 215, 455)"
2381952.jpg,standing on,grass,294,499,80,0,sheep,240,242,72,258,0,3,499,374,500,312,"(80, 374, 0, 499)","(72, 312, 258, 500)"
2398467.jpg,wearing,jeans,51,23,226,373,man,104,28,178,370,0,3,396,277,398,282,"(226, 277, 373, 396)","(178, 282, 370, 398)"
150377.jpg,wearing,glasses,39,78,69,220,guy,459,244,44,100,0,3,298,108,344,503,"(69, 108, 220, 298)","(44, 503, 100, 344)"
2408037.jpg,sitting on,floor,344,496,0,1,dog,365,486,18,1,1,3,497,344,487,383,"(0, 344, 1, 497)","(18, 383, 1, 487)"
2332504.jpg,parked on,street,121,499,209,0,car,35,45,187,68,0,3,499,330,113,222,"(209, 330, 0, 499)","(187, 222, 68, 113)"
2407090.jpg,riding,elephant,36,110,153,196,woman,43,26,126,259,0,3,306,189,285,169,"(153, 189, 196, 306)","(126, 169, 259, 285)"
2342225.jpg,wearing,skirt,90,61,182,132,woman,260,73,66,120,0,3,193,272,193,326,"(182, 272, 132, 193)","(66, 326, 120, 193)"
2349717.jpg,sitting on,bench,133,215,200,4,man,98,97,176,68,1,3,219,333,165,274,"(200, 333, 4, 219)","(176, 274, 68, 165)"
2388179.jpg,wearing,jeans,79,36,345,28,person,147,41,282,27,0,3,64,424,68,429,"(345, 424, 28, 64)","(282, 429, 27, 68)"
2391618.jpg,sitting on,bed,289,470,83,17,woman,229,140,82,58,1,3,487,372,198,311,"(83, 372, 17, 487)","(82, 311, 58, 198)"
107906.jpg,carrying,bags,57,103,419,205,man,162,74,332,216,0,3,308,476,290,494,"(419, 476, 205, 308)","(332, 494, 216, 290)"
2373197.jpg,wearing,helmet,68,67,14,240,skateboarder,329,293,2,13,0,3,307,82,306,331,"(14, 82, 240, 307)","(2, 331, 13, 306)"
2401815.jpg,sitting on,stool,111,348,380,4,remote,88,144,396,12,1,3,352,491,156,484,"(380, 491, 4, 352)","(396, 484, 12, 156)"
2355173.jpg,sitting on,counter,22,205,231,269,bottle,35,14,198,338,1,3,474,253,352,233,"(231, 253, 269, 474)","(198, 233, 338, 352)"
2406451.jpg,sitting on,sand,295,498,79,1,man,69,71,140,93,1,3,499,374,164,209,"(79, 374, 1, 499)","(140, 209, 93, 164)"
2405440.jpg,sitting on,couch,138,222,110,0,boy,144,89,98,103,1,3,222,248,192,242,"(110, 248, 0, 222)","(98, 242, 103, 192)"
713102.jpg,sitting on,bench,37,20,626,951,person,115,121,557,896,1,3,971,663,1017,672,"(626, 663, 951, 971)","(557, 672, 896, 1017)"
2334435.jpg,wearing,shorts,30,7,129,1,man,108,14,84,0,0,3,8,159,14,192,"(129, 159, 1, 8)","(84, 192, 0, 14)"
2340543.jpg,sitting on,bed,63,91,160,145,cushion,18,18,162,200,1,3,236,223,218,180,"(160, 223, 145, 236)","(162, 180, 200, 218)"
2394439.jpg,wearing,swimsuit,134,127,79,193,woman,276,148,34,183,0,3,320,213,331,310,"(79, 213, 193, 320)","(34, 310, 183, 331)"
2387561.jpg,sitting on,cart,22,29,199,241,person,28,25,173,245,1,3,270,221,270,201,"(199, 221, 241, 270)","(173, 201, 245, 270)"
2404279.jpg,wearing,tie,177,55,197,281,man,278,287,94,157,0,3,336,374,444,372,"(197, 374, 281, 336)","(94, 372, 157, 444)"
2373416.jpg,sitting on,chair,80,77,350,0,man,257,130,182,232,1,3,77,430,362,439,"(350, 430, 0, 77)","(182, 439, 232, 362)"
2354565.jpg,painted on,street,177,465,80,33,lines,38,101,218,395,0,3,498,257,496,256,"(80, 257, 33, 498)","(218, 256, 395, 496)"
2409586.jpg,sitting on,pizza,237,336,81,89,veggie,235,496,93,2,1,3,425,318,498,328,"(81, 318, 89, 425)","(93, 328, 2, 498)"
2332798.jpg,wearing,belt,20,84,194,43,man,257,166,15,16,0,3,127,214,182,272,"(194, 214, 43, 127)","(15, 272, 16, 182)"
2381932.jpg,sitting on,roof,42,97,292,277,unit,15,27,289,346,1,3,374,334,373,304,"(292, 334, 277, 374)","(289, 304, 346, 373)"
2388075.jpg,wearing,hat,21,32,166,112,man,221,99,177,77,0,3,144,187,176,398,"(166, 187, 112, 144)","(177, 398, 77, 176)"
2395719.jpg,sitting on,table,273,499,58,0,bottle,89,33,17,76,1,3,499,331,109,106,"(58, 331, 0, 499)","(17, 106, 76, 109)"
2371631.jpg,says,noon,20,18,164,252,clock,144,135,133,203,0,3,270,184,338,277,"(164, 184, 252, 270)","(133, 277, 203, 338)"
2344740.jpg,flying in,sky,164,490,3,5,bird,10,8,3,272,0,3,495,167,280,13,"(3, 167, 5, 495)","(3, 13, 272, 280)"
2344615.jpg,wearing,shirt,42,20,144,204,boy,31,28,157,197,0,3,224,186,225,188,"(144, 186, 204, 224)","(157, 188, 197, 225)"
2384310.jpg,carrying,racket,255,68,216,207,child,389,197,82,70,0,3,275,471,267,471,"(216, 471, 207, 275)","(82, 471, 70, 267)"
2356599.jpg,sitting on,table,262,487,12,9,bottle,67,65,1,389,1,3,496,274,454,68,"(12, 274, 9, 496)","(1, 68, 389, 454)"
2354061.jpg,sitting on,table,492,365,1,4,plate,243,227,0,138,1,3,369,493,365,243,"(1, 493, 4, 369)","(0, 243, 138, 365)"
2416526.jpg,sitting on,step,107,259,183,114,purse,76,90,167,99,1,3,373,290,189,243,"(183, 290, 114, 373)","(167, 243, 99, 189)"
2351100.jpg,covering,window,89,216,0,226,curtain,84,207,1,228,0,3,442,89,435,85,"(0, 89, 226, 442)","(1, 85, 228, 435)"
2385335.jpg,wearing,hat,14,20,74,366,person,141,69,77,346,0,3,386,88,415,218,"(74, 88, 366, 386)","(77, 218, 346, 415)"
2347362.jpg,sitting on,couch,178,250,195,26,people,210,293,163,14,1,3,276,373,307,373,"(195, 373, 26, 276)","(163, 373, 14, 307)"
2410944.jpg,sitting on,raft,452,211,37,91,bird,80,53,324,173,1,3,302,489,226,404,"(37, 489, 91, 302)","(324, 404, 173, 226)"
2377684.jpg,sitting on,ground,223,488,108,11,bird,62,108,157,147,1,3,499,331,255,219,"(108, 331, 11, 499)","(157, 219, 147, 255)"
2319270.jpg,sitting on,plate,314,319,185,2,fork,64,149,217,2,1,3,321,499,151,281,"(185, 499, 2, 321)","(217, 281, 2, 151)"
2328854.jpg,wearing,clothing,275,277,97,63,boy,373,300,0,59,0,3,340,372,359,373,"(97, 372, 63, 340)","(0, 373, 59, 359)"
2385115.jpg,sitting on,beach,22,163,96,26,people,28,471,97,24,1,3,189,118,495,125,"(96, 118, 26, 189)","(97, 125, 24, 495)"
2318494.jpg,sitting on,table,45,93,247,372,lamp,106,63,154,386,1,3,465,292,449,260,"(247, 292, 372, 465)","(154, 260, 386, 449)"
2355678.jpg,playing,baseball,220,120,129,256,man,120,79,207,31,0,3,376,349,110,327,"(129, 349, 256, 376)","(207, 327, 31, 110)"
2393425.jpg,wearing,pants,111,89,176,72,batter,196,120,98,67,0,3,161,287,187,294,"(176, 287, 72, 161)","(98, 294, 67, 187)"
2413212.jpg,sitting on,pavement,205,482,128,2,truck,34,87,251,335,1,3,484,333,422,285,"(128, 333, 2, 484)","(251, 285, 335, 422)"
2384348.jpg,wearing,pants,88,51,68,89,man,166,61,0,82,0,3,140,156,143,166,"(68, 156, 89, 140)","(0, 166, 82, 143)"
2356732.jpg,sitting on,table,202,494,131,4,pizza,188,334,130,21,1,3,498,333,355,318,"(131, 333, 4, 498)","(130, 318, 21, 355)"
2371333.jpg,using,camera,7,9,204,183,man,62,77,200,143,0,3,192,211,220,262,"(204, 211, 183, 192)","(200, 262, 143, 220)"
2410324.jpg,sitting on,counter,103,366,392,2,canister,331,202,115,156,1,3,368,495,358,446,"(392, 495, 2, 368)","(115, 446, 156, 358)"
2399102.jpg,sitting on,paper,315,489,59,9,crum,30,78,259,229,1,3,498,374,307,289,"(59, 374, 9, 498)","(259, 289, 229, 307)"
2323675.jpg,sitting on,bench,84,472,247,4,player,320,179,11,171,1,3,476,331,350,331,"(247, 331, 4, 476)","(11, 331, 171, 350)"
2356387.jpg,sitting on,branch,449,351,51,54,bird,432,244,65,1,1,3,405,500,245,497,"(51, 500, 54, 405)","(65, 497, 1, 245)"
1592412.jpg,sitting on,bench,95,223,124,196,people,132,98,98,193,1,3,419,219,291,230,"(124, 219, 196, 419)","(98, 230, 193, 291)"
2410679.jpg,sitting on,plate,271,500,16,0,cup,144,156,0,248,1,3,500,287,404,144,"(16, 287, 0, 500)","(0, 144, 248, 404)"
2386579.jpg,sitting on,couch,227,499,100,0,woman,278,178,51,280,1,3,499,327,458,329,"(100, 327, 0, 499)","(51, 329, 280, 458)"
2342799.jpg,sitting on,shelf,21,163,147,67,apple,9,18,145,161,1,3,230,168,179,154,"(147, 168, 67, 230)","(145, 154, 161, 179)"
2391341.jpg,sitting on,plate,277,429,50,7,pizza,264,342,65,35,1,3,436,327,377,329,"(50, 327, 7, 436)","(65, 329, 35, 377)"
2351332.jpg,sitting on,bench,103,324,213,61,people,201,77,128,149,1,3,385,316,226,329,"(213, 316, 61, 385)","(128, 329, 149, 226)"
2381973.jpg,sitting on,towel,18,130,266,251,bag,21,36,263,341,1,3,381,284,377,284,"(266, 284, 251, 381)","(263, 284, 341, 377)"
2323312.jpg,sitting on,road,61,496,114,2,bird,8,10,129,4,1,3,498,175,14,137,"(114, 175, 2, 498)","(129, 137, 4, 14)"
2406162.jpg,wearing,hat,19,26,194,18,skiers,181,81,192,7,0,3,44,213,88,373,"(194, 213, 18, 44)","(192, 373, 7, 88)"
2353620.jpg,sitting on,stand,77,166,147,55,television,62,85,91,96,1,3,221,224,181,153,"(147, 224, 55, 221)","(91, 153, 96, 181)"
2339122.jpg,lying on,bed,225,379,148,0,cape,106,250,222,85,0,3,379,373,335,328,"(148, 373, 0, 379)","(222, 328, 85, 335)"
2318065.jpg,wearing,sweatpants,220,142,233,327,man,430,189,49,287,0,3,469,453,476,479,"(233, 453, 327, 469)","(49, 479, 287, 476)"
2398495.jpg,sitting on,chair,181,177,194,19,man,289,222,86,38,1,3,196,375,260,375,"(194, 375, 19, 196)","(86, 375, 38, 260)"
2321342.jpg,watching,dog,85,151,371,107,child,93,34,311,17,0,3,258,456,51,404,"(371, 456, 107, 258)","(311, 404, 17, 51)"
2329037.jpg,covering,side,299,303,198,29,snow,89,127,330,143,0,3,332,497,270,419,"(198, 497, 29, 332)","(330, 419, 143, 270)"
2319539.jpg,sitting on,counter,118,330,234,37,microwave,84,124,190,67,1,3,367,352,191,274,"(234, 352, 37, 367)","(190, 274, 67, 191)"
2353922.jpg,wearing,hat,21,20,80,132,man,144,59,81,117,0,3,152,101,176,225,"(80, 101, 132, 152)","(81, 225, 117, 176)"
2345222.jpg,wearing,sunglasses,12,30,5,100,man,62,40,0,93,0,3,130,17,133,62,"(5, 17, 100, 130)","(0, 62, 93, 133)"
2412008.jpg,wearing,gloves,14,20,128,270,man,142,63,89,264,0,3,290,142,327,231,"(128, 142, 270, 290)","(89, 231, 264, 327)"
2405729.jpg,sitting on,ground,10,30,110,31,people,37,71,71,5,1,3,61,120,76,108,"(110, 120, 31, 61)","(71, 108, 5, 76)"
2319626.jpg,sitting on,sand,251,355,247,2,dog,246,170,216,65,1,3,357,498,235,462,"(247, 498, 2, 357)","(216, 462, 65, 235)"
2338176.jpg,hanging from,boom,28,48,65,58,light,20,11,66,100,0,3,106,93,111,86,"(65, 93, 58, 106)","(66, 86, 100, 111)"
2363461.jpg,sitting on,shelf,43,139,110,219,bag,29,32,90,309,1,3,358,153,341,119,"(110, 153, 219, 358)","(90, 119, 309, 341)"
2381364.jpg,sitting on,table,353,498,22,0,plate,225,390,68,35,1,3,498,375,425,293,"(22, 375, 0, 498)","(68, 293, 35, 425)"
4918.jpg,sitting on,table,61,50,157,56,lamp,54,37,110,61,1,3,106,218,98,164,"(157, 218, 56, 106)","(110, 164, 61, 98)"
2381048.jpg,wearing,overalls,32,13,155,203,man,47,14,145,203,0,3,216,187,217,192,"(155, 187, 203, 216)","(145, 192, 203, 217)"
2335645.jpg,wearing,shirt,20,16,163,86,man,46,26,157,84,0,3,102,183,110,203,"(163, 183, 86, 102)","(157, 203, 84, 110)"
2367585.jpg,painted on,building,353,338,12,10,writing,29,133,235,26,0,3,348,365,159,264,"(12, 365, 10, 348)","(235, 264, 26, 159)"
2395918.jpg,wearing,jacket,107,252,144,99,boy,284,270,80,85,0,3,351,251,355,364,"(144, 251, 99, 351)","(80, 364, 85, 355)"
2325601.jpg,covering,ground,12,32,299,210,snow,30,35,249,387,0,3,242,311,422,279,"(299, 311, 210, 242)","(249, 279, 387, 422)"
2361807.jpg,wearing,jeans,140,116,234,292,woman,331,169,42,241,0,3,408,374,410,373,"(234, 374, 292, 408)","(42, 373, 241, 410)"
2391271.jpg,wearing,shirt,26,27,87,239,boy,44,39,87,232,0,3,266,113,271,131,"(87, 113, 239, 266)","(87, 131, 232, 271)"
2415400.jpg,mounted on,skateboard,36,79,216,168,wheel,7,8,233,178,0,3,247,252,186,240,"(216, 252, 168, 247)","(233, 240, 178, 186)"
2363535.jpg,sitting on,wall,71,64,197,19,girl,146,74,121,19,1,3,83,268,93,267,"(197, 268, 19, 83)","(121, 267, 19, 93)"
2319769.jpg,sitting on,table,355,406,14,89,plate,266,367,100,53,1,3,495,369,420,366,"(14, 369, 89, 495)","(100, 366, 53, 420)"
2384958.jpg,covered in,grass,54,94,278,65,field,330,498,1,1,0,3,159,332,499,331,"(278, 332, 65, 159)","(1, 331, 1, 499)"
2409250.jpg,wearing,shirt,66,23,93,0,woman,192,42,61,0,0,3,23,159,42,253,"(93, 159, 0, 23)","(61, 253, 0, 42)"
2372590.jpg,wearing,cap,52,86,134,205,man,191,178,137,161,0,3,291,186,339,328,"(134, 186, 205, 291)","(137, 328, 161, 339)"
2392022.jpg,wearing,glasses,47,60,69,164,man,303,316,29,25,0,3,224,116,341,332,"(69, 116, 164, 224)","(29, 332, 25, 341)"
2401060.jpg,walking in,water,194,496,177,4,elephant,49,87,191,84,0,3,500,371,171,240,"(177, 371, 4, 500)","(191, 240, 84, 171)"
2411785.jpg,wearing,gear,73,19,209,163,player,83,93,203,135,0,3,182,282,228,286,"(209, 282, 163, 182)","(203, 286, 135, 228)"
2375415.jpg,sitting on,table,372,498,2,2,glass,134,85,0,77,1,3,500,374,162,134,"(2, 374, 2, 500)","(0, 134, 77, 162)"
2405287.jpg,wearing,jeans,73,74,405,327,boy,140,75,343,326,0,3,401,478,401,483,"(405, 478, 327, 401)","(343, 483, 326, 401)"
2377508.jpg,sitting on,bench,138,302,336,5,person,123,97,320,116,1,3,307,474,213,443,"(336, 474, 5, 307)","(320, 443, 116, 213)"
2396779.jpg,wearing,shirt,44,49,192,424,man,111,51,177,422,0,3,473,236,473,288,"(192, 236, 424, 473)","(177, 288, 422, 473)"
1159440.jpg,sitting on,table,333,365,384,69,carrots,333,365,384,69,1,3,434,717,434,717,"(384, 717, 69, 434)","(384, 717, 69, 434)"
2384060.jpg,wearing,boots,33,15,245,333,woman,113,32,163,321,0,3,348,278,353,276,"(245, 278, 333, 348)","(163, 276, 321, 353)"
2375847.jpg,sitting on,table,279,498,94,0,bear,271,227,45,11,1,3,498,373,238,316,"(94, 373, 0, 498)","(45, 316, 11, 238)"
2348052.jpg,painted on,field,166,472,165,9,markers,41,66,205,212,0,3,481,331,278,246,"(165, 331, 9, 481)","(205, 246, 212, 278)"
1160152.jpg,hanging from,ceiling,156,1009,5,11,pot,138,52,94,807,0,3,1020,161,859,232,"(5, 161, 11, 1020)","(94, 232, 807, 859)"
2372901.jpg,wearing,hat,24,26,77,113,man,87,54,79,101,0,3,139,101,155,166,"(77, 101, 113, 139)","(79, 166, 101, 155)"
2326758.jpg,sitting on,box,66,226,411,72,jug,165,149,250,110,1,3,298,477,259,415,"(411, 477, 72, 298)","(250, 415, 110, 259)"
73.jpg,sitting on,floor,252,378,280,421,purse,73,97,459,517,1,3,799,532,614,532,"(280, 532, 421, 799)","(459, 532, 517, 614)"
2373782.jpg,parked on,street,125,399,374,1,firetruck,173,322,258,74,0,3,400,499,396,431,"(374, 499, 1, 400)","(258, 431, 74, 396)"
2378332.jpg,sitting on,table,373,497,1,1,plate,178,57,98,442,1,3,498,374,499,276,"(1, 374, 1, 498)","(98, 276, 442, 499)"
2397072.jpg,wearing,helmet,17,18,176,251,player,111,46,177,253,0,3,269,193,299,288,"(176, 193, 251, 269)","(177, 288, 253, 299)"
2405310.jpg,wearing,t-shirt,337,309,162,1,man,495,373,1,0,0,3,310,499,373,496,"(162, 499, 1, 310)","(1, 496, 0, 373)"
2327667.jpg,covered in,sheet,74,164,299,58,bed,95,420,279,61,0,3,222,373,481,374,"(299, 373, 58, 222)","(279, 374, 61, 481)"
2381657.jpg,sitting on,ground,376,450,123,2,refrigerator,145,63,9,389,1,3,452,499,452,154,"(123, 499, 2, 452)","(9, 154, 389, 452)"
2412374.jpg,wearing,cleats,6,12,196,365,boy,8,7,133,208,0,3,377,202,215,141,"(196, 202, 365, 377)","(133, 141, 208, 215)"
2391086.jpg,sitting on,table,372,498,2,0,food,146,332,193,24,1,3,498,374,356,339,"(2, 374, 0, 498)","(193, 339, 24, 356)"
2348994.jpg,wearing,shirt,108,122,101,166,boy,215,222,87,110,0,3,288,209,332,302,"(101, 209, 166, 288)","(87, 302, 110, 332)"
2394584.jpg,sitting on,plate,78,330,280,92,plum,76,75,144,328,1,3,422,358,403,220,"(280, 358, 92, 422)","(144, 220, 328, 403)"
2373859.jpg,wearing,hat,116,251,0,64,man,499,314,0,59,0,3,315,116,373,499,"(0, 116, 64, 315)","(0, 499, 59, 373)"
2366088.jpg,parked on,road,54,205,268,206,van,25,55,197,52,0,3,411,322,107,222,"(268, 322, 206, 411)","(197, 222, 52, 107)"
2400911.jpg,watching,plate,28,85,264,273,man,322,179,52,320,0,3,358,292,499,374,"(264, 292, 273, 358)","(52, 374, 320, 499)"
2342163.jpg,wearing,pants,139,107,164,173,player,227,134,76,173,0,3,280,303,307,303,"(164, 303, 173, 280)","(76, 303, 173, 307)"
2359513.jpg,wearing,shoes,66,58,246,296,man,254,74,62,298,0,3,354,312,372,316,"(246, 312, 296, 354)","(62, 316, 298, 372)"
2388030.jpg,parked on,street,80,375,281,9,van,30,56,249,215,0,3,384,361,271,279,"(281, 361, 9, 384)","(249, 279, 215, 271)"
115.jpg,sitting on,couch,75,255,93,1,handbag,70,41,79,215,1,3,256,168,256,149,"(93, 168, 1, 256)","(79, 149, 215, 256)"
2400976.jpg,wearing,sunglasses,13,24,90,197,man,197,97,75,156,0,3,221,103,253,272,"(90, 103, 197, 221)","(75, 272, 156, 253)"
2348553.jpg,wearing,shoe,33,51,194,302,man,217,220,6,138,0,3,353,227,358,223,"(194, 227, 302, 353)","(6, 223, 138, 358)"
2349186.jpg,wearing,pants,73,101,259,118,boy,247,113,85,117,0,3,219,332,230,332,"(259, 332, 118, 219)","(85, 332, 117, 230)"
2363886.jpg,wearing,glasses,13,22,184,253,woman,182,84,169,216,0,3,275,197,300,351,"(184, 197, 253, 275)","(169, 351, 216, 300)"
2398395.jpg,flying in,sky,198,497,2,2,kite,37,35,68,153,0,3,499,200,188,105,"(2, 200, 2, 499)","(68, 105, 153, 188)"
713918.jpg,wearing,shirt,307,148,254,244,boy,542,265,133,207,0,3,392,561,472,675,"(254, 561, 244, 392)","(133, 675, 207, 472)"
2379603.jpg,sitting on,table,10,40,369,152,book,8,13,362,165,1,3,192,379,178,370,"(369, 379, 152, 192)","(362, 370, 165, 178)"
2348881.jpg,sitting on,bench,99,245,222,253,man,308,475,17,2,1,3,498,321,477,325,"(222, 321, 253, 498)","(17, 325, 2, 477)"
2317731.jpg,wearing,shirt,55,67,116,125,person,92,82,95,124,0,3,192,171,206,187,"(116, 171, 125, 192)","(95, 187, 124, 206)"
3987.jpg,sitting on,balcony,344,434,1,1,chair,22,22,171,140,1,3,435,345,162,193,"(1, 345, 1, 435)","(171, 193, 140, 162)"
2412783.jpg,wearing,shoes,23,138,457,133,man,407,162,70,131,0,3,271,480,293,477,"(457, 480, 133, 271)","(70, 477, 131, 293)"
2411240.jpg,standing on,beach,263,499,112,1,woman,56,21,91,251,0,3,500,375,272,147,"(112, 375, 1, 500)","(91, 147, 251, 272)"
2328983.jpg,covering,step,20,179,374,0,snow,10,20,368,135,0,3,179,394,155,378,"(374, 394, 0, 179)","(368, 378, 135, 155)"
2365844.jpg,eating,lunch,211,116,118,210,family,292,460,12,23,0,3,326,329,483,304,"(118, 329, 210, 326)","(12, 304, 23, 483)"
2370460.jpg,eating,pizza,61,368,429,41,man,431,216,8,8,0,3,409,490,224,439,"(429, 490, 41, 409)","(8, 439, 8, 224)"
2403791.jpg,wearing,helmet,37,50,88,178,boy,319,129,88,100,0,3,228,125,229,407,"(88, 125, 178, 228)","(88, 407, 100, 229)"
2337639.jpg,hanging from,pole,43,76,30,96,chain,26,45,43,94,0,3,172,73,139,69,"(30, 73, 96, 172)","(43, 69, 94, 139)"
2361786.jpg,sitting on,chair,102,42,172,305,girl,164,215,100,104,1,3,347,274,319,264,"(172, 274, 305, 347)","(100, 264, 104, 319)"
2336989.jpg,sitting on,mat,46,59,300,305,girl,111,80,220,274,1,3,364,346,354,331,"(300, 346, 305, 364)","(220, 331, 274, 354)"
2328214.jpg,sitting on,shelf,153,42,45,270,cup,12,10,150,301,1,3,312,198,311,162,"(45, 198, 270, 312)","(150, 162, 301, 311)"
2367750.jpg,wearing,visor,7,12,186,271,woman,26,19,184,268,0,3,283,193,287,210,"(186, 193, 271, 283)","(184, 210, 268, 287)"
2385142.jpg,sitting on,shoulder,82,86,255,233,parrot,267,174,37,271,1,3,319,337,445,304,"(255, 337, 233, 319)","(37, 304, 271, 445)"
2355307.jpg,sitting on,table,27,392,259,42,ashtray,21,55,258,228,1,3,434,286,283,279,"(259, 286, 42, 434)","(258, 279, 228, 283)"
2381924.jpg,sitting on,table,50,499,282,0,cup,35,21,245,1,1,3,499,332,22,280,"(282, 332, 0, 499)","(245, 280, 1, 22)"
2379661.jpg,sitting on,table,29,21,255,90,glasses,57,85,248,333,1,3,111,284,418,305,"(255, 284, 90, 111)","(248, 305, 333, 418)"
2410814.jpg,standing on,ground,118,499,251,0,sheep,61,75,231,73,0,3,499,369,148,292,"(251, 369, 0, 499)","(231, 292, 73, 148)"
2336581.jpg,standing on,steps,292,234,206,26,girl,312,152,121,39,0,3,260,498,191,433,"(206, 498, 26, 260)","(121, 433, 39, 191)"
2320625.jpg,covering,mountain,198,483,125,1,snow,259,491,63,7,0,3,484,323,498,322,"(125, 323, 1, 484)","(63, 322, 7, 498)"
2392189.jpg,wearing,ring,8,10,355,262,woman,410,319,2,11,0,3,272,363,330,412,"(355, 363, 262, 272)","(2, 412, 11, 330)"
2333584.jpg,sitting on,shoulder,34,48,192,186,bird,52,52,149,183,1,3,234,226,235,201,"(192, 226, 186, 234)","(149, 201, 183, 235)"
2357804.jpg,sitting on,table,108,205,127,145,laptop,27,65,128,233,1,3,350,235,298,155,"(127, 235, 145, 350)","(128, 155, 233, 298)"
2379061.jpg,wearing,shirt,67,42,97,239,boy,198,79,79,236,0,3,281,164,315,277,"(97, 164, 239, 281)","(79, 277, 236, 315)"
2380697.jpg,wearing,jeans,88,50,127,116,man,182,73,44,104,0,3,166,215,177,226,"(127, 215, 116, 166)","(44, 226, 104, 177)"
2386366.jpg,wearing,shoe,24,49,310,38,man,315,85,28,4,0,3,87,334,89,343,"(310, 334, 38, 87)","(28, 343, 4, 89)"
2395322.jpg,sitting on,beach,114,498,218,1,woman,89,92,239,189,1,3,499,332,281,328,"(218, 332, 1, 499)","(239, 328, 189, 281)"
2331663.jpg,sitting on,rug,99,316,279,52,cat,110,78,202,164,1,3,368,378,242,312,"(279, 378, 52, 368)","(202, 312, 164, 242)"
2348067.jpg,sitting on,table,65,328,262,44,picture,67,49,265,50,1,3,372,327,99,332,"(262, 327, 44, 372)","(265, 332, 50, 99)"
2318227.jpg,covering,ground,62,197,262,170,dirt,168,497,204,1,0,3,367,324,498,372,"(262, 324, 170, 367)","(204, 372, 1, 498)"
2394800.jpg,sitting on,beach,38,498,226,1,people,15,81,242,324,1,3,499,264,405,257,"(226, 264, 1, 499)","(242, 257, 324, 405)"
2390015.jpg,sitting on,railing,167,497,164,0,cardinal,49,58,130,414,1,3,497,331,472,179,"(164, 331, 0, 497)","(130, 179, 414, 472)"
2405261.jpg,sitting on,bench,111,193,176,144,person,90,135,152,269,1,3,337,287,404,242,"(176, 287, 144, 337)","(152, 242, 269, 404)"
2337061.jpg,wearing,suit,10,20,197,32,man,25,28,186,24,0,3,52,207,52,211,"(197, 207, 32, 52)","(186, 211, 24, 52)"
2408685.jpg,wearing,wetsuit,143,54,70,245,man,189,123,33,202,0,3,299,213,325,222,"(70, 213, 245, 299)","(33, 222, 202, 325)"
2336285.jpg,sitting on,bench,32,54,282,30,girl,67,41,180,80,1,3,84,314,121,247,"(282, 314, 30, 84)","(180, 247, 80, 121)"
2393089.jpg,wearing,socks,35,146,294,79,man,254,204,87,60,0,3,225,329,264,341,"(294, 329, 79, 225)","(87, 341, 60, 264)"
2350100.jpg,painted on,cone,24,11,165,56,stripe,4,4,167,60,0,3,67,189,64,171,"(165, 189, 56, 67)","(167, 171, 60, 64)"
2392083.jpg,riding,motorcycle,8,9,246,122,person,16,9,236,121,0,3,131,254,130,252,"(246, 254, 122, 131)","(236, 252, 121, 130)"
2401626.jpg,wearing,helmet,24,56,165,40,woman,78,48,149,45,0,3,96,189,93,227,"(165, 189, 40, 96)","(149, 227, 45, 93)"
3179.jpg,sitting on,steps,61,155,446,318,people,43,92,434,318,1,3,473,507,410,477,"(446, 507, 318, 473)","(434, 477, 318, 410)"
2344192.jpg,sitting on,ground,28,117,242,361,person,58,34,187,377,1,3,478,270,411,245,"(242, 270, 361, 478)","(187, 245, 377, 411)"
2415952.jpg,sitting on,chair,293,124,203,249,woman,332,235,73,139,1,3,373,496,374,405,"(203, 496, 249, 373)","(73, 405, 139, 374)"
2388825.jpg,wearing,suit,47,71,139,241,man,109,88,104,230,0,3,312,186,318,213,"(139, 186, 241, 312)","(104, 213, 230, 318)"
2389966.jpg,wearing,shirt,72,74,117,239,child,141,87,63,226,0,3,313,189,313,204,"(117, 189, 239, 313)","(63, 204, 226, 313)"
2401809.jpg,watching,laptop,151,168,178,3,people,360,499,15,0,0,3,171,329,499,375,"(178, 329, 3, 171)","(15, 375, 0, 499)"
2320181.jpg,growing on,tree,129,200,201,284,leaf,11,7,241,417,0,3,484,330,424,252,"(201, 330, 284, 484)","(241, 252, 417, 424)"
2329067.jpg,wearing,shorts,15,25,193,225,man,64,22,157,223,0,3,250,208,245,221,"(193, 208, 225, 250)","(157, 221, 223, 245)"
2325092.jpg,wearing,shirt,19,30,107,393,man,40,24,96,396,0,3,423,126,420,136,"(107, 126, 393, 423)","(96, 136, 396, 420)"
2342106.jpg,sitting on,bike,63,55,204,382,person,110,52,142,392,1,3,437,267,444,252,"(204, 267, 382, 437)","(142, 252, 392, 444)"
2413658.jpg,wearing,glove,17,23,257,461,cook,193,74,177,422,0,3,484,274,496,370,"(257, 274, 461, 484)","(177, 370, 422, 496)"
2392793.jpg,sitting on,bed,193,445,293,50,dog,122,304,323,28,1,3,495,486,332,445,"(293, 486, 50, 495)","(323, 445, 28, 332)"
2374892.jpg,using,laptop,144,150,158,241,man,270,251,104,101,0,3,391,302,352,374,"(158, 302, 241, 391)","(104, 374, 101, 352)"
2384201.jpg,sitting on,bench,203,331,216,1,man,285,285,131,35,1,3,332,419,320,416,"(216, 419, 1, 332)","(131, 416, 35, 320)"
2356894.jpg,sitting on,boat,216,419,146,20,person,17,21,253,362,1,3,439,362,383,270,"(146, 362, 20, 439)","(253, 270, 362, 383)"
2396722.jpg,wearing,shirt,89,63,101,133,man,225,140,74,104,0,3,196,190,244,299,"(101, 190, 133, 196)","(74, 299, 104, 244)"
2364458.jpg,sitting on,shelf,75,349,423,80,box,73,104,402,81,1,3,429,498,185,475,"(423, 498, 80, 429)","(402, 475, 81, 185)"
2328856.jpg,wearing,sunglasses,17,35,54,277,man,234,149,15,250,0,3,312,71,399,249,"(54, 71, 277, 312)","(15, 249, 250, 399)"
2337110.jpg,sitting on,table,37,64,361,0,bottle,41,15,334,39,1,3,64,398,54,375,"(361, 398, 0, 64)","(334, 375, 39, 54)"
2407847.jpg,wearing,sunglasses,66,129,73,238,woman,354,260,121,157,0,3,367,139,417,475,"(73, 139, 238, 367)","(121, 475, 157, 417)"
2351176.jpg,wearing,shirt,90,89,174,101,boy,377,132,40,96,0,3,190,264,228,417,"(174, 264, 101, 190)","(40, 417, 96, 228)"
2402947.jpg,wearing,outfit,218,142,121,27,lady,290,143,49,26,0,3,169,339,169,339,"(121, 339, 27, 169)","(49, 339, 26, 169)"
1592998.jpg,growing on,plant,123,141,342,76,leaf,21,55,381,141,0,3,217,465,196,402,"(342, 465, 76, 217)","(381, 402, 141, 196)"
2357736.jpg,sitting on,street,21,125,368,20,cone,58,27,397,99,1,3,145,389,126,455,"(368, 389, 20, 145)","(397, 455, 99, 126)"
2345465.jpg,sitting on,beach,115,165,279,37,people,39,102,291,231,1,3,202,394,333,330,"(279, 394, 37, 202)","(291, 330, 231, 333)"
2404031.jpg,wearing,cap,9,13,172,14,person,57,30,170,9,0,3,27,181,39,227,"(172, 181, 14, 27)","(170, 227, 9, 39)"
2335899.jpg,wearing,pants,244,135,255,206,player,484,311,15,157,0,3,341,499,468,499,"(255, 499, 206, 341)","(15, 499, 157, 468)"
2329301.jpg,sitting on,slope,347,490,27,5,person,46,25,2,169,1,3,495,374,194,48,"(27, 374, 5, 495)","(2, 48, 169, 194)"
2347133.jpg,sitting on,bench,27,40,269,267,person,79,65,217,266,1,3,307,296,331,296,"(269, 296, 267, 307)","(217, 296, 266, 331)"
2371279.jpg,sitting on,amplifier,54,160,197,112,camera,28,33,179,131,1,3,272,251,164,207,"(197, 251, 112, 272)","(179, 207, 131, 164)"
2342106.jpg,sitting on,bike,161,130,211,247,person,214,106,119,277,1,3,377,372,383,333,"(211, 372, 247, 377)","(119, 333, 277, 383)"
2347689.jpg,sitting on,table,107,373,215,48,glass,48,23,251,263,1,3,421,322,286,299,"(215, 322, 48, 421)","(251, 299, 263, 286)"
2365506.jpg,lying on,sleeper,497,316,1,6,comforter,306,303,192,6,0,3,322,498,309,498,"(1, 498, 6, 322)","(192, 498, 6, 309)"
2354680.jpg,riding,motorcycle,57,44,201,186,man,33,29,190,193,0,3,230,258,222,223,"(201, 258, 186, 230)","(190, 223, 193, 222)"
2347683.jpg,wearing,glasses,6,14,157,325,girl,36,41,141,319,0,3,339,163,360,177,"(157, 163, 325, 339)","(141, 177, 319, 360)"
2394518.jpg,wearing,shoe,46,56,362,189,woman,327,271,82,107,0,3,245,408,378,409,"(362, 408, 189, 245)","(82, 409, 107, 378)"
2333719.jpg,sitting on,bench,16,11,81,198,people,40,16,53,193,1,3,209,97,209,93,"(81, 97, 198, 209)","(53, 93, 193, 209)"
1307.jpg,sitting on,table,25,63,416,226,lamp,191,96,203,139,1,3,289,441,235,394,"(416, 441, 226, 289)","(203, 394, 139, 235)"
2391010.jpg,sitting on,ledge,295,498,38,1,plate,53,183,199,276,1,3,499,333,459,252,"(38, 333, 1, 499)","(199, 252, 276, 459)"
2349697.jpg,sitting on,table,198,292,175,0,glass,117,57,192,110,1,3,292,373,167,309,"(175, 373, 0, 292)","(192, 309, 110, 167)"
2370861.jpg,sitting on,platform,105,403,213,50,woman,215,137,29,82,1,3,453,318,219,244,"(213, 318, 50, 453)","(29, 244, 82, 219)"
2349410.jpg,sitting on,bleachers,87,450,89,48,people,25,14,92,426,1,3,498,176,440,117,"(89, 176, 48, 498)","(92, 117, 426, 440)"
2355743.jpg,wearing,pants,36,21,346,69,woman,75,25,314,68,0,3,90,382,93,389,"(346, 382, 69, 90)","(314, 389, 68, 93)"
2349984.jpg,sitting on,table,147,427,192,6,food,129,189,215,148,1,3,433,339,337,344,"(192, 339, 6, 433)","(215, 344, 148, 337)"
2388397.jpg,wearing,jacket,15,15,187,102,man,56,14,178,100,0,3,117,202,114,234,"(187, 202, 102, 117)","(178, 234, 100, 114)"
2380163.jpg,sitting on,saddle,36,69,242,148,woman,157,65,179,146,1,3,217,278,211,336,"(242, 278, 148, 217)","(179, 336, 146, 211)"
2341284.jpg,sitting on,field,63,496,268,0,person,24,21,305,40,1,3,496,331,61,329,"(268, 331, 0, 496)","(305, 329, 40, 61)"
2403500.jpg,wearing,shirt,19,20,109,75,man,51,42,103,67,0,3,95,128,109,154,"(109, 128, 75, 95)","(103, 154, 67, 109)"
2341722.jpg,sitting on,sink,266,200,234,173,soap,61,37,238,335,1,3,373,500,372,299,"(234, 500, 173, 373)","(238, 299, 335, 372)"
2357251.jpg,wearing,pants,34,17,223,436,man,72,24,189,431,0,3,453,257,455,261,"(223, 257, 436, 453)","(189, 261, 431, 455)"
2373731.jpg,sitting on,snow,330,494,2,3,child,168,193,140,300,1,3,497,332,493,308,"(2, 332, 3, 497)","(140, 308, 300, 493)"
2384075.jpg,sitting on,counter,260,498,63,1,toaster,224,318,88,163,1,3,499,323,481,312,"(63, 323, 1, 499)","(88, 312, 163, 481)"
2350081.jpg,sitting on,counter,34,218,186,281,bottle,34,14,161,352,1,3,499,220,366,195,"(186, 220, 281, 499)","(161, 195, 352, 366)"
2348558.jpg,wearing,shoe,20,17,210,116,man,90,73,143,115,0,3,133,230,188,233,"(210, 230, 116, 133)","(143, 233, 115, 188)"
2379746.jpg,wearing,flannel,55,151,121,122,man,138,228,94,62,0,3,273,176,290,232,"(121, 176, 122, 273)","(94, 232, 62, 290)"
2373368.jpg,wearing,outfit,106,85,90,229,woman,262,323,52,132,0,3,314,196,455,314,"(90, 196, 229, 314)","(52, 314, 132, 455)"
2389284.jpg,sitting on,ledge,60,54,264,278,man,211,91,258,214,1,3,332,324,305,469,"(264, 324, 278, 332)","(258, 469, 214, 305)"
2315436.jpg,sitting on,ledge,27,80,320,200,woman,65,47,289,329,1,3,280,347,376,354,"(320, 347, 200, 280)","(289, 354, 329, 376)"
2352989.jpg,sitting on,tracks,113,496,262,4,train,302,391,54,108,1,3,500,375,499,356,"(262, 375, 4, 500)","(54, 356, 108, 499)"
2363833.jpg,wearing,dress,168,86,87,64,girl,234,104,40,48,0,3,150,255,152,274,"(87, 255, 64, 150)","(40, 274, 48, 152)"
2341824.jpg,sitting on,toilet,137,103,151,234,man,235,125,69,154,1,3,337,288,279,304,"(151, 288, 234, 337)","(69, 304, 154, 279)"
2380499.jpg,walking on,sidewalk,307,235,25,1,man,116,110,53,76,0,3,236,332,186,169,"(25, 332, 1, 236)","(53, 169, 76, 186)"
2360821.jpg,sitting on,steps,135,481,65,16,person,27,28,15,257,1,3,497,200,285,42,"(65, 200, 16, 497)","(15, 42, 257, 285)"
2323266.jpg,wearing,shirt,183,53,300,143,girl,446,233,43,11,0,3,196,483,244,489,"(300, 483, 143, 196)","(43, 489, 11, 244)"
2384406.jpg,sitting on,bed,317,373,182,2,girl,240,151,182,129,1,3,375,499,280,422,"(182, 499, 2, 375)","(182, 422, 129, 280)"
2360587.jpg,sitting on,road,158,498,214,0,car,87,145,260,91,1,3,498,372,236,347,"(214, 372, 0, 498)","(260, 347, 91, 236)"
2325573.jpg,wearing,shirt,30,37,244,447,man,49,33,227,447,0,3,484,274,480,276,"(244, 274, 447, 484)","(227, 276, 447, 480)"
2402277.jpg,sitting on,bench,102,188,162,234,man,132,71,138,288,1,3,422,264,359,270,"(162, 264, 234, 422)","(138, 270, 288, 359)"
2387127.jpg,wearing,jacket,57,62,127,156,child,146,61,110,158,0,3,218,184,219,256,"(127, 184, 156, 218)","(110, 256, 158, 219)"
2379641.jpg,sitting on,sofa,244,459,1,1,clothing,13,36,0,317,1,3,460,245,353,13,"(1, 245, 1, 460)","(0, 13, 317, 353)"
2377524.jpg,wearing,pants,26,11,168,34,man,38,16,153,32,0,3,45,194,48,191,"(168, 194, 34, 45)","(153, 191, 32, 48)"
2417818.jpg,wearing,crocs,100,145,343,321,boy,386,440,60,6,0,3,466,443,446,446,"(343, 443, 321, 466)","(60, 446, 6, 446)"
2387328.jpg,sitting on,tiles,62,156,300,152,bed,132,269,153,85,1,3,308,362,354,285,"(300, 362, 152, 308)","(153, 285, 85, 354)"
2406958.jpg,wearing,hat,19,30,141,253,driver,87,64,139,256,0,3,283,160,320,226,"(141, 160, 253, 283)","(139, 226, 256, 320)"
2325301.jpg,sitting on,stage,48,136,312,196,plant,37,24,298,297,1,3,332,360,321,335,"(312, 360, 196, 332)","(298, 335, 297, 321)"
2389844.jpg,sitting on,bench,196,361,136,128,man,300,270,14,22,1,3,489,332,292,314,"(136, 332, 128, 489)","(14, 314, 22, 292)"
2362757.jpg,wearing,shorts,36,35,258,421,man,132,38,203,418,0,3,456,294,456,335,"(258, 294, 421, 456)","(203, 335, 418, 456)"
2366701.jpg,sitting on,tracks,64,416,213,66,train,163,448,102,51,1,3,482,277,499,265,"(213, 277, 66, 482)","(102, 265, 51, 499)"
2411823.jpg,riding,motorcycle,166,210,165,61,man,235,209,49,56,0,3,271,331,265,284,"(165, 331, 61, 271)","(49, 284, 56, 265)"
2343809.jpg,sitting on,chair,254,414,33,83,man,287,395,60,68,1,3,497,287,463,347,"(33, 287, 83, 497)","(60, 347, 68, 463)"
2373816.jpg,covered in,snow,29,179,132,287,bench,153,300,127,198,0,3,466,161,498,280,"(132, 161, 287, 466)","(127, 280, 198, 498)"
2410842.jpg,sitting on,ground,29,123,200,377,man,28,30,198,386,1,3,500,229,416,226,"(200, 229, 377, 500)","(198, 226, 386, 416)"
2399796.jpg,wearing,shirt,90,89,118,284,man,287,124,73,262,0,3,373,208,386,360,"(118, 208, 284, 373)","(73, 360, 262, 386)"
2328127.jpg,sitting on,hill,92,488,1,3,people,37,26,52,138,1,3,491,93,164,89,"(1, 93, 3, 491)","(52, 89, 138, 164)"
713594.jpg,wearing,shirt,91,104,401,73,man,288,145,336,41,0,3,177,492,186,624,"(401, 492, 73, 177)","(336, 624, 41, 186)"
2406088.jpg,watching,group,274,418,73,82,person,48,27,73,158,0,3,500,347,185,121,"(73, 347, 82, 500)","(73, 121, 158, 185)"
4586.jpg,wearing,clothes,235,116,280,52,child,254,45,264,98,0,3,168,515,143,518,"(280, 515, 52, 168)","(264, 518, 98, 143)"
2353361.jpg,sitting on,bed,266,349,65,50,girl,136,150,111,120,1,3,399,331,270,247,"(65, 331, 50, 399)","(111, 247, 120, 270)"
2406329.jpg,sitting on,floor,26,435,219,34,girl,95,56,144,212,1,3,469,245,268,239,"(219, 245, 34, 469)","(144, 239, 212, 268)"
2415950.jpg,wearing,helmet,5,14,130,307,man,77,31,127,299,0,3,321,135,330,204,"(130, 135, 307, 321)","(127, 204, 299, 330)"
2379626.jpg,sitting on,table,205,498,170,1,shaker,81,33,122,116,1,3,499,375,149,203,"(170, 375, 1, 499)","(122, 203, 116, 149)"
2395332.jpg,standing on,field,129,496,204,0,elephant,60,75,167,61,0,3,496,333,136,227,"(204, 333, 0, 496)","(167, 227, 61, 136)"
2376011.jpg,watching,frisbee,29,63,59,288,dog,141,72,138,337,0,3,351,88,409,279,"(59, 88, 288, 351)","(138, 279, 337, 409)"
2394189.jpg,wearing,shirt,76,59,134,169,boy,164,73,112,157,0,3,228,210,230,276,"(134, 210, 169, 228)","(112, 276, 157, 230)"
2379149.jpg,sitting on,napkin,87,88,376,50,spoon,90,61,368,67,1,3,138,463,128,458,"(376, 463, 50, 138)","(368, 458, 67, 128)"
2348960.jpg,sitting on,bench,21,59,68,222,person,56,25,52,106,1,3,281,89,131,108,"(68, 89, 222, 281)","(52, 108, 106, 131)"
2367256.jpg,sitting on,sidewalk,231,332,268,2,dog,135,118,316,111,1,3,334,499,229,451,"(268, 499, 2, 334)","(316, 451, 111, 229)"
2371100.jpg,sitting on,boat,202,185,279,120,group,84,120,307,110,1,3,305,481,230,391,"(279, 481, 120, 305)","(307, 391, 110, 230)"
2354690.jpg,wearing,dress,123,75,136,58,woman,157,78,99,53,0,3,133,259,131,256,"(136, 259, 58, 133)","(99, 256, 53, 131)"
2358167.jpg,wearing,purple,10,16,181,89,woman,295,68,76,67,0,3,105,191,135,371,"(181, 191, 89, 105)","(76, 371, 67, 135)"
2362551.jpg,sitting on,desk,170,496,199,2,bottle,94,50,172,36,1,3,498,369,86,266,"(199, 369, 2, 498)","(172, 266, 36, 86)"
2356172.jpg,sitting on,tray,362,487,4,9,napkins,151,162,103,139,1,3,496,366,301,254,"(4, 366, 9, 496)","(103, 254, 139, 301)"
2360782.jpg,painted on,street,90,156,265,65,arrow,11,61,280,151,0,3,221,355,212,291,"(265, 355, 65, 221)","(280, 291, 151, 212)"
2381010.jpg,sitting on,plate,335,499,39,0,broccoli,163,113,89,22,1,3,499,374,135,252,"(39, 374, 0, 499)","(89, 252, 22, 135)"
2394700.jpg,sitting on,branch,136,315,171,1,bird,237,254,70,209,1,3,316,307,463,307,"(171, 307, 1, 316)","(70, 307, 209, 463)"
2370037.jpg,sitting on,chair,456,403,33,3,bear,180,173,290,179,1,3,406,489,352,470,"(33, 489, 3, 406)","(290, 470, 179, 352)"
2402866.jpg,wearing,sleeve,70,209,429,236,woman,411,361,88,135,0,3,445,499,496,499,"(429, 499, 236, 445)","(88, 499, 135, 496)"
497934.jpg,sitting on,table,249,342,545,172,man,405,225,294,175,1,3,514,794,400,699,"(545, 794, 172, 514)","(294, 699, 175, 400)"
2397149.jpg,sitting on,snow,421,374,78,0,dog,110,133,222,80,1,3,374,499,213,332,"(78, 499, 0, 374)","(222, 332, 80, 213)"
998.jpg,wearing,jeans,56,43,235,476,man,139,56,178,472,0,3,519,291,528,317,"(235, 291, 476, 519)","(178, 317, 472, 528)"
2356577.jpg,wearing,shirt,284,183,96,0,woman,487,250,12,1,0,3,183,380,251,499,"(96, 380, 0, 183)","(12, 499, 1, 251)"
2389424.jpg,sitting on,motorcycle,79,61,197,325,person,89,40,170,329,1,3,386,276,369,259,"(197, 276, 325, 386)","(170, 259, 329, 369)"
2392382.jpg,sitting on,stairs,78,281,234,40,couple,20,37,238,68,1,3,321,312,105,258,"(234, 312, 40, 321)","(238, 258, 68, 105)"
2369864.jpg,covering,side,219,481,1,2,tree,158,25,1,3,0,3,483,220,28,159,"(1, 220, 2, 483)","(1, 159, 3, 28)"
49.jpg,carrying,bag,96,55,599,418,man,226,105,568,392,0,3,473,695,497,794,"(599, 695, 418, 473)","(568, 794, 392, 497)"
2343224.jpg,wearing,harness,127,118,183,330,horse,206,177,159,321,0,3,448,310,498,365,"(183, 310, 330, 448)","(159, 365, 321, 498)"
2404643.jpg,wearing,shirt,123,109,67,223,man,260,145,22,189,0,3,332,190,334,282,"(67, 190, 223, 332)","(22, 282, 189, 334)"
2408090.jpg,wearing,shorts,112,62,226,420,girl,319,92,86,408,0,3,482,338,500,405,"(226, 338, 420, 482)","(86, 405, 408, 500)"
2381881.jpg,sitting on,pillar,97,48,222,52,plane,135,463,103,32,1,3,100,319,495,238,"(222, 319, 52, 100)","(103, 238, 32, 495)"
2732.jpg,standing on,rock,84,128,383,97,person,84,68,383,156,0,3,225,467,224,467,"(383, 467, 97, 225)","(383, 467, 156, 224)"
2377880.jpg,growing on,tree,95,221,1,58,flowers,82,220,1,58,0,3,279,96,278,83,"(1, 96, 58, 279)","(1, 83, 58, 278)"
2376592.jpg,wearing,dress,38,38,154,287,doll,80,54,138,277,0,3,325,192,331,218,"(154, 192, 287, 325)","(138, 218, 277, 331)"
2398772.jpg,wearing,jacket,52,66,129,216,person,109,84,110,199,0,3,282,181,283,219,"(129, 181, 216, 282)","(110, 219, 199, 283)"
2377533.jpg,wearing,shirt,111,426,260,50,woman,372,495,1,1,0,3,476,371,496,373,"(260, 371, 50, 476)","(1, 373, 1, 496)"
2348338.jpg,wearing,shorts,125,111,374,200,man,343,192,155,124,0,3,311,499,316,498,"(374, 499, 200, 311)","(155, 498, 124, 316)"
2320861.jpg,parked on,road,87,162,197,1,car,25,28,222,130,0,3,163,284,158,247,"(197, 284, 1, 163)","(222, 247, 130, 158)"
2322180.jpg,sitting on,couch,123,488,0,11,child,285,236,48,264,1,3,499,123,500,333,"(0, 123, 11, 499)","(48, 333, 264, 500)"
2394245.jpg,sitting on,bench,100,306,164,95,woman,164,57,101,274,1,3,401,264,331,265,"(164, 264, 95, 401)","(101, 265, 274, 331)"
2364161.jpg,sitting on,train,34,95,167,142,boy,26,17,163,213,1,3,237,201,230,189,"(167, 201, 142, 237)","(163, 189, 213, 230)"
2412466.jpg,lying on,table,371,250,2,249,piece,33,64,294,351,0,3,499,373,415,327,"(2, 373, 249, 499)","(294, 327, 351, 415)"
2369076.jpg,wearing,necklace,21,27,209,159,woman,96,67,141,135,0,3,186,230,202,237,"(209, 230, 159, 186)","(141, 237, 135, 202)"
2333822.jpg,sitting on,burner,61,71,225,0,pan,97,205,163,2,1,3,71,286,207,260,"(225, 286, 0, 71)","(163, 260, 2, 207)"
2368808.jpg,wearing,jacket,80,54,165,207,woman,166,59,143,202,0,3,261,245,261,309,"(165, 245, 207, 261)","(143, 309, 202, 261)"
2373859.jpg,wearing,jacket,239,310,245,65,man,499,314,0,59,0,3,375,484,373,499,"(245, 484, 65, 375)","(0, 499, 59, 373)"
2337477.jpg,wearing,sunglasses,13,21,234,119,man,97,132,231,75,0,3,140,247,207,328,"(234, 247, 119, 140)","(231, 328, 75, 207)"
2340781.jpg,sitting on,elephant,398,109,94,188,man,117,65,28,207,1,3,297,492,272,145,"(94, 492, 188, 297)","(28, 145, 207, 272)"
2410772.jpg,playing,ball,20,22,8,137,man,314,136,141,78,0,3,159,28,214,455,"(8, 28, 137, 159)","(141, 455, 78, 214)"
2385290.jpg,wearing,shirt,33,18,253,350,woman,32,26,258,346,0,3,368,286,372,290,"(253, 286, 350, 368)","(258, 290, 346, 372)"
2346179.jpg,wearing,boot,32,20,229,92,man,120,57,144,64,0,3,112,261,121,264,"(229, 261, 92, 112)","(144, 264, 64, 121)"
2336331.jpg,wearing,clothing,67,67,178,162,skier,96,68,164,159,0,3,229,245,227,260,"(178, 245, 162, 229)","(164, 260, 159, 227)"
2347756.jpg,wearing,sweatshirt,41,33,33,378,boy,83,34,18,376,0,3,411,74,410,101,"(33, 74, 378, 411)","(18, 101, 376, 410)"
2333305.jpg,wearing,shorts,60,52,198,232,man,195,200,117,200,0,3,284,258,400,312,"(198, 258, 232, 284)","(117, 312, 200, 400)"
2361233.jpg,sitting on,bench,34,25,245,317,cat,200,254,71,42,1,3,342,279,296,271,"(245, 279, 317, 342)","(71, 271, 42, 296)"
2406033.jpg,wearing,shirt,188,104,115,343,man,301,210,31,281,0,3,447,303,491,332,"(115, 303, 343, 447)","(31, 332, 281, 491)"
2387137.jpg,sitting on,boat,262,499,112,0,dog,136,90,129,109,1,3,499,374,199,265,"(112, 374, 0, 499)","(129, 265, 109, 199)"
2406814.jpg,wearing,wetsuit,209,93,163,118,surfer,242,79,127,128,0,3,211,372,207,369,"(163, 372, 118, 211)","(127, 369, 128, 207)"
2414628.jpg,sitting on,beach,200,498,132,1,man,20,19,128,111,1,3,499,332,130,148,"(132, 332, 1, 499)","(128, 148, 111, 130)"
2361803.jpg,wearing,top,147,77,158,2,woman,345,127,54,1,0,3,79,305,128,399,"(158, 305, 2, 79)","(54, 399, 1, 128)"
2386414.jpg,sitting on,shelf,17,352,69,1,jars,55,219,21,122,1,3,353,86,341,76,"(69, 86, 1, 353)","(21, 76, 122, 341)"
2367970.jpg,sitting on,bench,45,94,9,146,person,40,23,4,178,1,3,240,54,201,44,"(9, 54, 146, 240)","(4, 44, 178, 201)"
2333688.jpg,hanging from,umbrella,107,164,7,63,pot,39,31,105,136,0,3,227,114,167,144,"(7, 114, 63, 227)","(105, 144, 136, 167)"
2657.jpg,sitting on,back,266,188,49,217,bird,30,36,186,268,1,3,405,315,304,216,"(49, 315, 217, 405)","(186, 216, 268, 304)"
2359505.jpg,sitting on,table,159,498,162,1,glasses,35,87,197,0,1,3,499,321,87,232,"(162, 321, 1, 499)","(197, 232, 0, 87)"
2371899.jpg,wearing,chain,28,23,235,198,woman,228,137,46,107,0,3,221,263,244,274,"(235, 263, 198, 221)","(46, 274, 107, 244)"
2349457.jpg,sitting on,snow,22,47,307,33,person,97,81,221,19,1,3,80,329,100,318,"(307, 329, 33, 80)","(221, 318, 19, 100)"
2371432.jpg,wearing,bracelet,30,24,394,153,girl,379,203,120,92,0,3,177,424,295,499,"(394, 424, 153, 177)","(120, 499, 92, 295)"
2342491.jpg,wearing,cap,13,19,263,267,man,83,27,263,266,0,3,286,276,293,346,"(263, 276, 267, 286)","(263, 346, 266, 293)"
2367600.jpg,sitting on,floor,143,406,231,75,man,119,123,208,205,1,3,481,374,328,327,"(231, 374, 75, 481)","(208, 327, 205, 328)"
2376292.jpg,walking on,walkway,107,498,150,1,guy,81,35,98,74,0,3,499,257,109,179,"(150, 257, 1, 499)","(98, 179, 74, 109)"
2408797.jpg,riding,bikes,42,137,243,235,people,72,165,213,229,0,3,372,285,394,285,"(243, 285, 235, 372)","(213, 285, 229, 394)"
2362796.jpg,wearing,shirt,5,10,92,90,person,16,10,85,92,0,3,100,97,102,101,"(92, 97, 90, 100)","(85, 101, 92, 102)"
2350222.jpg,sitting on,bleachers,206,246,138,134,person,81,62,187,267,1,3,380,344,329,268,"(138, 344, 134, 380)","(187, 268, 267, 329)"
2385240.jpg,wearing,jerseys,65,56,61,400,woman,226,48,18,413,0,3,456,126,461,244,"(61, 126, 400, 456)","(18, 244, 413, 461)"
2372400.jpg,sitting on,truck,295,458,17,39,lady,85,46,153,94,1,3,497,312,140,238,"(17, 312, 39, 497)","(153, 238, 94, 140)"
2405248.jpg,wearing,jacket,26,20,161,267,person,62,29,160,260,0,3,287,187,289,222,"(161, 187, 267, 287)","(160, 222, 260, 289)"
2395778.jpg,wearing,harness,80,75,140,256,dog,201,211,79,211,0,3,331,220,422,280,"(140, 220, 256, 331)","(79, 280, 211, 422)"
1292.jpg,wearing,jacket,90,130,504,638,woman,204,187,395,602,0,3,768,594,789,599,"(504, 594, 638, 768)","(395, 599, 602, 789)"
2389760.jpg,wearing,shorts,432,252,22,75,girl,425,259,29,70,0,3,327,454,329,454,"(22, 454, 75, 327)","(29, 454, 70, 329)"
2415905.jpg,wearing,shirt,58,55,152,1,person,135,52,132,1,0,3,56,210,53,267,"(152, 210, 1, 56)","(132, 267, 1, 53)"
2395627.jpg,eating,grass,10,25,255,359,sheep,87,334,147,4,0,3,384,265,338,234,"(255, 265, 359, 384)","(147, 234, 4, 338)"
2403524.jpg,wearing,shirt,62,53,136,198,woman,152,99,103,187,0,3,251,198,286,255,"(136, 198, 198, 251)","(103, 255, 187, 286)"
2409143.jpg,wearing,hoodie,70,104,100,23,person,102,106,68,22,0,3,127,170,128,170,"(100, 170, 23, 127)","(68, 170, 22, 128)"
2348522.jpg,painted on,street,150,495,224,1,line,15,27,268,0,0,3,496,374,27,283,"(224, 374, 1, 496)","(268, 283, 0, 27)"
2318846.jpg,sitting on,table,182,373,270,1,spoon,31,155,333,105,1,3,374,452,260,364,"(270, 452, 1, 374)","(333, 364, 105, 260)"
2383082.jpg,wearing,shirt,193,128,74,293,man,356,165,18,274,0,3,421,267,439,374,"(74, 267, 293, 421)","(18, 374, 274, 439)"
2396311.jpg,sitting on,grass,66,462,48,0,person,11,9,52,328,1,3,462,114,337,63,"(48, 114, 0, 462)","(52, 63, 328, 337)"
2408630.jpg,wearing,shirt,70,39,101,301,boy,178,92,83,252,0,3,340,171,344,261,"(101, 171, 301, 340)","(83, 261, 252, 344)"
2342321.jpg,sitting on,table,332,499,0,0,plate,272,497,58,2,1,3,499,332,499,330,"(0, 332, 0, 499)","(58, 330, 2, 499)"
2315790.jpg,hanging from,hair,223,109,155,70,feathers,76,53,308,130,0,3,179,378,183,384,"(155, 378, 70, 179)","(308, 384, 130, 183)"
2356981.jpg,sitting on,table,150,363,223,112,pizza,83,142,275,299,1,3,475,373,441,358,"(223, 373, 112, 475)","(275, 358, 299, 441)"
2341138.jpg,sitting on,towel,151,298,328,44,plate,341,337,90,7,1,3,342,479,344,431,"(328, 479, 44, 342)","(90, 431, 7, 344)"
2417119.jpg,wearing,shirt,46,70,116,40,man,129,74,90,38,0,3,110,162,112,219,"(116, 162, 40, 110)","(90, 219, 38, 112)"
2410970.jpg,sitting on,stool,62,60,247,328,boy,192,124,136,294,1,3,388,309,418,328,"(247, 309, 328, 388)","(136, 328, 294, 418)"
2393558.jpg,eating,dinner,121,270,209,44,people,87,134,73,58,0,3,314,330,192,160,"(209, 330, 44, 314)","(73, 160, 58, 192)"
2389209.jpg,sitting on,bench,50,113,439,56,man,74,45,419,109,1,3,169,489,154,493,"(439, 489, 56, 169)","(419, 493, 109, 154)"
2407844.jpg,wearing,shirt,11,10,182,391,man,63,23,175,385,0,3,401,193,408,238,"(182, 193, 391, 401)","(175, 238, 385, 408)"
897.jpg,wearing,shirt,97,95,147,203,boy,316,148,103,199,0,3,298,244,347,419,"(147, 244, 203, 298)","(103, 419, 199, 347)"
2333858.jpg,wearing,shorts,62,46,242,127,boy,82,108,212,115,0,3,173,304,223,294,"(242, 304, 127, 173)","(212, 294, 115, 223)"
2357727.jpg,wearing,cleat,33,29,295,269,girl,271,107,48,191,0,3,298,328,298,319,"(295, 328, 269, 298)","(48, 319, 191, 298)"
2412253.jpg,says,yahoo,16,38,148,253,monitor,81,120,139,213,0,3,291,164,333,220,"(148, 164, 253, 291)","(139, 220, 213, 333)"
2329360.jpg,sitting on,grass,70,497,209,2,people,10,25,221,186,1,3,499,279,211,231,"(209, 279, 2, 499)","(221, 231, 186, 211)"
2369416.jpg,sitting on,shelf,13,99,260,348,books,21,54,305,358,1,3,447,273,412,326,"(260, 273, 348, 447)","(305, 326, 358, 412)"
286004.jpg,sitting on,bench,58,111,180,193,man,55,102,184,198,1,3,304,238,300,239,"(180, 238, 193, 304)","(184, 239, 198, 300)"
2342821.jpg,wearing,pants,39,43,173,152,person,88,60,130,132,0,3,195,212,192,218,"(173, 212, 152, 195)","(130, 218, 132, 192)"
2391421.jpg,sitting on,couch,191,205,183,294,woman,223,155,152,342,1,3,499,374,497,375,"(183, 374, 294, 499)","(152, 375, 342, 497)"
2347045.jpg,sitting on,chair,204,222,170,9,man,349,495,25,4,1,3,231,374,499,374,"(170, 374, 9, 231)","(25, 374, 4, 499)"
2405438.jpg,sitting on,desk,370,426,0,25,calculator,56,108,92,346,1,3,451,370,454,148,"(0, 370, 25, 451)","(92, 148, 346, 454)"
2348844.jpg,sitting on,wall,249,372,250,1,woman,497,357,1,14,1,3,373,499,371,498,"(250, 499, 1, 373)","(1, 498, 14, 371)"
2368041.jpg,sitting on,wall,39,486,128,13,man,109,54,52,167,1,3,499,167,221,161,"(128, 167, 13, 499)","(52, 161, 167, 221)"
2350745.jpg,painted on,wall,348,61,115,261,art,308,69,165,262,0,3,322,463,331,473,"(115, 463, 261, 322)","(165, 473, 262, 331)"
2373131.jpg,sitting on,chair,62,27,210,451,person,80,31,185,453,1,3,478,272,484,265,"(210, 272, 451, 478)","(185, 265, 453, 484)"
2347668.jpg,sitting on,bed,143,433,162,66,person,268,130,39,135,1,3,499,305,265,307,"(162, 305, 66, 499)","(39, 307, 135, 265)"
492.jpg,sitting on,paper,17,65,337,579,pen,17,34,334,599,1,3,644,354,633,351,"(337, 354, 579, 644)","(334, 351, 599, 633)"
2413141.jpg,sitting on,table,296,455,33,35,tray,72,63,236,366,1,3,490,329,429,308,"(33, 329, 35, 490)","(236, 308, 366, 429)"
2409544.jpg,wearing,sneaker,14,23,139,176,man,151,75,0,159,0,3,199,153,234,151,"(139, 153, 176, 199)","(0, 151, 159, 234)"
2381934.jpg,wearing,shorts,22,23,214,15,man,63,26,187,13,0,3,38,236,39,250,"(214, 236, 15, 38)","(187, 250, 13, 39)"
2392479.jpg,wearing,shirt,57,60,151,159,woman,148,123,129,141,0,3,219,208,264,277,"(151, 208, 159, 219)","(129, 277, 141, 264)"
2353948.jpg,wearing,jersey,66,42,68,113,kid,152,52,47,109,0,3,155,134,161,199,"(68, 134, 113, 155)","(47, 199, 109, 161)"
2324863.jpg,sitting on,table,159,468,6,30,plate,452,471,47,3,1,3,498,165,474,499,"(6, 165, 30, 498)","(47, 499, 3, 474)"
2317645.jpg,wearing,shirt,71,55,204,38,man,166,80,173,34,0,3,93,275,114,339,"(204, 275, 38, 93)","(173, 339, 34, 114)"
2390511.jpg,standing on,ground,255,500,79,0,tripod,175,142,57,137,0,3,500,334,279,232,"(79, 334, 0, 500)","(57, 232, 137, 279)"
1592199.jpg,wearing,shoe,19,124,499,318,boy,423,293,59,269,0,3,442,518,562,482,"(499, 518, 318, 442)","(59, 482, 269, 562)"
2318155.jpg,wearing,shirt,14,16,182,95,woman,32,14,178,96,0,3,111,196,110,210,"(182, 196, 95, 111)","(178, 210, 96, 110)"
2320296.jpg,sitting on,boat,13,33,317,285,people,58,90,270,21,1,3,318,330,111,328,"(317, 330, 285, 318)","(270, 328, 21, 111)"
2406764.jpg,sitting on,counter,22,498,127,1,microwave,88,143,60,349,1,3,499,149,492,148,"(127, 149, 1, 499)","(60, 148, 349, 492)"
2394176.jpg,wearing,sweater,164,141,208,335,baby,136,101,169,311,0,3,476,372,412,305,"(208, 372, 335, 476)","(169, 305, 311, 412)"
86.jpg,sitting on,subway,313,437,18,42,man,149,85,168,181,1,3,479,331,266,317,"(18, 331, 42, 479)","(168, 317, 181, 266)"
2388427.jpg,wearing,shoe,40,36,400,162,boy,396,136,43,160,0,3,198,440,296,439,"(400, 440, 162, 198)","(43, 439, 160, 296)"
2330590.jpg,sitting on,dock,20,79,479,174,man,60,33,434,169,1,3,253,499,202,494,"(479, 499, 174, 253)","(434, 494, 169, 202)"
2339266.jpg,standing on,ground,330,497,0,0,sign,99,79,218,349,0,3,497,330,428,317,"(0, 330, 0, 497)","(218, 317, 349, 428)"
2330843.jpg,wearing,collar,11,20,80,50,lab,39,35,67,45,0,3,70,91,80,106,"(80, 91, 50, 70)","(67, 106, 45, 80)"
2403830.jpg,sitting on,ground,83,235,290,249,bench,233,119,113,36,1,3,484,373,155,346,"(290, 373, 249, 484)","(113, 346, 36, 155)"
2377665.jpg,wearing,gloves,33,41,77,204,player,273,180,21,206,0,3,245,110,386,294,"(77, 110, 204, 245)","(21, 294, 206, 386)"
2416453.jpg,sitting on,bleachers,80,16,150,222,crowd,203,487,58,8,1,3,238,230,495,261,"(150, 230, 222, 238)","(58, 261, 8, 495)"
396.jpg,sitting on,table,108,82,188,181,bowl,34,55,145,207,1,3,263,296,262,179,"(188, 296, 181, 263)","(145, 179, 207, 262)"
2407504.jpg,sitting on,counter,38,114,293,376,bananas,105,106,193,386,1,3,490,331,492,298,"(293, 331, 376, 490)","(193, 298, 386, 492)"
2355357.jpg,sitting on,surfboard,16,40,206,138,man,35,29,183,119,1,3,178,222,148,218,"(206, 222, 138, 178)","(183, 218, 119, 148)"
2376921.jpg,covered in,leaves,28,126,76,141,tree,24,30,81,334,0,3,267,104,364,105,"(76, 104, 141, 267)","(81, 105, 334, 364)"
2371090.jpg,wearing,scarf,41,30,134,28,man,95,47,122,48,0,3,58,175,95,217,"(134, 175, 28, 58)","(122, 217, 48, 95)"
2364377.jpg,sitting on,cart,80,120,137,283,airplane,58,36,114,291,1,3,403,217,327,172,"(137, 217, 283, 403)","(114, 172, 291, 327)"
2393046.jpg,sitting on,elephant,176,274,181,80,men,9,137,59,170,1,3,354,357,307,68,"(181, 357, 80, 354)","(59, 68, 170, 307)"
2410505.jpg,sitting on,laptop,77,224,144,128,cat,162,175,92,148,1,3,352,221,323,254,"(144, 221, 128, 352)","(92, 254, 148, 323)"
2334767.jpg,sitting on,shelf,61,234,114,159,plant,82,67,95,155,1,3,393,175,222,177,"(114, 175, 159, 393)","(95, 177, 155, 222)"
1159356.jpg,standing on,beach,422,808,342,153,girl,150,171,167,466,0,3,961,764,637,317,"(342, 764, 153, 961)","(167, 317, 466, 637)"
2377904.jpg,wearing,pants,35,50,347,153,man,117,71,291,130,0,3,203,382,201,408,"(347, 382, 153, 203)","(291, 408, 130, 201)"
2389986.jpg,sitting on,ground,57,138,310,3,man,29,12,317,1,1,3,141,367,13,346,"(310, 367, 3, 141)","(317, 346, 1, 13)"
2409847.jpg,sitting on,counter,499,373,0,1,banana,95,160,98,105,1,3,374,499,265,193,"(0, 499, 1, 374)","(98, 193, 105, 265)"
2355908.jpg,sitting on,bike,84,67,255,0,man,84,39,220,12,1,3,67,339,51,304,"(255, 339, 0, 67)","(220, 304, 12, 51)"
2358405.jpg,riding,bike,17,60,117,284,man,23,15,103,302,0,3,344,134,317,126,"(117, 134, 284, 344)","(103, 126, 302, 317)"
2337188.jpg,wearing,jumper,149,73,226,303,girl,194,116,180,272,0,3,376,375,388,374,"(226, 375, 303, 376)","(180, 374, 272, 388)"
2377097.jpg,sitting on,table,191,214,67,2,saucer,19,188,68,0,1,3,216,258,188,87,"(67, 258, 2, 216)","(68, 87, 0, 188)"
2410941.jpg,flying in,sky,364,488,4,3,kites,286,306,4,113,0,3,491,368,419,290,"(4, 368, 3, 491)","(4, 290, 113, 419)"
2348201.jpg,wearing,cap,25,49,106,316,man,271,115,100,257,0,3,365,131,372,371,"(106, 131, 316, 365)","(100, 371, 257, 372)"
2385657.jpg,sitting on,ground,204,499,170,0,dirt,178,499,196,0,1,3,499,374,499,374,"(170, 374, 0, 499)","(196, 374, 0, 499)"
2407745.jpg,standing on,sidewalk,39,103,222,0,woman,41,11,190,53,0,3,103,261,64,231,"(222, 261, 0, 103)","(190, 231, 53, 64)"
2370251.jpg,wearing,cap,23,37,25,160,man,321,113,27,114,0,3,197,48,227,348,"(25, 48, 160, 197)","(27, 348, 114, 227)"
2381605.jpg,painted on,street,207,497,125,2,arrow,64,95,187,383,0,3,499,332,478,251,"(125, 332, 2, 499)","(187, 251, 383, 478)"
2395884.jpg,sitting on,beach,18,496,177,1,person,7,8,183,86,1,3,497,195,94,190,"(177, 195, 1, 497)","(183, 190, 86, 94)"
2372954.jpg,sitting on,counter,121,498,242,0,plate,25,52,247,303,1,3,498,363,355,272,"(242, 363, 0, 498)","(247, 272, 303, 355)"
2406483.jpg,sitting on,steps,29,466,345,34,person,22,13,351,172,1,3,500,374,185,373,"(345, 374, 34, 500)","(351, 373, 172, 185)"
2400574.jpg,sitting on,table,167,175,207,104,book,31,71,268,117,1,3,279,374,188,299,"(207, 374, 104, 279)","(268, 299, 117, 188)"
1160206.jpg,sitting on,motorcycle,242,371,696,264,man,264,140,628,364,1,3,635,938,504,892,"(696, 938, 264, 635)","(628, 892, 364, 504)"
1069.jpg,wearing,shirt,41,31,131,23,man,45,25,123,30,0,3,54,172,55,168,"(131, 172, 23, 54)","(123, 168, 30, 55)"
2408120.jpg,sitting on,sand,129,429,245,1,woman,65,72,241,18,1,3,430,374,90,306,"(245, 374, 1, 430)","(241, 306, 18, 90)"
2364161.jpg,sitting on,train,34,95,167,142,person,33,20,153,194,1,3,237,201,214,186,"(167, 201, 142, 237)","(153, 186, 194, 214)"
2391390.jpg,sitting on,counter,48,165,60,172,cup,31,25,58,299,1,3,337,108,324,89,"(60, 108, 172, 337)","(58, 89, 299, 324)"
2335661.jpg,sitting on,ground,66,475,293,22,backpack,30,40,337,310,1,3,497,359,350,367,"(293, 359, 22, 497)","(337, 367, 310, 350)"
392.jpg,sitting on,monitor,136,155,71,238,webcam,23,26,59,298,1,3,393,207,324,82,"(71, 207, 238, 393)","(59, 82, 298, 324)"
2374102.jpg,sitting on,mat,208,323,142,5,basket,130,176,156,21,1,3,328,350,197,286,"(142, 350, 5, 328)","(156, 286, 21, 197)"
2369160.jpg,covering,tree,166,66,1,2,foliage,164,61,1,2,0,3,68,167,63,165,"(1, 167, 2, 68)","(1, 165, 2, 63)"
2345527.jpg,sitting on,chair,290,260,210,17,bird,131,135,297,44,1,3,277,500,179,428,"(210, 500, 17, 277)","(297, 428, 44, 179)"
2344119.jpg,sitting on,chair,246,241,251,55,boy,265,165,233,55,1,3,296,497,220,498,"(251, 497, 55, 296)","(233, 498, 55, 220)"
2356645.jpg,wearing,cap,36,61,30,100,woman,289,196,29,46,0,3,161,66,242,318,"(30, 66, 100, 161)","(29, 318, 46, 242)"
2415103.jpg,sitting on,wall,37,202,189,2,boy,37,20,187,36,1,3,204,226,56,224,"(189, 226, 2, 204)","(187, 224, 36, 56)"
2318477.jpg,sitting on,benches,136,292,139,3,cat,98,116,149,146,1,3,295,275,262,247,"(139, 275, 3, 295)","(149, 247, 146, 262)"
2416129.jpg,wearing,jacket,154,145,130,162,man,223,150,86,146,0,3,307,284,296,309,"(130, 284, 162, 307)","(86, 309, 146, 296)"
2364030.jpg,sitting on,runway,26,496,220,3,airplane,161,362,87,138,1,3,499,246,500,248,"(220, 246, 3, 499)","(87, 248, 138, 500)"
2409834.jpg,standing on,leg,21,18,144,131,flamingo,63,52,109,100,0,3,149,165,152,172,"(144, 165, 131, 149)","(109, 172, 100, 152)"
2349488.jpg,standing on,court,125,498,207,1,man,278,189,26,43,0,3,499,332,232,304,"(207, 332, 1, 499)","(26, 304, 43, 232)"
2341466.jpg,mounted on,bike,216,397,157,101,handle,30,77,162,232,0,3,498,373,309,192,"(157, 373, 101, 498)","(162, 192, 232, 309)"
2379916.jpg,sitting on,table,176,480,165,2,cup,178,134,66,106,1,3,482,341,240,244,"(165, 341, 2, 482)","(66, 244, 106, 240)"
2386340.jpg,wearing,cap,5,11,130,382,pitcher,50,26,123,367,0,3,393,135,393,173,"(130, 135, 382, 393)","(123, 173, 367, 393)"
1159799.jpg,wearing,hat,63,76,243,902,man,425,209,254,793,0,3,978,306,1002,679,"(243, 306, 902, 978)","(254, 679, 793, 1002)"
2398349.jpg,sitting on,ground,36,77,209,166,man,50,53,169,176,1,3,243,245,229,219,"(209, 245, 166, 243)","(169, 219, 176, 229)"
2382660.jpg,sitting on,steps,175,339,147,8,man,114,55,129,191,1,3,347,322,246,243,"(147, 322, 8, 347)","(129, 243, 191, 246)"
2378414.jpg,sitting on,table,83,285,108,96,pizza,48,112,103,269,1,3,381,191,381,151,"(108, 191, 96, 381)","(103, 151, 269, 381)"
2380248.jpg,wearing,shoe,26,28,236,139,man,157,160,108,31,0,3,167,262,191,265,"(236, 262, 139, 167)","(108, 265, 31, 191)"
2351808.jpg,wearing,dress,55,93,153,235,woman,143,122,134,205,0,3,328,208,327,277,"(153, 208, 235, 328)","(134, 277, 205, 327)"
2335666.jpg,sitting on,shelf,118,447,234,28,mug,194,168,150,18,1,3,475,352,186,344,"(234, 352, 28, 475)","(150, 344, 18, 186)"
2367985.jpg,sitting on,bench,33,86,466,128,someone,29,18,464,142,1,3,214,499,160,493,"(466, 499, 128, 214)","(464, 493, 142, 160)"
2345493.jpg,wearing,jacket,85,35,169,329,he,78,27,178,335,0,3,364,254,362,256,"(169, 254, 329, 364)","(178, 256, 335, 362)"
2378182.jpg,sitting on,person,39,91,1,85,person,39,60,1,31,1,3,176,40,91,40,"(1, 40, 85, 176)","(1, 40, 31, 91)"
2383661.jpg,sitting on,carpet,282,498,4,1,cat,215,309,74,2,1,3,499,286,311,289,"(4, 286, 1, 499)","(74, 289, 2, 311)"
2374683.jpg,sitting on,table,198,491,175,8,plate,82,152,235,134,1,3,499,373,286,317,"(175, 373, 8, 499)","(235, 317, 134, 286)"
2384820.jpg,sitting on,desk,116,131,145,126,frame,21,13,139,147,1,3,257,261,160,160,"(145, 261, 126, 257)","(139, 160, 147, 160)"
2348191.jpg,sitting on,counter,148,261,241,0,shampoo,11,9,264,132,1,3,261,389,141,275,"(241, 389, 0, 261)","(264, 275, 132, 141)"
2355983.jpg,wearing,pants,47,42,247,370,skier,165,94,177,324,0,3,412,294,418,342,"(247, 294, 370, 412)","(177, 342, 324, 418)"
2335158.jpg,eating,grass,283,289,62,209,zebra,351,435,21,0,0,3,498,345,435,372,"(62, 345, 209, 498)","(21, 372, 0, 435)"
2359621.jpg,watching,skateboarder,123,135,49,202,people,50,79,112,337,0,3,337,172,416,162,"(49, 172, 202, 337)","(112, 162, 337, 416)"
2368730.jpg,wearing,shorts,45,62,253,80,man,252,72,115,87,0,3,142,298,159,367,"(253, 298, 80, 142)","(115, 367, 87, 159)"
2316603.jpg,wearing,shirt,43,46,125,46,batter,125,56,95,53,0,3,92,168,109,220,"(125, 168, 46, 92)","(95, 220, 53, 109)"
2394194.jpg,sitting on,branch,72,271,294,185,bird,342,190,158,170,1,3,456,366,360,500,"(294, 366, 185, 456)","(158, 500, 170, 360)"
2378660.jpg,sitting on,plate,127,489,187,10,broccoli,78,89,181,270,1,3,499,314,359,259,"(187, 314, 10, 499)","(181, 259, 270, 359)"
2367541.jpg,painted on,road,128,473,169,24,line,25,44,271,155,0,3,497,297,199,296,"(169, 297, 24, 497)","(271, 296, 155, 199)"
1591881.jpg,hanging from,pole,266,23,0,428,wires,179,829,3,171,0,3,451,266,1000,182,"(0, 266, 428, 451)","(3, 182, 171, 1000)"
2351057.jpg,sitting on,pizza,136,245,45,14,mushroom,15,39,102,118,1,3,259,181,157,117,"(45, 181, 14, 259)","(102, 117, 118, 157)"
2355548.jpg,sitting on,carriage,233,240,50,201,woman,60,47,73,373,1,3,441,283,420,133,"(50, 283, 201, 441)","(73, 133, 373, 420)"
2389123.jpg,sitting on,motorcycle,254,314,109,100,man,267,158,13,145,1,3,414,363,303,280,"(109, 363, 100, 414)","(13, 280, 145, 303)"
2417327.jpg,sitting on,bed,234,325,260,0,woman,291,261,207,23,1,3,325,494,284,498,"(260, 494, 0, 325)","(207, 498, 23, 284)"
2413371.jpg,wearing,glasses,14,56,124,221,man,291,218,83,182,0,3,277,138,400,374,"(124, 138, 221, 277)","(83, 374, 182, 400)"
2348369.jpg,sitting on,coaster,24,30,287,331,glass,54,34,253,331,1,3,361,311,365,307,"(287, 311, 331, 361)","(253, 307, 331, 365)"
2369909.jpg,covered in,sand,263,495,110,3,body,210,316,155,119,0,3,498,373,435,365,"(110, 373, 3, 498)","(155, 365, 119, 435)"
2391174.jpg,wearing,hat,12,16,183,396,man,48,29,183,395,0,3,412,195,424,231,"(183, 195, 396, 412)","(183, 231, 395, 424)"
2351676.jpg,sitting on,bleachers,105,319,3,3,person,39,26,26,6,1,3,322,108,32,65,"(3, 108, 3, 322)","(26, 65, 6, 32)"
2338326.jpg,sitting on,ground,152,489,173,4,bear,100,140,179,258,1,3,493,325,398,279,"(173, 325, 4, 493)","(179, 279, 258, 398)"
2362778.jpg,walking in,water,157,497,42,1,cow,7,12,89,356,0,3,498,199,368,96,"(42, 199, 1, 498)","(89, 96, 356, 368)"
2331017.jpg,wearing,shirt,97,90,22,0,man,300,128,0,0,0,3,90,119,128,300,"(22, 119, 0, 90)","(0, 300, 0, 128)"
2366175.jpg,wearing,shorts,58,95,160,351,woman,344,163,13,319,0,3,446,218,482,357,"(160, 218, 351, 446)","(13, 357, 319, 482)"
2400459.jpg,watching,player,178,111,69,112,fans,36,252,4,226,0,3,223,247,478,40,"(69, 247, 112, 223)","(4, 40, 226, 478)"
2402436.jpg,sitting on,rug,136,499,239,1,piano,156,280,173,179,1,3,500,375,459,329,"(239, 375, 1, 500)","(173, 329, 179, 459)"
2366382.jpg,sitting on,bench,142,476,117,2,woman,210,72,78,286,1,3,478,259,358,288,"(117, 259, 2, 478)","(78, 288, 286, 358)"
2364564.jpg,sitting on,table,95,133,112,71,vase,97,35,8,108,1,3,204,207,143,105,"(112, 207, 71, 204)","(8, 105, 108, 143)"
2354738.jpg,wearing,pants,80,60,207,302,man,188,92,109,272,0,3,362,287,364,297,"(207, 287, 302, 362)","(109, 297, 272, 364)"
2371712.jpg,sitting on,sand,175,499,156,0,person,28,20,163,305,1,3,499,331,325,191,"(156, 331, 0, 499)","(163, 191, 305, 325)"
2412936.jpg,wearing,shirt,25,36,5,416,person,81,51,0,415,0,3,452,30,466,81,"(5, 30, 416, 452)","(0, 81, 415, 466)"
2363077.jpg,sitting on,bed,252,403,80,2,bag,66,69,160,89,1,3,405,332,158,226,"(80, 332, 2, 405)","(160, 226, 89, 158)"
2328487.jpg,sitting on,ground,163,497,165,0,backpack,38,64,290,229,1,3,497,328,293,328,"(165, 328, 0, 497)","(290, 328, 229, 293)"
2338066.jpg,sitting on,boat,74,465,157,17,duck,45,56,150,42,1,3,482,231,98,195,"(157, 231, 17, 482)","(150, 195, 42, 98)"
2321077.jpg,sitting on,road,87,128,234,28,man,82,49,175,81,1,3,156,321,130,257,"(234, 321, 28, 156)","(175, 257, 81, 130)"
2401357.jpg,wearing,shirt,140,151,98,148,woman,340,156,34,144,0,3,299,238,300,374,"(98, 238, 148, 299)","(34, 374, 144, 300)"
2381040.jpg,sitting on,road,122,498,185,1,tire,86,64,197,203,1,3,499,307,267,283,"(185, 307, 1, 499)","(197, 283, 203, 267)"
2374573.jpg,wearing,shirt,126,68,69,0,woman,374,112,22,1,0,3,68,195,113,396,"(69, 195, 0, 68)","(22, 396, 1, 113)"
2411328.jpg,sitting on,motorcycle,178,278,111,106,man,111,169,71,192,1,3,384,289,361,182,"(111, 289, 106, 384)","(71, 182, 192, 361)"
2399687.jpg,wearing,shirt,280,140,90,234,man,452,228,1,145,0,3,374,370,373,453,"(90, 370, 234, 374)","(1, 453, 145, 373)"
1682.jpg,sitting on,counter,335,193,263,3,cup,36,34,200,18,1,3,196,598,52,236,"(263, 598, 3, 196)","(200, 236, 18, 52)"
2335901.jpg,wearing,helmet,57,60,108,39,person,223,153,110,17,0,3,99,165,170,333,"(108, 165, 39, 99)","(110, 333, 17, 170)"
2405548.jpg,wearing,leather,98,89,80,215,man,188,122,49,182,0,3,304,178,304,237,"(80, 178, 215, 304)","(49, 237, 182, 304)"
2358797.jpg,sitting on,chair,106,159,229,40,battery,11,12,306,126,1,3,199,335,138,317,"(229, 335, 40, 199)","(306, 317, 126, 138)"
2331613.jpg,wearing,glasses,30,91,140,125,girl,353,258,6,32,0,3,216,170,290,359,"(140, 170, 125, 216)","(6, 359, 32, 290)"
2358808.jpg,covered in,snow,240,493,133,2,tree,179,64,70,357,0,3,495,373,421,249,"(133, 373, 2, 495)","(70, 249, 357, 421)"
2390525.jpg,sitting on,chair,93,71,185,330,man,84,66,181,393,1,3,401,278,459,265,"(185, 278, 330, 401)","(181, 265, 393, 459)"
2393443.jpg,wearing,sunglasses,3,6,165,199,man,90,39,161,185,0,3,205,168,224,251,"(165, 168, 199, 205)","(161, 251, 185, 224)"
2368911.jpg,sitting on,mantle,45,130,172,12,vase,115,44,87,5,1,3,142,217,49,202,"(172, 217, 12, 142)","(87, 202, 5, 49)"
2387015.jpg,lying on,desk,295,353,205,19,battery,29,16,377,237,0,3,372,500,253,406,"(205, 500, 19, 372)","(377, 406, 237, 253)"
2356944.jpg,says,club,44,39,138,132,bar,122,82,123,99,0,3,171,182,181,245,"(138, 182, 132, 171)","(123, 245, 99, 181)"
3987.jpg,sitting on,balcony,344,434,1,1,chair,45,31,170,142,1,3,435,345,173,215,"(1, 345, 1, 435)","(170, 215, 142, 173)"
2271.jpg,walking on,sidewalk,151,746,337,53,person,66,33,304,366,0,3,799,488,399,370,"(337, 488, 53, 799)","(304, 370, 366, 399)"
2393430.jpg,sitting on,shoe,90,77,178,222,kitten,124,127,102,219,1,3,299,268,346,226,"(178, 268, 222, 299)","(102, 226, 219, 346)"
2393294.jpg,wearing,shirt,334,159,110,81,man,499,322,0,1,0,3,240,444,323,499,"(110, 444, 81, 240)","(0, 499, 1, 323)"
150285.jpg,wearing,corsage,133,81,285,529,woman,977,742,27,280,0,3,610,418,1022,1004,"(285, 418, 529, 610)","(27, 1004, 280, 1022)"
2379025.jpg,sitting on,pillow,223,299,56,32,cat,274,248,5,61,1,3,331,279,309,279,"(56, 279, 32, 331)","(5, 279, 61, 309)"
2330897.jpg,sitting on,people,28,15,137,2,people,30,27,137,19,1,3,17,165,46,167,"(137, 165, 2, 17)","(137, 167, 19, 46)"
2366985.jpg,sitting on,wire,65,430,151,0,bird,64,31,135,259,1,3,430,216,290,199,"(151, 216, 0, 430)","(135, 199, 259, 290)"
1159260.jpg,sitting on,bench,90,144,446,391,person,535,473,137,27,1,3,535,536,500,672,"(446, 536, 391, 535)","(137, 672, 27, 500)"
2405526.jpg,growing on,tree,180,165,1,267,leaf,6,4,14,320,0,3,432,181,324,20,"(1, 181, 267, 432)","(14, 20, 320, 324)"
2412250.jpg,sitting on,wall,53,498,281,1,bird,55,67,218,102,1,3,499,334,169,273,"(281, 334, 1, 499)","(218, 273, 102, 169)"
2381657.jpg,sitting on,ground,376,450,123,2,box,18,19,126,141,1,3,452,499,160,144,"(123, 499, 2, 452)","(126, 144, 141, 160)"
2343509.jpg,standing on,hill,202,497,171,0,flag,45,20,195,306,0,3,497,373,326,240,"(171, 373, 0, 497)","(195, 240, 306, 326)"
2397979.jpg,wearing,hoodie,192,119,158,83,person,222,119,159,83,0,3,202,350,202,381,"(158, 350, 83, 202)","(159, 381, 83, 202)"
2391262.jpg,sitting on,chair,300,157,198,37,man,466,272,33,73,1,3,194,498,345,499,"(198, 498, 37, 194)","(33, 499, 73, 345)"
713121.jpg,sitting on,table,619,672,402,4,rock,28,37,672,101,1,3,676,1021,138,700,"(402, 1021, 4, 676)","(672, 700, 101, 138)"
2414397.jpg,wearing,sweater,69,111,299,289,bear,158,155,216,261,0,3,400,368,416,374,"(299, 368, 289, 400)","(216, 374, 261, 416)"
2408915.jpg,sitting on,door,301,280,30,217,cat,169,237,15,210,1,3,497,331,447,184,"(30, 331, 217, 497)","(15, 184, 210, 447)"
2334602.jpg,sitting on,napkin,45,63,248,159,silverware,39,30,253,177,1,3,222,293,207,292,"(248, 293, 159, 222)","(253, 292, 177, 207)"
2376848.jpg,playing,baseball,77,110,230,213,boy,151,149,169,97,0,3,323,307,246,320,"(230, 307, 213, 323)","(169, 320, 97, 246)"
2412073.jpg,wearing,shorts,72,79,260,201,man,283,236,49,83,0,3,280,332,319,332,"(260, 332, 201, 280)","(49, 332, 83, 319)"
2383032.jpg,sitting on,sidewalk,111,149,226,0,man,46,33,115,404,1,3,149,337,437,161,"(226, 337, 0, 149)","(115, 161, 404, 437)"
2356447.jpg,carrying,bat,31,27,141,306,man,245,130,129,238,0,3,333,172,368,374,"(141, 172, 306, 333)","(129, 374, 238, 368)"
2375346.jpg,wearing,shirt,98,202,0,0,boy,169,276,2,0,0,3,202,98,276,171,"(0, 98, 0, 202)","(2, 171, 0, 276)"
2371.jpg,wearing,jeans,101,148,497,416,man,437,242,161,376,0,3,564,598,618,598,"(497, 598, 416, 564)","(161, 598, 376, 618)"
1593084.jpg,sitting on,snow,478,999,286,14,man,122,130,541,700,1,3,1013,764,830,663,"(286, 764, 14, 1013)","(541, 663, 700, 830)"
2395270.jpg,wearing,mask,12,15,122,191,baby,75,33,99,183,0,3,206,134,216,174,"(122, 134, 191, 206)","(99, 174, 183, 216)"
2379205.jpg,wearing,shoe,98,90,98,18,person,291,335,1,20,0,3,108,196,355,292,"(98, 196, 18, 108)","(1, 292, 20, 355)"
2375859.jpg,wearing,pants,25,17,298,70,man,74,22,258,68,0,3,87,323,90,332,"(298, 323, 70, 87)","(258, 332, 68, 90)"
2377665.jpg,wearing,helmet,42,53,22,254,player,273,180,21,206,0,3,307,64,386,294,"(22, 64, 254, 307)","(21, 294, 206, 386)"
2390834.jpg,wearing,band,40,86,66,214,man,284,283,48,119,0,3,300,106,402,332,"(66, 106, 214, 300)","(48, 332, 119, 402)"
2348272.jpg,sitting on,chair,67,132,277,54,books,72,142,273,44,1,3,186,344,186,345,"(277, 344, 54, 186)","(273, 345, 44, 186)"
2349596.jpg,wearing,coat,52,80,98,176,boy,118,109,72,170,0,3,256,150,279,190,"(98, 150, 176, 256)","(72, 190, 170, 279)"
2324528.jpg,sitting on,plate,275,293,19,41,bun,137,210,102,119,1,3,334,294,329,239,"(19, 294, 41, 334)","(102, 239, 119, 329)"
2404974.jpg,standing on,edge,19,310,83,1,tree,44,27,45,95,0,3,311,102,122,89,"(83, 102, 1, 311)","(45, 89, 95, 122)"
2376603.jpg,sitting on,beach,233,496,140,1,people,25,37,140,291,1,3,497,373,328,165,"(140, 373, 1, 497)","(140, 165, 291, 328)"
2348795.jpg,covering,sand,228,484,271,7,water,68,488,8,10,0,3,491,499,498,76,"(271, 499, 7, 491)","(8, 76, 10, 498)"
2375629.jpg,wearing,hat,19,27,51,78,lady,94,35,59,76,0,3,105,70,111,153,"(51, 70, 78, 105)","(59, 153, 76, 111)"
888.jpg,standing on,crosswalk,193,365,269,3,woman,300,104,75,289,0,3,368,462,393,375,"(269, 462, 3, 368)","(75, 375, 289, 393)"
2344476.jpg,standing on,beach,201,496,132,3,man,216,121,27,80,0,3,499,333,201,243,"(132, 333, 3, 499)","(27, 243, 80, 201)"
2400159.jpg,riding,bike,257,174,65,195,man,276,150,0,201,0,3,369,322,351,276,"(65, 322, 195, 369)","(0, 276, 201, 351)"
2330287.jpg,sitting on,bench,42,40,205,21,woman,70,52,178,36,1,3,61,247,88,248,"(205, 247, 21, 61)","(178, 248, 36, 88)"
2358124.jpg,sitting on,edge,9,199,231,119,people,19,17,223,215,1,3,318,240,232,242,"(231, 240, 119, 318)","(223, 242, 215, 232)"
2320374.jpg,sitting on,bench,39,135,239,293,man,63,33,215,420,1,3,428,278,453,278,"(239, 278, 293, 428)","(215, 278, 420, 453)"
2370783.jpg,sitting on,floor,331,480,41,13,bottle,44,27,76,153,1,3,493,372,180,120,"(41, 372, 13, 493)","(76, 120, 153, 180)"
2319927.jpg,wearing,shoes,9,18,447,289,girl,134,34,322,279,0,3,307,456,313,456,"(447, 456, 289, 307)","(322, 456, 279, 313)"
2409932.jpg,sitting on,elephant,209,267,95,65,person,116,152,3,80,1,3,332,304,232,119,"(95, 304, 65, 332)","(3, 119, 80, 232)"
2383659.jpg,wearing,shirt,71,47,117,273,woman,246,140,80,207,0,3,320,188,347,326,"(117, 188, 273, 320)","(80, 326, 207, 347)"
2380265.jpg,sitting on,ground,158,240,174,258,person,97,119,235,303,1,3,498,332,422,332,"(174, 332, 258, 498)","(235, 332, 303, 422)"
2320146.jpg,wearing,tie,54,46,171,127,man,348,155,48,117,0,3,173,225,272,396,"(171, 225, 127, 173)","(48, 396, 117, 272)"
2414935.jpg,sitting on,wall,214,500,160,0,man,224,173,0,2,1,3,500,374,175,224,"(160, 374, 0, 500)","(0, 224, 2, 175)"
2365987.jpg,wearing,outfit,76,27,292,257,woman,95,46,279,247,0,3,284,368,293,374,"(292, 368, 257, 284)","(279, 374, 247, 293)"
2322130.jpg,sitting on,bed,217,369,142,2,kid,351,185,9,112,1,3,371,359,297,360,"(142, 359, 2, 371)","(9, 360, 112, 297)"
2396945.jpg,sitting on,counter,56,270,267,9,bowl,19,40,269,30,1,3,279,323,70,288,"(267, 323, 9, 279)","(269, 288, 30, 70)"
2389369.jpg,sitting on,chairs,38,47,250,276,people,59,65,229,282,1,3,323,288,347,288,"(250, 288, 276, 323)","(229, 288, 282, 347)"
2369674.jpg,sitting on,table,130,192,202,205,monitor,80,94,143,273,1,3,397,332,367,223,"(202, 332, 205, 397)","(143, 223, 273, 367)"
2349926.jpg,sitting on,snow,149,496,182,2,child,207,172,92,55,1,3,498,331,227,299,"(182, 331, 2, 498)","(92, 299, 55, 227)"
2340752.jpg,sitting on,table,362,493,6,4,food,270,207,10,292,1,3,497,368,499,280,"(6, 368, 4, 497)","(10, 280, 292, 499)"
2375071.jpg,carrying,child,33,31,35,187,woman,80,28,27,189,0,3,218,68,217,107,"(35, 68, 187, 218)","(27, 107, 189, 217)"
2393532.jpg,covered in,water,214,499,115,0,elephant,259,218,40,170,0,3,499,329,388,299,"(115, 329, 0, 499)","(40, 299, 170, 388)"
2388864.jpg,wearing,pants,3,3,293,152,woman,75,43,174,222,0,3,155,296,265,249,"(293, 296, 152, 155)","(174, 249, 222, 265)"
2347098.jpg,wearing,hat,42,64,96,106,man,44,52,105,122,0,3,170,138,174,149,"(96, 138, 106, 170)","(105, 149, 122, 174)"
2390511.jpg,sitting on,bench,93,176,106,303,people,176,262,41,193,1,3,479,199,455,217,"(106, 199, 303, 479)","(41, 217, 193, 455)"
2402941.jpg,wearing,coat,204,104,294,49,man,213,167,89,100,0,3,153,498,267,302,"(294, 498, 49, 153)","(89, 302, 100, 267)"
2319701.jpg,wearing,jumpsuit,12,16,17,80,people,25,21,11,77,0,3,96,29,98,36,"(17, 29, 80, 96)","(11, 36, 77, 98)"
2372862.jpg,sitting on,dock,220,495,102,0,cat,202,139,67,254,1,3,495,322,393,269,"(102, 322, 0, 495)","(67, 269, 254, 393)"
2415088.jpg,covering,beach,257,497,76,2,rock,17,39,145,29,0,3,499,333,68,162,"(76, 333, 2, 499)","(145, 162, 29, 68)"
2328369.jpg,wearing,visor,27,45,124,67,horse,67,114,97,52,0,3,112,151,166,164,"(124, 151, 67, 112)","(97, 164, 52, 166)"
2380741.jpg,riding,horse,31,52,199,235,person,26,11,187,258,0,3,287,230,269,213,"(199, 230, 235, 287)","(187, 213, 258, 269)"
2372211.jpg,wearing,costume,328,132,38,135,guy,361,138,32,134,0,3,267,366,272,393,"(38, 366, 135, 267)","(32, 393, 134, 272)"
2391173.jpg,sitting on,plate,225,384,108,37,sandwich,183,219,108,38,1,3,421,333,257,291,"(108, 333, 37, 421)","(108, 291, 38, 257)"
2348058.jpg,sitting on,boat,101,260,167,51,pieces,41,135,261,233,1,3,311,268,368,302,"(167, 268, 51, 311)","(261, 302, 233, 368)"
2395021.jpg,eating,dessert,96,119,387,177,man,450,295,21,190,0,3,296,483,485,471,"(387, 483, 177, 296)","(21, 471, 190, 485)"
2376030.jpg,mounted on,building,368,386,4,99,clock,160,177,126,178,0,3,485,372,355,286,"(4, 372, 99, 485)","(126, 286, 178, 355)"
2387216.jpg,wearing,jacket,229,324,102,100,woman,333,325,2,102,0,3,424,331,427,335,"(102, 331, 100, 424)","(2, 335, 102, 427)"
2406648.jpg,playing,baseball,3,5,2,2,person,174,120,97,196,0,3,7,5,316,271,"(2, 5, 2, 7)","(97, 271, 196, 316)"
2357467.jpg,sitting on,bed,119,498,214,1,man,332,228,1,42,1,3,499,333,270,333,"(214, 333, 1, 499)","(1, 333, 42, 270)"
1505.jpg,wearing,pants,96,54,303,467,man,212,85,199,456,0,3,521,399,541,411,"(303, 399, 467, 521)","(199, 411, 456, 541)"
2349256.jpg,covering,fry,61,25,130,351,skin,55,24,130,351,0,3,376,191,375,185,"(130, 191, 351, 376)","(130, 185, 351, 375)"
2403457.jpg,wearing,sneaker,47,24,452,0,man,464,349,34,0,0,3,24,499,349,498,"(452, 499, 0, 24)","(34, 498, 0, 349)"
2385200.jpg,using,pole,68,18,198,188,skier,112,60,153,188,0,3,206,266,248,265,"(198, 266, 188, 206)","(153, 265, 188, 248)"
2324203.jpg,sitting on,case,327,443,4,51,remote,241,300,66,103,1,3,494,331,403,307,"(4, 331, 51, 494)","(66, 307, 103, 403)"
2399043.jpg,sitting on,heater,23,248,164,1,cat,90,111,79,107,1,3,249,187,218,169,"(164, 187, 1, 249)","(79, 169, 107, 218)"
2325507.jpg,riding,wave,312,498,0,0,man,219,185,5,0,0,3,498,312,185,224,"(0, 312, 0, 498)","(5, 224, 0, 185)"
2380111.jpg,wearing,jeans,122,86,208,143,man,268,118,62,114,0,3,229,330,232,330,"(208, 330, 143, 229)","(62, 330, 114, 232)"
2415589.jpg,sitting on,table,110,445,0,0,pizza,359,497,14,1,1,3,445,110,498,373,"(0, 110, 0, 445)","(14, 373, 1, 498)"
2353785.jpg,sitting on,table,213,306,162,190,can,76,42,157,453,1,3,496,375,495,233,"(162, 375, 190, 496)","(157, 233, 453, 495)"
2396945.jpg,sitting on,counter,56,270,267,9,teapot,55,63,233,120,1,3,279,323,183,288,"(267, 323, 9, 279)","(233, 288, 120, 183)"
2363990.jpg,sitting on,floor,100,424,228,72,trash,38,27,201,172,1,3,496,328,199,239,"(228, 328, 72, 496)","(201, 239, 172, 199)"
2361354.jpg,sitting on,bus,203,415,95,45,passenger,31,18,151,159,1,3,460,298,177,182,"(95, 298, 45, 460)","(151, 182, 159, 177)"
2393807.jpg,sitting on,table,227,337,106,7,computer,167,199,31,93,1,3,344,333,292,198,"(106, 333, 7, 344)","(31, 198, 93, 292)"
2318144.jpg,hanging from,mast,210,117,100,333,flag,7,10,279,436,0,3,450,310,446,286,"(100, 310, 333, 450)","(279, 286, 436, 446)"
2334818.jpg,sitting on,boat,62,89,246,207,chair,32,35,255,217,1,3,296,308,252,287,"(246, 308, 207, 296)","(255, 287, 217, 252)"
2374645.jpg,wearing,pants,105,36,393,107,woman,232,56,268,104,0,3,143,498,160,500,"(393, 498, 107, 143)","(268, 500, 104, 160)"
1292.jpg,wearing,scarf,122,166,401,200,woman,296,162,289,218,0,3,366,523,380,585,"(401, 523, 200, 366)","(289, 585, 218, 380)"
2366477.jpg,sitting on,bench,62,71,131,313,woman,80,59,56,340,1,3,384,193,399,136,"(131, 193, 313, 384)","(56, 136, 340, 399)"
2366951.jpg,sitting on,beach,43,138,184,268,man,75,48,145,200,1,3,406,227,248,220,"(184, 227, 268, 406)","(145, 220, 200, 248)"
1593236.jpg,hanging from,pole,74,13,121,933,light,43,20,112,906,0,3,946,195,926,155,"(121, 195, 933, 946)","(112, 155, 906, 926)"
2355888.jpg,wearing,shirt,162,175,179,147,woman,256,234,92,136,0,3,322,341,370,348,"(179, 341, 147, 322)","(92, 348, 136, 370)"
2364910.jpg,sitting on,surface,189,203,215,284,lemon,142,161,232,308,1,3,487,404,469,374,"(215, 404, 284, 487)","(232, 374, 308, 469)"
2402008.jpg,sitting on,table,113,203,239,214,paper,84,123,265,241,1,3,417,352,364,349,"(239, 352, 214, 417)","(265, 349, 241, 364)"
2365600.jpg,sitting on,couch,257,371,241,3,animals,106,214,289,99,1,3,374,498,313,395,"(241, 498, 3, 374)","(289, 395, 99, 313)"
2385696.jpg,growing on,wall,44,452,2,1,shrubbery,117,277,3,223,0,3,453,46,500,120,"(2, 46, 1, 453)","(3, 120, 223, 500)"
2379117.jpg,sitting on,counter,58,227,204,18,trumpet,48,37,188,39,1,3,245,262,76,236,"(204, 262, 18, 245)","(188, 236, 39, 76)"
2353109.jpg,sitting on,grass,57,480,214,18,rock,53,80,203,352,1,3,498,271,432,256,"(214, 271, 18, 498)","(203, 256, 352, 432)"
2407466.jpg,sitting on,plate,354,497,20,0,rice,244,330,116,170,1,3,497,374,500,360,"(20, 374, 0, 497)","(116, 360, 170, 500)"
2388681.jpg,wearing,cap,10,13,166,77,man,65,31,166,70,0,3,90,176,101,231,"(166, 176, 77, 90)","(166, 231, 70, 101)"
10.jpg,sitting on,desk,231,472,368,0,papers,162,314,381,0,1,3,472,599,314,543,"(368, 599, 0, 472)","(381, 543, 0, 314)"
2336532.jpg,wearing,sunglasses,19,50,49,257,man,348,192,25,205,0,3,307,68,397,373,"(49, 68, 257, 307)","(25, 373, 205, 397)"
2406697.jpg,sitting on,boat,32,157,249,246,person,27,21,251,356,1,3,403,281,377,278,"(249, 281, 246, 403)","(251, 278, 356, 377)"
1396.jpg,sitting on,chair,83,130,397,509,man,341,340,138,287,1,3,639,480,627,479,"(397, 480, 509, 639)","(138, 479, 287, 627)"
2329587.jpg,wearing,shoe,28,51,291,125,woman,202,86,103,145,0,3,176,319,231,305,"(291, 319, 125, 176)","(103, 305, 145, 231)"
2377439.jpg,wearing,overalls,192,140,180,97,boy,358,330,15,9,0,3,237,372,339,373,"(180, 372, 97, 237)","(15, 373, 9, 339)"
2319927.jpg,wearing,shirt,62,23,308,2,man,56,25,288,1,0,3,25,370,26,344,"(308, 370, 2, 25)","(288, 344, 1, 26)"
1592875.jpg,watching,skateboard,115,149,285,263,person,184,144,388,430,0,3,412,400,574,572,"(285, 400, 263, 412)","(388, 572, 430, 574)"
2394045.jpg,sitting on,bench,50,120,162,195,person,47,37,154,244,1,3,315,212,281,201,"(162, 212, 195, 315)","(154, 201, 244, 281)"
2331465.jpg,sitting on,ground,123,486,205,11,suitcase,43,27,216,135,1,3,497,328,162,259,"(205, 328, 11, 497)","(216, 259, 135, 162)"
2398497.jpg,sitting on,chair,233,422,141,6,cushion,188,388,186,0,1,3,428,374,388,374,"(141, 374, 6, 428)","(186, 374, 0, 388)"
2376883.jpg,wearing,hat,36,41,36,275,person,167,124,66,218,0,3,316,72,342,233,"(36, 72, 275, 316)","(66, 233, 218, 342)"
2403942.jpg,sitting on,sofa,438,380,60,2,girl,458,331,21,28,1,3,382,498,359,479,"(60, 498, 2, 382)","(21, 479, 28, 359)"
2339648.jpg,wearing,watch,25,47,281,203,man,309,211,60,32,0,3,250,306,243,369,"(281, 306, 203, 250)","(60, 369, 32, 243)"
2403980.jpg,wearing,apron,61,44,91,101,woman,106,89,48,73,0,3,145,152,162,154,"(91, 152, 101, 145)","(48, 154, 73, 162)"
2394923.jpg,sitting on,sand,364,361,135,1,log,25,96,200,268,1,3,362,499,364,225,"(135, 499, 1, 362)","(200, 225, 268, 364)"
2372490.jpg,standing on,grass,184,493,152,2,zebra,192,303,109,83,0,3,495,336,386,301,"(152, 336, 2, 495)","(109, 301, 83, 386)"
2403355.jpg,sitting on,couch,157,226,174,274,person,82,126,161,298,1,3,500,331,424,243,"(174, 331, 274, 500)","(161, 243, 298, 424)"
1591799.jpg,wearing,suit,305,138,531,506,man,381,153,485,489,0,3,644,836,642,866,"(531, 836, 506, 644)","(485, 866, 489, 642)"
1159585.jpg,sitting on,wall,76,743,150,277,man,202,93,24,914,1,3,1020,226,1007,226,"(150, 226, 277, 1020)","(24, 226, 914, 1007)"
2348971.jpg,wearing,shirt,22,14,194,244,person,22,25,196,239,0,3,258,216,264,218,"(194, 216, 244, 258)","(196, 218, 239, 264)"
2356099.jpg,sitting on,shelf,9,43,179,146,book,34,5,149,161,1,3,189,188,166,183,"(179, 188, 146, 189)","(149, 183, 161, 166)"
2375206.jpg,sitting on,desk,300,461,180,19,computer,218,118,167,366,1,3,480,480,484,385,"(180, 480, 19, 480)","(167, 385, 366, 484)"
2389925.jpg,wearing,tie,198,37,208,189,man,421,315,78,17,0,3,226,406,332,499,"(208, 406, 189, 226)","(78, 499, 17, 332)"
2372846.jpg,sitting on,balcony,24,84,165,288,plant,34,32,137,324,1,3,372,189,356,171,"(165, 189, 288, 372)","(137, 171, 324, 356)"
2350222.jpg,sitting on,bleachers,206,246,138,134,person,79,51,223,328,1,3,380,344,379,302,"(138, 344, 134, 380)","(223, 302, 328, 379)"
2393283.jpg,sitting on,couch,131,193,369,1,man,154,75,345,1,1,3,194,500,76,499,"(369, 500, 1, 194)","(345, 499, 1, 76)"
2414396.jpg,sitting on,bench,92,236,211,181,person,120,86,192,192,1,3,417,303,278,312,"(211, 303, 181, 417)","(192, 312, 192, 278)"
2332870.jpg,sitting on,slope,445,483,49,11,snow,93,155,58,12,1,3,494,494,167,151,"(49, 494, 11, 494)","(58, 151, 12, 167)"
2355716.jpg,sitting on,chair,88,182,181,47,man,120,130,139,39,1,3,229,269,169,259,"(181, 269, 47, 229)","(139, 259, 39, 169)"
2360545.jpg,wearing,shirt,85,54,147,445,boy,240,79,132,286,0,3,499,232,365,372,"(147, 232, 445, 499)","(132, 372, 286, 365)"
2405928.jpg,eating,hen,41,44,28,156,fox,41,44,24,18,0,3,200,69,62,65,"(28, 69, 156, 200)","(24, 65, 18, 62)"
2384361.jpg,sitting on,napkin,62,269,388,168,pizza,102,222,333,129,1,3,437,450,351,435,"(388, 450, 168, 437)","(333, 435, 129, 351)"
2356202.jpg,wearing,mitten,38,105,231,123,girl,298,139,135,124,0,3,228,269,263,433,"(231, 269, 123, 228)","(135, 433, 124, 263)"
2402138.jpg,sitting on,desk,232,486,141,13,keyboard,145,497,1,2,1,3,499,373,499,146,"(141, 373, 13, 499)","(1, 146, 2, 499)"
2360705.jpg,wearing,jeans,228,102,218,196,woman,322,160,24,168,0,3,298,446,328,346,"(218, 446, 196, 298)","(24, 346, 168, 328)"
2347425.jpg,sitting on,bleachers,74,473,5,25,people,71,497,4,1,1,3,498,79,498,75,"(5, 79, 25, 498)","(4, 75, 1, 498)"
2316929.jpg,wearing,pants,33,25,180,220,person,97,38,137,214,0,3,245,213,252,234,"(180, 213, 220, 245)","(137, 234, 214, 252)"
2384870.jpg,wearing,jeans,18,13,396,223,boy,47,26,371,218,0,3,236,414,244,418,"(396, 414, 223, 236)","(371, 418, 218, 244)"
2400117.jpg,sitting on,stomach,213,259,222,14,bear,222,233,37,31,1,3,273,435,264,259,"(222, 435, 14, 273)","(37, 259, 31, 264)"
2400555.jpg,wearing,white,35,55,96,242,riders,141,151,36,206,0,3,297,131,357,177,"(96, 131, 242, 297)","(36, 177, 206, 357)"
2353202.jpg,sitting on,floor,26,13,242,123,suitcase,82,111,146,191,1,3,136,268,302,228,"(242, 268, 123, 136)","(146, 228, 191, 302)"
2343230.jpg,sitting on,ground,263,498,1,1,backpack,305,197,69,302,1,3,499,264,499,374,"(1, 264, 1, 499)","(69, 374, 302, 499)"
2403201.jpg,sitting on,laptop,341,480,1,16,cat,164,285,95,82,1,3,496,342,367,259,"(1, 342, 16, 496)","(95, 259, 82, 367)"
2414330.jpg,wearing,shirt,46,23,80,2,woman,178,56,50,0,0,3,25,126,56,228,"(80, 126, 2, 25)","(50, 228, 0, 56)"
2408499.jpg,wearing,short,62,80,230,348,girl,84,71,110,344,0,3,428,292,415,194,"(230, 292, 348, 428)","(110, 194, 344, 415)"
2417663.jpg,covered in,snow,163,493,167,2,ground,166,497,165,1,0,3,495,330,498,331,"(167, 330, 2, 495)","(165, 331, 1, 498)"
4888.jpg,sitting on,table,19,50,227,47,flower,12,10,212,181,1,3,97,246,191,224,"(227, 246, 47, 97)","(212, 224, 181, 191)"
2399024.jpg,sitting on,horses,87,285,141,112,man,72,70,98,419,1,3,397,228,489,170,"(141, 228, 112, 397)","(98, 170, 419, 489)"
2382505.jpg,wearing,sandal,28,24,162,395,man,189,104,1,396,0,3,419,190,500,190,"(162, 190, 395, 419)","(1, 190, 396, 500)"
2359949.jpg,watching,person,111,94,23,135,people,268,145,52,10,0,3,229,134,155,320,"(23, 134, 135, 229)","(52, 320, 10, 155)"
2414952.jpg,wearing,shorts,18,28,176,168,adult,65,34,149,164,0,3,196,194,198,214,"(176, 194, 168, 196)","(149, 214, 164, 198)"
2358462.jpg,sitting on,plate,186,162,314,212,fork,158,66,253,297,1,3,374,500,363,411,"(314, 500, 212, 374)","(253, 411, 297, 363)"
4455.jpg,wearing,shorts,43,72,391,372,man,216,109,298,353,0,3,444,434,462,514,"(391, 434, 372, 444)","(298, 514, 353, 462)"
2398514.jpg,wearing,pant,105,83,164,224,person,231,111,33,190,0,3,307,269,301,264,"(164, 269, 224, 307)","(33, 264, 190, 301)"
2404063.jpg,sitting on,floor,243,497,131,1,can,17,19,305,467,1,3,498,374,486,322,"(131, 374, 1, 498)","(305, 322, 467, 486)"
2380648.jpg,wearing,hat,12,28,41,176,person,152,63,41,147,0,3,204,53,210,193,"(41, 53, 176, 204)","(41, 193, 147, 210)"
2343076.jpg,sitting on,chair,162,265,169,35,man,230,147,52,105,1,3,300,331,252,282,"(169, 331, 35, 300)","(52, 282, 105, 252)"
2402409.jpg,sitting on,bench,135,373,160,9,man,173,125,114,34,1,3,382,295,159,287,"(160, 295, 9, 382)","(114, 287, 34, 159)"
2359932.jpg,wearing,coat,55,45,216,227,man,127,53,197,228,0,3,272,271,281,324,"(216, 271, 227, 272)","(197, 324, 228, 281)"
2357550.jpg,wearing,sandals,33,24,236,358,man,263,121,19,285,0,3,382,269,406,282,"(236, 269, 358, 382)","(19, 282, 285, 406)"
2395745.jpg,wearing,pants,132,51,321,163,woman,316,118,179,141,0,3,214,453,259,495,"(321, 453, 163, 214)","(179, 495, 141, 259)"
2409363.jpg,wearing,uniform,127,71,20,114,woman,227,145,1,76,0,3,185,147,221,228,"(20, 147, 114, 185)","(1, 228, 76, 221)"
2318515.jpg,wearing,outfit,102,90,238,200,doll,162,110,177,200,0,3,290,340,310,339,"(238, 340, 200, 290)","(177, 339, 200, 310)"
2323630.jpg,wearing,cap,19,28,119,193,boy,174,223,121,86,0,3,221,138,309,295,"(119, 138, 193, 221)","(121, 295, 86, 309)"
2402589.jpg,wearing,cap,22,30,108,287,player,183,93,102,267,0,3,317,130,360,285,"(108, 130, 287, 317)","(102, 285, 267, 360)"
2356238.jpg,wearing,shoe,35,32,322,243,boy,281,125,86,190,0,3,275,357,315,367,"(322, 357, 243, 275)","(86, 367, 190, 315)"
2412019.jpg,sitting on,bench,274,441,88,11,man,313,157,53,129,1,3,452,362,286,366,"(88, 362, 11, 452)","(53, 366, 129, 286)"
2348778.jpg,carrying,racket,120,65,141,134,man,342,95,118,69,0,3,199,261,164,460,"(141, 261, 134, 199)","(118, 460, 69, 164)"
2366357.jpg,sitting on,motorcycle,107,55,176,300,person,126,59,64,287,1,3,355,283,346,190,"(176, 283, 300, 355)","(64, 190, 287, 346)"
2316733.jpg,wearing,ski,52,105,378,154,girl,360,287,45,35,0,3,259,430,322,405,"(378, 430, 154, 259)","(45, 405, 35, 322)"
2399151.jpg,covering,elephant,327,445,48,36,dirt,56,237,57,91,0,3,481,375,328,113,"(48, 375, 36, 481)","(57, 113, 91, 328)"
2336807.jpg,wearing,beard,22,35,42,463,man,150,52,2,446,0,3,498,64,498,152,"(42, 64, 463, 498)","(2, 152, 446, 498)"
2362001.jpg,walking on,sidewalk,81,364,244,50,person,65,52,207,336,0,3,414,325,388,272,"(244, 325, 50, 414)","(207, 272, 336, 388)"
2398667.jpg,sitting on,head,113,86,27,122,cap,63,88,0,114,1,3,208,140,202,63,"(27, 140, 122, 208)","(0, 63, 114, 202)"
2350622.jpg,wearing,vest,190,126,183,373,boys,290,295,83,203,0,3,499,373,498,373,"(183, 373, 373, 499)","(83, 373, 203, 498)"
1662.jpg,sitting on,bookshelf,388,269,115,161,book,80,33,279,266,1,3,430,503,299,359,"(115, 503, 161, 430)","(279, 359, 266, 299)"
2377675.jpg,sitting on,bench,199,274,66,31,man,316,197,7,137,1,3,305,265,334,323,"(66, 265, 31, 305)","(7, 323, 137, 334)"
4291.jpg,sitting on,floor,116,290,222,112,chair,106,65,136,279,1,3,402,338,344,242,"(222, 338, 112, 402)","(136, 242, 279, 344)"
2353785.jpg,sitting on,table,213,306,162,190,salt,49,22,274,414,1,3,496,375,436,323,"(162, 375, 190, 496)","(274, 323, 414, 436)"
2334824.jpg,covering,floor,99,429,273,1,tile,6,8,348,222,0,3,430,372,230,354,"(273, 372, 1, 430)","(348, 354, 222, 230)"
2401588.jpg,sitting on,sidewalk,94,478,185,21,chair,66,59,147,195,1,3,499,279,254,213,"(185, 279, 21, 499)","(147, 213, 195, 254)"
2358264.jpg,wearing,jacket,120,88,252,161,man,148,132,215,133,0,3,249,372,265,363,"(252, 372, 161, 249)","(215, 363, 133, 265)"
2317144.jpg,sitting on,chairs,41,58,386,287,people,136,272,344,39,1,3,345,427,311,480,"(386, 427, 287, 345)","(344, 480, 39, 311)"
2397590.jpg,standing on,grass,189,495,144,2,zebra,96,119,138,68,0,3,497,333,187,234,"(144, 333, 2, 497)","(138, 234, 68, 187)"
2381760.jpg,sitting on,carpet,231,496,143,3,dog,168,102,206,299,1,3,499,374,401,374,"(143, 374, 3, 499)","(206, 374, 299, 401)"
2413037.jpg,walking on,sidewalk,182,219,97,1,person,36,27,138,111,0,3,220,279,138,174,"(97, 279, 1, 220)","(138, 174, 111, 138)"
1160197.jpg,sitting on,bench,256,552,482,2,men,258,212,424,228,1,3,554,738,440,682,"(482, 738, 2, 554)","(424, 682, 228, 440)"
2347668.jpg,sitting on,bed,143,433,162,66,person,267,142,44,298,1,3,499,305,440,311,"(162, 305, 66, 499)","(44, 311, 298, 440)"
2360885.jpg,sitting on,laptop,285,272,156,10,tray,68,138,295,74,1,3,282,441,212,363,"(156, 441, 10, 282)","(295, 363, 74, 212)"
2403429.jpg,sitting on,blanket,121,126,222,100,boy,387,229,62,103,1,3,226,343,332,449,"(222, 343, 100, 226)","(62, 449, 103, 332)"
2317377.jpg,sitting on,bus,177,203,101,251,people,66,100,198,71,1,3,454,278,171,264,"(101, 278, 251, 454)","(198, 264, 71, 171)"
2411840.jpg,wearing,bracelet,13,36,181,416,man,280,370,37,91,0,3,452,194,461,317,"(181, 194, 416, 452)","(37, 317, 91, 461)"
2390032.jpg,wearing,glasses,52,64,159,86,woman,175,433,99,33,0,3,150,211,466,274,"(159, 211, 86, 150)","(99, 274, 33, 466)"
2400846.jpg,wearing,skirt,63,74,163,251,woman,318,242,48,127,0,3,325,226,369,366,"(163, 226, 251, 325)","(48, 366, 127, 369)"
2341640.jpg,sitting on,wall,86,170,192,42,cup,17,15,202,59,1,3,212,278,74,219,"(192, 278, 42, 212)","(202, 219, 59, 74)"
713831.jpg,wearing,shirt,238,232,260,634,man,325,264,167,593,0,3,866,498,857,492,"(260, 498, 634, 866)","(167, 492, 593, 857)"
2416648.jpg,wearing,glasses,13,48,60,205,man,172,157,30,168,0,3,253,73,325,202,"(60, 73, 205, 253)","(30, 202, 168, 325)"
2406597.jpg,wearing,shoe,53,70,258,97,man,297,248,51,84,0,3,167,311,332,348,"(258, 311, 97, 167)","(51, 348, 84, 332)"
2356088.jpg,sitting on,bus,226,272,75,83,person,14,19,123,281,1,3,355,301,300,137,"(75, 301, 83, 355)","(123, 137, 281, 300)"
2334577.jpg,wearing,hat,73,70,38,3,man,335,70,37,1,0,3,73,111,71,372,"(38, 111, 3, 73)","(37, 372, 1, 71)"
713547.jpg,sitting on,bench,377,655,293,163,people,552,708,100,213,1,3,818,670,921,652,"(293, 670, 163, 818)","(100, 652, 213, 921)"
2378311.jpg,wearing,shirt,22,26,180,300,man,92,40,185,161,0,3,326,202,201,277,"(180, 202, 300, 326)","(185, 277, 161, 201)"
2408922.jpg,wearing,padding,50,28,282,168,player,239,155,92,133,0,3,196,332,288,331,"(282, 332, 168, 196)","(92, 331, 133, 288)"
2348098.jpg,sitting on,table,87,380,282,77,glass,56,59,308,72,1,3,457,369,131,364,"(282, 369, 77, 457)","(308, 364, 72, 131)"
2323486.jpg,carrying,bag,24,26,219,344,woman,120,53,146,344,0,3,370,243,397,266,"(219, 243, 344, 370)","(146, 266, 344, 397)"
2360821.jpg,sitting on,steps,135,481,65,16,person,72,62,16,70,1,3,497,200,132,88,"(65, 200, 16, 497)","(16, 88, 70, 132)"
2374728.jpg,playing,frisbee,26,19,61,299,person,233,121,65,218,0,3,318,87,339,298,"(61, 87, 299, 318)","(65, 298, 218, 339)"
2325224.jpg,sitting on,branch,464,93,32,126,bird,113,123,160,163,1,3,219,496,286,273,"(32, 496, 126, 219)","(160, 273, 163, 286)"
2361954.jpg,sitting on,bench,12,65,87,249,person,23,12,83,264,1,3,314,99,276,106,"(87, 99, 249, 314)","(83, 106, 264, 276)"
2389821.jpg,sitting on,plant,495,426,4,3,bird,205,145,141,117,1,3,429,499,262,346,"(4, 499, 3, 429)","(141, 346, 117, 262)"
2320549.jpg,wearing,helmet,94,133,33,118,guy,351,317,30,0,0,3,251,127,317,381,"(33, 127, 118, 251)","(30, 381, 0, 317)"
2383025.jpg,sitting on,crate,52,33,194,197,man,118,101,86,138,1,3,230,246,239,204,"(194, 246, 197, 230)","(86, 204, 138, 239)"
2350059.jpg,sitting on,curb,16,7,157,492,woman,42,32,126,467,1,3,499,173,499,168,"(157, 173, 492, 499)","(126, 168, 467, 499)"
2401569.jpg,growing on,tree,285,222,171,2,leaf,3,4,277,52,0,3,224,456,56,280,"(171, 456, 2, 224)","(277, 280, 52, 56)"
2409047.jpg,wearing,shirt,4,8,160,216,man,36,24,134,204,0,3,224,164,228,170,"(160, 164, 216, 224)","(134, 170, 204, 228)"
2403111.jpg,riding,wave,181,472,148,12,man,230,178,78,133,0,3,484,329,311,308,"(148, 329, 12, 484)","(78, 308, 133, 311)"
2408788.jpg,sitting on,floor,269,498,105,1,dog,142,124,138,89,1,3,499,374,213,280,"(105, 374, 1, 499)","(138, 280, 89, 213)"
2383696.jpg,sitting on,bench,48,109,253,64,person,29,27,225,98,1,3,173,301,125,254,"(253, 301, 64, 173)","(225, 254, 98, 125)"
2371646.jpg,sitting on,plate,220,375,151,80,ramekin,79,85,220,357,1,3,455,371,442,299,"(151, 371, 80, 455)","(220, 299, 357, 442)"
2347842.jpg,sitting on,bicycle,58,32,105,244,person,231,142,71,92,1,3,276,163,234,302,"(105, 163, 244, 276)","(71, 302, 92, 234)"
2364028.jpg,wearing,scarf,118,72,42,378,woman,234,235,44,264,0,3,450,160,499,278,"(42, 160, 378, 450)","(44, 278, 264, 499)"
2389565.jpg,sitting on,table,199,202,225,29,cake,39,47,316,84,1,3,231,424,131,355,"(225, 424, 29, 231)","(316, 355, 84, 131)"
1591990.jpg,wearing,sweater,135,113,296,714,woman,389,197,236,634,0,3,827,431,831,625,"(296, 431, 714, 827)","(236, 625, 634, 831)"
1592949.jpg,sitting on,motorcycle,61,125,374,30,person,67,52,341,52,1,3,155,435,104,408,"(374, 435, 30, 155)","(341, 408, 52, 104)"
2373731.jpg,sitting on,ground,207,477,119,20,child,149,157,93,71,1,3,497,326,228,242,"(119, 326, 20, 497)","(93, 242, 71, 228)"
2342344.jpg,sitting on,apple,47,30,202,195,bananas,96,73,58,358,1,3,225,249,431,154,"(202, 249, 195, 225)","(58, 154, 358, 431)"
2346688.jpg,sitting on,table,15,41,219,126,flowers,19,30,200,133,1,3,167,234,163,219,"(219, 234, 126, 167)","(200, 219, 133, 163)"
2339235.jpg,wearing,skirt,39,65,331,200,woman,264,121,207,180,0,3,265,370,301,471,"(331, 370, 200, 265)","(207, 471, 180, 301)"
2356614.jpg,wearing,gear,175,268,24,176,person,114,179,25,220,0,3,444,199,399,139,"(24, 199, 176, 444)","(25, 139, 220, 399)"
2329777.jpg,sitting on,desk,438,199,59,133,purse,62,84,147,165,1,3,332,497,249,209,"(59, 497, 133, 332)","(147, 209, 165, 249)"
2346187.jpg,riding,skateboard,66,201,424,51,male,347,188,139,79,0,3,252,490,267,486,"(424, 490, 51, 252)","(139, 486, 79, 267)"
2390528.jpg,sitting on,chair,215,111,199,95,woman,306,200,163,106,1,3,206,414,306,469,"(199, 414, 95, 206)","(163, 469, 106, 306)"
2348109.jpg,wearing,shoes,56,211,325,67,batter,306,214,75,67,0,3,278,381,281,381,"(325, 381, 67, 278)","(75, 381, 67, 281)"
2390885.jpg,wearing,shirt,40,19,292,169,person,55,32,276,163,0,3,188,332,195,331,"(292, 332, 169, 188)","(276, 331, 163, 195)"
2390355.jpg,wearing,pants,48,22,254,202,man,91,23,215,202,0,3,224,302,225,306,"(254, 302, 202, 224)","(215, 306, 202, 225)"
2395663.jpg,wearing,helmet,30,19,113,305,person,59,70,97,254,0,3,324,143,324,156,"(113, 143, 305, 324)","(97, 156, 254, 324)"
2403113.jpg,growing on,ground,212,496,121,4,grass,19,47,276,168,0,3,500,333,215,295,"(121, 333, 4, 500)","(276, 295, 168, 215)"
2409323.jpg,painted on,plane,298,498,11,1,pattern,98,378,100,78,0,3,499,309,456,198,"(11, 309, 1, 499)","(100, 198, 78, 456)"
100.jpg,sitting on,table,61,45,389,200,system,213,313,246,0,1,3,245,450,313,459,"(389, 450, 200, 245)","(246, 459, 0, 313)"
2358005.jpg,wearing,glasses,8,20,140,11,woman,129,44,132,0,0,3,31,148,44,261,"(140, 148, 11, 31)","(132, 261, 0, 44)"
2316761.jpg,sitting on,bench,93,322,280,1,bag,135,137,213,308,1,3,323,373,445,348,"(280, 373, 1, 323)","(213, 348, 308, 445)"
2324382.jpg,sitting on,tub,110,196,210,61,soap,23,10,195,228,1,3,257,320,238,218,"(210, 320, 61, 257)","(195, 218, 228, 238)"
2323287.jpg,wearing,mitt,29,25,185,16,catcher,99,47,156,2,0,3,41,214,49,255,"(185, 214, 16, 41)","(156, 255, 2, 49)"
2382600.jpg,wearing,jeans,26,8,203,45,person,41,9,189,44,0,3,53,229,53,230,"(203, 229, 45, 53)","(189, 230, 44, 53)"
2358439.jpg,sitting on,table,291,500,77,0,phone,47,31,249,345,1,3,500,368,376,296,"(77, 368, 0, 500)","(249, 296, 345, 376)"
2372999.jpg,sitting on,chair,60,38,88,255,person,82,35,61,253,1,3,293,148,288,143,"(88, 148, 255, 293)","(61, 143, 253, 288)"
2374763.jpg,hanging from,tree,32,44,44,100,scale,62,49,170,158,0,3,144,76,207,232,"(44, 76, 100, 144)","(170, 232, 158, 207)"
2375800.jpg,sitting on,scooters,138,347,89,100,guys,136,340,89,102,1,3,447,227,442,225,"(89, 227, 100, 447)","(89, 225, 102, 442)"
2392910.jpg,sitting on,seat,124,99,0,304,woman,93,176,0,227,1,3,403,124,403,93,"(0, 124, 304, 403)","(0, 93, 227, 403)"
2380390.jpg,wearing,clothes,38,25,156,255,man,99,72,143,223,0,3,280,194,295,242,"(156, 194, 255, 280)","(143, 242, 223, 295)"
86.jpg,sitting on,train,302,358,23,58,person,179,110,182,68,1,3,416,325,178,361,"(23, 325, 58, 416)","(182, 361, 68, 178)"
2403458.jpg,wearing,boot,49,28,173,271,snowboarder,222,272,71,108,0,3,299,222,380,293,"(173, 222, 271, 299)","(71, 293, 108, 380)"
2399472.jpg,sitting on,beach,287,329,213,2,toddler,14,12,216,181,1,3,331,500,193,230,"(213, 500, 2, 331)","(216, 230, 181, 193)"
2347793.jpg,sitting on,bike,63,49,128,371,person,60,28,76,386,1,3,420,191,414,136,"(128, 191, 371, 420)","(76, 136, 386, 414)"
2337677.jpg,eating,grass,29,497,107,1,cow,24,46,91,46,0,3,498,136,92,115,"(107, 136, 1, 498)","(91, 115, 46, 92)"
2368850.jpg,sitting on,hood,35,112,157,82,cat,30,31,155,138,1,3,194,192,169,185,"(157, 192, 82, 194)","(155, 185, 138, 169)"
2391621.jpg,wearing,sandals,27,45,244,172,girl,153,109,116,108,0,3,217,271,217,269,"(244, 271, 172, 217)","(116, 269, 108, 217)"
2383991.jpg,sitting on,box,48,103,81,366,picture,78,105,9,353,1,3,469,129,458,87,"(81, 129, 366, 469)","(9, 87, 353, 458)"
2374068.jpg,sitting on,floor,193,317,305,39,shoes,77,79,420,17,1,3,356,498,96,497,"(305, 498, 39, 356)","(420, 497, 17, 96)"
2382134.jpg,sitting on,hill,188,499,123,0,tree,19,30,170,388,1,3,499,311,418,189,"(123, 311, 0, 499)","(170, 189, 388, 418)"
2408420.jpg,wearing,jacket,180,119,156,28,man,257,155,78,31,0,3,147,336,186,335,"(156, 336, 28, 147)","(78, 335, 31, 186)"
2391818.jpg,sitting on,elephant,162,264,115,157,man,179,148,43,169,1,3,421,277,317,222,"(115, 277, 157, 421)","(43, 222, 169, 317)"
2388870.jpg,wearing,shirt,114,64,209,215,woman,253,198,122,161,0,3,279,323,359,375,"(209, 323, 215, 279)","(122, 375, 161, 359)"
2367912.jpg,wearing,tie,126,27,95,210,man,297,156,23,149,0,3,237,221,305,320,"(95, 221, 210, 237)","(23, 320, 149, 305)"
2316776.jpg,parked on,roadside,17,29,357,414,car,30,22,329,409,0,3,443,374,431,359,"(357, 374, 414, 443)","(329, 359, 409, 431)"
2385919.jpg,says,metro,8,25,165,372,sign,9,37,165,369,0,3,397,173,406,174,"(165, 173, 372, 397)","(165, 174, 369, 406)"
2385129.jpg,wearing,helmet,88,111,41,58,player,269,296,29,41,0,3,169,129,337,298,"(41, 129, 58, 169)","(29, 298, 41, 337)"
2356959.jpg,wearing,boot,32,9,154,174,woman,115,35,72,159,0,3,183,186,194,187,"(154, 186, 174, 183)","(72, 187, 159, 194)"
2347398.jpg,sitting on,grass,110,496,142,2,man,57,80,118,86,1,3,498,252,166,175,"(142, 252, 2, 498)","(118, 175, 86, 166)"
2339489.jpg,sitting on,trolley,111,192,131,36,child,32,21,112,127,1,3,228,242,148,144,"(131, 242, 36, 228)","(112, 144, 127, 148)"
2360705.jpg,carrying,phone,21,17,139,221,woman,322,160,24,168,0,3,238,160,328,346,"(139, 160, 221, 238)","(24, 346, 168, 328)"
2416298.jpg,sitting on,elephant,53,48,172,359,woman,22,15,158,368,1,3,407,225,383,180,"(172, 225, 359, 407)","(158, 180, 368, 383)"
2362872.jpg,sitting on,bed,238,133,255,242,people,211,115,190,259,1,3,375,493,374,401,"(255, 493, 242, 375)","(190, 401, 259, 374)"
2373285.jpg,wearing,hat,15,15,194,71,man,69,25,188,64,0,3,86,209,89,257,"(194, 209, 71, 86)","(188, 257, 64, 89)"
2371601.jpg,wearing,tie,38,16,91,185,man,481,152,11,127,0,3,201,129,279,492,"(91, 129, 185, 201)","(11, 492, 127, 279)"
2361128.jpg,sitting on,beach,325,494,3,2,man,150,236,94,207,1,3,496,328,443,244,"(3, 328, 2, 496)","(94, 244, 207, 443)"
2372773.jpg,sitting on,bench,316,294,159,37,man,314,308,113,19,1,3,331,475,327,427,"(159, 475, 37, 331)","(113, 427, 19, 327)"
2405740.jpg,riding,bike,84,75,247,326,kid,92,68,199,328,0,3,401,331,396,291,"(247, 331, 326, 401)","(199, 291, 328, 396)"
2411106.jpg,painted on,ceiling,103,352,0,103,clouds,71,201,10,224,0,3,455,103,425,81,"(0, 103, 103, 455)","(10, 81, 224, 425)"
1592659.jpg,sitting on,blankets,16,80,668,241,people,33,76,642,247,1,3,321,684,323,675,"(668, 684, 241, 321)","(642, 675, 247, 323)"
2384699.jpg,sitting on,cart,12,33,136,13,man,5,9,130,22,1,3,46,148,31,135,"(136, 148, 13, 46)","(130, 135, 22, 31)"
2334945.jpg,wearing,pants,76,83,120,148,boy,109,136,101,125,0,3,231,196,261,210,"(120, 196, 148, 231)","(101, 210, 125, 261)"
2348059.jpg,sitting on,couch,102,127,114,11,pillow,49,54,134,32,1,3,138,216,86,183,"(114, 216, 11, 138)","(134, 183, 32, 86)"
1159354.jpg,wearing,tie,99,64,266,405,man,471,178,208,349,0,3,469,365,527,679,"(266, 365, 405, 469)","(208, 679, 349, 527)"
2342216.jpg,wearing,jeans,140,65,182,309,woman,210,83,112,303,0,3,374,322,386,322,"(182, 322, 309, 374)","(112, 322, 303, 386)"
2374977.jpg,eating,pizza,145,262,205,113,man,225,160,0,0,0,3,375,350,160,225,"(205, 350, 113, 375)","(0, 225, 0, 160)"
2355400.jpg,sitting on,bookshelf,185,328,189,0,cat,201,158,49,194,1,3,328,374,352,250,"(189, 374, 0, 328)","(49, 250, 194, 352)"
1592800.jpg,wearing,jacket,228,219,322,93,man,228,219,322,93,0,3,312,550,312,550,"(322, 550, 93, 312)","(322, 550, 93, 312)"
2352628.jpg,sitting on,bench,13,26,117,238,person,32,22,89,193,1,3,264,130,215,121,"(117, 130, 238, 264)","(89, 121, 193, 215)"
2396521.jpg,wearing,hat,14,14,183,222,woman,67,41,183,207,0,3,236,197,248,250,"(183, 197, 222, 236)","(183, 250, 207, 248)"
2334004.jpg,sitting on,elephant,333,329,162,3,lady,239,99,35,225,1,3,332,495,324,274,"(162, 495, 3, 332)","(35, 274, 225, 324)"
2345023.jpg,wearing,pants,103,79,295,179,man,290,112,150,154,0,3,258,398,266,440,"(295, 398, 179, 258)","(150, 440, 154, 266)"
2324528.jpg,sitting on,table,322,483,6,5,plate,192,185,56,252,1,3,488,328,437,248,"(6, 328, 5, 488)","(56, 248, 252, 437)"
2334857.jpg,walking on,road,149,215,146,131,sheep,15,17,211,463,0,3,346,295,480,226,"(146, 295, 131, 346)","(211, 226, 463, 480)"
2354549.jpg,playing,basketball,47,40,187,55,girl,73,60,87,90,0,3,95,234,150,160,"(187, 234, 55, 95)","(87, 160, 90, 150)"
2416810.jpg,wearing,hat,40,50,136,181,bear,98,53,133,190,0,3,231,176,243,231,"(136, 176, 181, 231)","(133, 231, 190, 243)"
2398348.jpg,sitting on,floor,222,418,153,3,girl,193,159,162,85,1,3,421,375,244,355,"(153, 375, 3, 421)","(162, 355, 85, 244)"
2371741.jpg,sitting on,runway,203,499,50,0,plane,152,415,86,68,1,3,499,253,483,238,"(50, 253, 0, 499)","(86, 238, 68, 483)"
2378812.jpg,wearing,helmet,13,14,118,234,batter,69,44,119,208,0,3,248,131,252,188,"(118, 131, 234, 248)","(119, 188, 208, 252)"
2391716.jpg,sitting on,couch,255,448,119,50,baby,125,106,176,165,1,3,498,374,271,301,"(119, 374, 50, 498)","(176, 301, 165, 271)"
2403534.jpg,riding,wave,308,435,24,64,surfer,59,72,149,217,0,3,499,332,289,208,"(24, 332, 64, 499)","(149, 208, 217, 289)"
2358456.jpg,sitting on,chair,162,161,21,337,bag,140,158,21,338,1,3,498,183,496,161,"(21, 183, 337, 498)","(21, 161, 338, 496)"
2330073.jpg,sitting on,tarmac,61,483,147,1,plane,148,474,36,10,1,3,484,208,484,184,"(147, 208, 1, 484)","(36, 184, 10, 484)"
2376838.jpg,sitting on,shelf,8,90,73,243,box,51,47,22,289,1,3,333,81,336,73,"(73, 81, 243, 333)","(22, 73, 289, 336)"
2413762.jpg,wearing,sock,11,8,237,347,person,124,50,148,331,0,3,355,248,381,272,"(237, 248, 347, 355)","(148, 272, 331, 381)"
2379759.jpg,sitting on,table,50,233,324,265,man,357,216,16,1,1,3,498,374,217,373,"(324, 374, 265, 498)","(16, 373, 1, 217)"
2403019.jpg,wearing,coat,169,203,174,37,girl,252,237,92,2,0,3,240,343,239,344,"(174, 343, 37, 240)","(92, 344, 2, 239)"
2366661.jpg,walking in,ocean,209,499,121,0,man,84,69,158,204,0,3,499,330,273,242,"(121, 330, 0, 499)","(158, 242, 204, 273)"
2374203.jpg,parked on,road,51,151,106,348,suv,53,111,35,189,0,3,499,157,300,88,"(106, 157, 348, 499)","(35, 88, 189, 300)"
2355385.jpg,sitting on,seats,140,397,111,1,people,162,397,92,0,1,3,398,251,397,254,"(111, 251, 1, 398)","(92, 254, 0, 397)"
2358251.jpg,wearing,socks,53,44,229,246,boy,252,102,44,207,0,3,290,282,309,296,"(229, 282, 246, 290)","(44, 296, 207, 309)"
2350483.jpg,riding,skateboard,53,121,381,3,man,366,140,46,4,0,3,124,434,144,412,"(381, 434, 3, 124)","(46, 412, 4, 144)"
2393184.jpg,sitting on,table,95,241,405,0,tray,66,236,417,28,1,3,241,500,264,483,"(405, 500, 0, 241)","(417, 483, 28, 264)"
2327291.jpg,covered in,cloud,41,67,274,134,sky,441,322,2,1,0,3,201,315,323,443,"(274, 315, 134, 201)","(2, 443, 1, 323)"
2403796.jpg,wearing,jacket,293,261,168,112,man,408,300,90,72,0,3,373,461,372,498,"(168, 461, 112, 373)","(90, 498, 72, 372)"
1510.jpg,sitting on,concrete,71,672,437,28,bench,91,113,404,100,1,3,700,508,213,495,"(437, 508, 28, 700)","(404, 495, 100, 213)"
2344195.jpg,sitting on,floor,164,495,208,0,cat,227,283,81,152,1,3,495,372,435,308,"(208, 372, 0, 495)","(81, 308, 152, 435)"
2354766.jpg,using,parasail,73,50,38,384,person,21,17,261,78,0,3,434,111,95,282,"(38, 111, 384, 434)","(261, 282, 78, 95)"
2374901.jpg,wearing,cap,46,41,1,127,child,153,103,1,66,0,3,168,47,169,154,"(1, 47, 127, 168)","(1, 154, 66, 169)"
2341652.jpg,sitting on,motorcycle,132,269,249,47,man,242,71,180,160,1,3,316,381,231,422,"(249, 381, 47, 316)","(180, 422, 160, 231)"
2408209.jpg,wearing,jersey,103,103,92,4,man,229,103,43,6,0,3,107,195,109,272,"(92, 195, 4, 107)","(43, 272, 6, 109)"
2368107.jpg,wearing,top,22,36,125,423,woman,119,41,106,418,0,3,459,147,459,225,"(125, 147, 423, 459)","(106, 225, 418, 459)"
2359290.jpg,growing on,tree,218,71,228,0,leaves,179,73,237,4,0,3,71,446,77,416,"(228, 446, 0, 71)","(237, 416, 4, 77)"
2416973.jpg,sitting on,table,83,155,174,111,cup,13,17,185,218,1,3,266,257,235,198,"(174, 257, 111, 266)","(185, 198, 218, 235)"
2370257.jpg,wearing,shirt,107,97,50,351,boy,294,114,11,349,0,3,448,157,463,305,"(50, 157, 351, 448)","(11, 305, 349, 463)"
2411388.jpg,wearing,pants,179,104,217,93,woman,379,169,56,66,0,3,197,396,235,435,"(217, 396, 93, 197)","(56, 435, 66, 235)"
2342871.jpg,sitting on,ground,217,498,115,1,cone,36,21,243,393,1,3,499,332,414,279,"(115, 332, 1, 499)","(243, 279, 393, 414)"
713711.jpg,sitting on,bookshelf,582,188,4,809,book,104,21,162,906,1,3,997,586,927,266,"(4, 586, 809, 997)","(162, 266, 906, 927)"
2382401.jpg,wearing,harness,23,40,333,236,man,231,264,247,168,0,3,276,356,432,478,"(333, 356, 236, 276)","(247, 478, 168, 432)"
2398950.jpg,sitting on,bed,153,268,274,4,girl,171,68,256,117,1,3,272,427,185,427,"(274, 427, 4, 272)","(256, 427, 117, 185)"
1159701.jpg,wearing,shirt,272,273,187,155,woman,390,273,68,155,0,3,428,459,428,458,"(187, 459, 155, 428)","(68, 458, 155, 428)"
2388224.jpg,sitting on,skateboard,142,388,326,108,children,387,337,2,124,1,3,496,468,461,389,"(326, 468, 108, 496)","(2, 389, 124, 461)"
2405385.jpg,wearing,tie,18,9,148,105,man,117,37,128,89,0,3,114,166,126,245,"(148, 166, 105, 114)","(128, 245, 89, 126)"
2338930.jpg,sitting on,plate,53,90,409,273,knife,55,26,410,310,1,3,363,462,336,465,"(409, 462, 273, 363)","(410, 465, 310, 336)"
2338059.jpg,sitting on,counter,83,244,289,2,rag,61,89,311,81,1,3,246,372,170,372,"(289, 372, 2, 246)","(311, 372, 81, 170)"
2416156.jpg,sitting on,bench,138,60,84,438,girl,224,191,39,307,1,3,498,222,498,263,"(84, 222, 438, 498)","(39, 263, 307, 498)"
2319779.jpg,sitting on,couch,308,499,58,1,dog,255,199,82,126,1,3,500,366,325,337,"(58, 366, 1, 500)","(82, 337, 126, 325)"
2412238.jpg,wearing,shirt,32,41,220,447,person,91,53,209,435,0,3,488,252,488,300,"(220, 252, 447, 488)","(209, 300, 435, 488)"
2393931.jpg,sitting on,lap,59,118,151,95,baby,143,246,67,4,1,3,213,210,250,210,"(151, 210, 95, 213)","(67, 210, 4, 250)"
2393352.jpg,sitting on,rock,75,205,300,4,boy,189,138,184,21,1,3,209,375,159,373,"(300, 375, 4, 209)","(184, 373, 21, 159)"
2405112.jpg,sitting on,desk,178,455,196,0,keyboard,41,132,272,171,1,3,455,374,303,313,"(196, 374, 0, 455)","(272, 313, 171, 303)"
2363904.jpg,sitting on,snow,272,497,100,1,person,22,39,107,128,1,3,498,372,167,129,"(100, 372, 1, 498)","(107, 129, 128, 167)"
2358483.jpg,sitting on,benches,156,233,50,99,people,160,232,46,100,1,3,332,206,332,206,"(50, 206, 99, 332)","(46, 206, 100, 332)"
2400707.jpg,painted on,road,139,499,194,0,lines,30,60,279,351,0,3,499,333,411,309,"(194, 333, 0, 499)","(279, 309, 351, 411)"
2400913.jpg,sitting on,table,60,330,440,1,vase,141,103,333,93,1,3,331,500,196,474,"(440, 500, 1, 331)","(333, 474, 93, 196)"
2361301.jpg,sitting on,floor,27,13,263,2,bag,55,42,217,12,1,3,15,290,54,272,"(263, 290, 2, 15)","(217, 272, 12, 54)"
2317564.jpg,wearing,hat,155,179,19,175,man,312,225,18,147,0,3,354,174,372,330,"(19, 174, 175, 354)","(18, 330, 147, 372)"
2331017.jpg,wearing,shoe,35,28,267,234,man,272,157,37,235,0,3,262,302,392,309,"(267, 302, 234, 262)","(37, 309, 235, 392)"
2366450.jpg,walking on,path,69,88,183,290,sheep,50,57,255,195,0,3,378,252,252,305,"(183, 252, 290, 378)","(255, 305, 195, 252)"
2345470.jpg,wearing,pants,103,81,122,157,juggler,225,87,8,153,0,3,238,225,240,233,"(122, 225, 157, 238)","(8, 233, 153, 240)"
2325525.jpg,wearing,jacket,42,62,134,143,man,120,90,116,141,0,3,205,176,231,236,"(134, 176, 143, 205)","(116, 236, 141, 231)"
2398116.jpg,sitting on,water,312,500,44,0,seagull,7,9,63,2,1,3,500,356,11,70,"(44, 356, 0, 500)","(63, 70, 2, 11)"
2386233.jpg,sitting on,bench,18,22,192,423,people,20,22,183,419,1,3,445,210,441,203,"(192, 210, 423, 445)","(183, 203, 419, 441)"
2377685.jpg,wearing,shorts,34,32,219,237,man,88,55,196,218,0,3,269,253,273,284,"(219, 253, 237, 269)","(196, 284, 218, 273)"
2366565.jpg,sitting on,ground,98,119,229,192,kid,36,45,223,211,1,3,311,327,256,259,"(229, 327, 192, 311)","(223, 259, 211, 256)"
2342312.jpg,wearing,lanyard,36,23,240,99,man,55,48,221,82,0,3,122,276,130,276,"(240, 276, 99, 122)","(221, 276, 82, 130)"
2371881.jpg,wearing,pants,25,15,319,451,girl,45,19,301,451,0,3,466,344,470,346,"(319, 344, 451, 466)","(301, 346, 451, 470)"
2349063.jpg,sitting on,shelf,48,117,223,269,object,166,63,60,305,1,3,386,271,368,226,"(223, 271, 269, 386)","(60, 226, 305, 368)"
2352122.jpg,sitting on,ground,65,230,294,80,dog,113,94,182,305,1,3,310,359,399,295,"(294, 359, 80, 310)","(182, 295, 305, 399)"
2411621.jpg,wearing,hat,29,27,81,192,woman,180,94,81,140,0,3,219,110,234,261,"(81, 110, 192, 219)","(81, 261, 140, 234)"
2407875.jpg,wearing,glasses,26,53,169,97,kid,160,154,120,60,0,3,150,195,214,280,"(169, 195, 97, 150)","(120, 280, 60, 214)"
2415583.jpg,wearing,clothes,65,37,140,190,person,183,73,114,167,0,3,227,205,240,297,"(140, 205, 190, 227)","(114, 297, 167, 240)"
2369302.jpg,wearing,helmet,49,68,57,136,man,271,454,60,44,0,3,204,106,498,331,"(57, 106, 136, 204)","(60, 331, 44, 498)"
894.jpg,sitting on,wall,110,638,367,0,people,48,290,243,74,1,3,638,477,364,291,"(367, 477, 0, 638)","(243, 291, 74, 364)"
2360165.jpg,sitting on,bench,42,68,209,2,man,74,35,186,7,1,3,70,251,42,260,"(209, 251, 2, 70)","(186, 260, 7, 42)"
2396071.jpg,sitting on,wall,52,330,193,1,person,20,11,187,291,1,3,331,245,302,207,"(193, 245, 1, 331)","(187, 207, 291, 302)"
2385707.jpg,wearing,shirt,13,35,98,127,man,36,50,78,110,0,3,162,111,160,114,"(98, 111, 127, 162)","(78, 114, 110, 160)"
2398786.jpg,sitting on,ground,239,498,135,1,kitten,81,58,163,258,1,3,499,374,316,244,"(135, 374, 1, 499)","(163, 244, 258, 316)"
2354004.jpg,sitting on,bed,145,497,354,1,books,23,36,402,463,1,3,498,499,499,425,"(354, 499, 1, 498)","(402, 425, 463, 499)"
2347237.jpg,sitting on,table,15,181,358,263,bottle,71,38,302,385,1,3,444,373,423,373,"(358, 373, 263, 444)","(302, 373, 385, 423)"
2380559.jpg,sitting on,bench,222,400,109,32,man,322,203,10,209,1,3,432,331,412,332,"(109, 331, 32, 432)","(10, 332, 209, 412)"
2360566.jpg,sitting on,bench,38,85,117,25,player,84,36,97,46,1,3,110,155,82,181,"(117, 155, 25, 110)","(97, 181, 46, 82)"
2402544.jpg,wearing,shirt,48,30,85,123,man,80,37,64,124,0,3,153,133,161,144,"(85, 133, 123, 153)","(64, 144, 124, 161)"
2356443.jpg,sitting on,sidewalk,25,498,305,0,skateboard,19,130,297,209,1,3,498,330,339,316,"(305, 330, 0, 498)","(297, 316, 209, 339)"
2328854.jpg,wearing,tie,242,111,107,136,boy,373,300,0,59,0,3,247,349,359,373,"(107, 349, 136, 247)","(0, 373, 59, 359)"
2343029.jpg,wearing,coat,60,53,0,164,person,92,60,0,161,0,3,217,60,221,92,"(0, 60, 164, 217)","(0, 92, 161, 221)"
2404211.jpg,sitting on,grass,231,497,101,2,woman,95,93,179,84,1,3,499,332,177,274,"(101, 332, 2, 499)","(179, 274, 84, 177)"
2364771.jpg,wearing,gray,67,29,395,259,person,84,32,383,256,0,3,288,462,288,467,"(395, 462, 259, 288)","(383, 467, 256, 288)"
2363659.jpg,hanging from,window,293,69,1,2,bag,57,13,137,0,0,3,71,294,13,194,"(1, 294, 2, 71)","(137, 194, 0, 13)"
2347425.jpg,sitting on,bleachers,74,473,5,25,people,58,493,1,0,1,3,498,79,493,59,"(5, 79, 25, 498)","(1, 59, 0, 493)"
713450.jpg,sitting on,bench,318,519,447,0,woman,361,238,405,2,1,3,519,765,240,766,"(447, 765, 0, 519)","(405, 766, 2, 240)"
2386256.jpg,sitting on,table,78,279,375,2,vase,267,148,137,64,1,3,281,453,212,404,"(375, 453, 2, 281)","(137, 404, 64, 212)"
2352165.jpg,wearing,t-shirt,29,27,36,383,kid,42,35,21,378,0,3,410,65,413,63,"(36, 65, 383, 410)","(21, 63, 378, 413)"
4918.jpg,sitting on,bed,64,70,117,242,pillow,17,26,129,287,1,3,312,181,313,146,"(117, 181, 242, 312)","(129, 146, 287, 313)"
713584.jpg,wearing,sandals,39,65,733,406,man,322,186,450,289,0,3,471,772,475,772,"(733, 772, 406, 471)","(450, 772, 289, 475)"
2413278.jpg,covered in,brick,52,67,135,12,ground,399,499,1,0,0,3,79,187,499,400,"(135, 187, 12, 79)","(1, 400, 0, 499)"
2390856.jpg,sitting on,boat,135,403,136,41,person,62,43,145,249,1,3,444,271,292,207,"(136, 271, 41, 444)","(145, 207, 249, 292)"
2411034.jpg,sitting on,beach,54,483,278,15,child,14,15,304,116,1,3,498,332,131,318,"(278, 332, 15, 498)","(304, 318, 116, 131)"
2352251.jpg,sitting on,chair,28,35,160,383,man,110,70,157,218,1,3,418,188,288,267,"(160, 188, 383, 418)","(157, 267, 218, 288)"
2338177.jpg,wearing,pants,98,40,151,313,man,172,58,85,306,0,3,353,249,364,257,"(151, 249, 313, 353)","(85, 257, 306, 364)"
2355023.jpg,sitting on,luggage,65,43,208,206,girl,133,53,139,217,1,3,249,273,270,272,"(208, 273, 206, 249)","(139, 272, 217, 270)"
1159362.jpg,wearing,glasses,18,40,330,592,man,234,180,308,579,0,3,632,348,759,542,"(330, 348, 592, 632)","(308, 542, 579, 759)"
2352935.jpg,carrying,tray,10,67,337,226,man,231,87,259,231,0,3,293,347,318,490,"(337, 347, 226, 293)","(259, 490, 231, 318)"
2409711.jpg,carrying,wakeboard,52,81,190,163,woman,214,80,128,189,0,3,244,242,269,342,"(190, 242, 163, 244)","(128, 342, 189, 269)"
2409497.jpg,says,venus,36,66,296,56,plaque,57,120,282,31,0,3,122,332,151,339,"(296, 332, 56, 122)","(282, 339, 31, 151)"
2409756.jpg,sitting on,table,11,38,321,331,ashtray,17,25,360,349,1,3,369,332,374,377,"(321, 332, 331, 369)","(360, 377, 349, 374)"
2374460.jpg,sitting on,couch,86,171,245,52,pillow,73,162,203,87,1,3,223,331,249,276,"(245, 331, 52, 223)","(203, 276, 87, 249)"
2330087.jpg,wearing,helmet,49,59,67,167,man,263,200,66,73,0,3,226,116,273,329,"(67, 116, 167, 226)","(66, 329, 73, 273)"
2397718.jpg,sitting on,shore,54,217,269,280,rock,23,29,281,385,1,3,497,323,414,304,"(269, 323, 280, 497)","(281, 304, 385, 414)"
2387755.jpg,riding,bike,179,143,137,10,man,259,134,4,14,0,3,153,316,148,263,"(137, 316, 10, 153)","(4, 263, 14, 148)"
2379641.jpg,sitting on,lap,88,143,182,304,laptop,99,171,166,308,1,3,447,270,479,265,"(182, 270, 304, 447)","(166, 265, 308, 479)"
2336135.jpg,sitting on,elephant,226,121,105,305,daughter,66,27,39,352,1,3,426,331,379,105,"(105, 331, 305, 426)","(39, 105, 352, 379)"
2413533.jpg,wearing,necklace,48,56,163,300,bride,263,145,68,258,0,3,356,211,403,331,"(163, 211, 300, 356)","(68, 331, 258, 403)"
2336535.jpg,mounted on,wall,468,238,1,135,bar,72,100,257,118,0,3,373,469,218,329,"(1, 469, 135, 373)","(257, 329, 118, 218)"
2363218.jpg,sitting on,counter,248,373,251,1,plate,166,285,312,38,1,3,374,499,323,478,"(251, 499, 1, 374)","(312, 478, 38, 323)"
2377704.jpg,sitting on,bench,18,41,117,191,man,25,16,104,193,1,3,232,135,209,129,"(117, 135, 191, 232)","(104, 129, 193, 209)"
2338787.jpg,sitting on,grass,105,497,227,2,person,29,20,238,204,1,3,499,332,224,267,"(227, 332, 2, 499)","(238, 267, 204, 224)"
2364454.jpg,sitting on,counter,92,94,229,167,plant,49,51,217,189,1,3,261,321,240,266,"(229, 321, 167, 261)","(217, 266, 189, 240)"
2377864.jpg,sitting on,chair,426,372,74,3,dog,251,146,164,43,1,3,375,500,189,415,"(74, 500, 3, 375)","(164, 415, 43, 189)"
2334219.jpg,eating,hay,63,180,271,320,giraffe,280,341,35,103,0,3,500,334,444,315,"(271, 334, 320, 500)","(35, 315, 103, 444)"
2392815.jpg,covered in,sunflower,68,63,79,165,notebook,270,240,78,1,0,3,228,147,241,348,"(79, 147, 165, 228)","(78, 348, 1, 241)"
2357323.jpg,painted on,road,60,29,270,272,line,12,23,305,279,0,3,301,330,302,317,"(270, 330, 272, 301)","(305, 317, 279, 302)"
2341284.jpg,sitting on,field,63,496,268,0,person,22,19,277,174,1,3,496,331,193,299,"(268, 331, 0, 496)","(277, 299, 174, 193)"
2412335.jpg,sitting on,bag,251,493,81,6,cat,203,299,112,104,1,3,499,332,403,315,"(81, 332, 6, 499)","(112, 315, 104, 403)"
2382124.jpg,wearing,sweater,101,139,183,255,girl,181,187,106,218,0,3,394,284,405,287,"(183, 284, 255, 394)","(106, 287, 218, 405)"
2381707.jpg,covering,foot,15,33,385,187,sandal,17,36,385,185,0,3,220,400,221,402,"(385, 400, 187, 220)","(385, 402, 185, 221)"
2408330.jpg,sitting on,grass,374,499,0,0,girl,344,232,21,23,1,3,499,374,255,365,"(0, 374, 0, 499)","(21, 365, 23, 255)"
2340171.jpg,wearing,pants,19,60,120,228,boy,90,58,66,238,0,3,288,139,296,156,"(120, 139, 228, 288)","(66, 156, 238, 296)"
2396720.jpg,sitting on,motorcycle,213,496,146,2,man,251,152,109,257,1,3,498,359,409,360,"(146, 359, 2, 498)","(109, 360, 257, 409)"
2399537.jpg,sitting on,field,312,499,43,0,person,35,15,60,480,1,3,499,355,495,95,"(43, 355, 0, 499)","(60, 95, 480, 495)"
2412421.jpg,hanging from,post,6,17,213,436,sign,28,22,189,432,0,3,453,219,454,217,"(213, 219, 436, 453)","(189, 217, 432, 454)"
2369892.jpg,riding,horse,129,85,177,158,woman,52,57,131,170,0,3,243,306,227,183,"(177, 306, 158, 243)","(131, 183, 170, 227)"
2386027.jpg,wearing,shoe,14,11,115,466,man,104,40,25,446,0,3,477,129,486,129,"(115, 129, 466, 477)","(25, 129, 446, 486)"
2322256.jpg,wearing,shoes,28,83,338,34,man,355,117,13,5,0,3,117,366,122,368,"(338, 366, 34, 117)","(13, 368, 5, 122)"
2377256.jpg,sitting on,bench,52,35,240,111,people,79,53,212,79,1,3,146,292,132,291,"(240, 292, 111, 146)","(212, 291, 79, 132)"
2383513.jpg,wearing,shoes,15,37,271,3,umpire,176,81,114,1,0,3,40,286,82,290,"(271, 286, 3, 40)","(114, 290, 1, 82)"
2370343.jpg,wearing,visor,22,46,154,128,man,115,105,154,110,0,3,174,176,215,269,"(154, 176, 128, 174)","(154, 269, 110, 215)"
2353827.jpg,sitting on,floor,68,60,270,434,bag,100,123,261,148,1,3,494,338,271,361,"(270, 338, 434, 494)","(261, 361, 148, 271)"
2387592.jpg,sitting on,bench,65,53,285,216,man,210,137,101,177,1,3,269,350,314,311,"(285, 350, 216, 269)","(101, 311, 177, 314)"
2411811.jpg,hanging from,ceiling,137,499,1,1,sign,22,99,143,167,0,3,500,138,266,165,"(1, 138, 1, 500)","(143, 165, 167, 266)"
2369229.jpg,covering,ground,79,456,137,39,grass,7,30,96,206,0,3,495,216,236,103,"(137, 216, 39, 495)","(96, 103, 206, 236)"
2329944.jpg,walking in,sand,152,456,218,0,horses,125,154,144,242,0,3,456,370,396,269,"(218, 370, 0, 456)","(144, 269, 242, 396)"
2346783.jpg,wearing,shirt,60,57,85,223,man,215,89,59,221,0,3,280,145,310,274,"(85, 145, 223, 280)","(59, 274, 221, 310)"
2321827.jpg,standing on,ground,188,420,143,2,shoe,23,19,220,192,0,3,422,331,211,243,"(143, 331, 2, 422)","(220, 243, 192, 211)"
2361535.jpg,sitting on,branch,61,373,255,88,bird,182,100,106,375,1,3,461,316,475,288,"(255, 316, 88, 461)","(106, 288, 375, 475)"
2337550.jpg,sitting on,leaves,86,252,225,206,bird,191,160,32,171,1,3,458,311,331,223,"(225, 311, 206, 458)","(32, 223, 171, 331)"
2417818.jpg,sitting on,sidewalk,379,393,51,92,boy,386,440,60,6,1,3,485,430,446,446,"(51, 430, 92, 485)","(60, 446, 6, 446)"
1159453.jpg,sitting on,bench,53,44,303,931,person,96,76,256,930,1,3,975,356,1006,352,"(303, 356, 931, 975)","(256, 352, 930, 1006)"
2348954.jpg,wearing,cap,29,53,194,85,skateboarder,189,132,191,95,0,3,138,223,227,380,"(194, 223, 85, 138)","(191, 380, 95, 227)"
2409.jpg,carrying,bag,108,70,246,365,person,280,98,191,360,0,3,435,354,458,471,"(246, 354, 365, 435)","(191, 471, 360, 458)"
396.jpg,sitting on,table,101,89,195,173,bowl,37,35,175,217,1,3,262,296,252,212,"(195, 296, 173, 262)","(175, 212, 217, 252)"
2323685.jpg,wearing,shoes,14,56,242,411,man,116,120,142,365,0,3,467,256,485,258,"(242, 256, 411, 467)","(142, 258, 365, 485)"
2371529.jpg,sitting on,motorcycle,65,97,175,288,man,55,21,148,346,1,3,385,240,367,203,"(175, 240, 288, 385)","(148, 203, 346, 367)"
2364701.jpg,sitting on,ground,205,365,169,0,person,44,30,215,8,1,3,365,374,38,259,"(169, 374, 0, 365)","(215, 259, 8, 38)"
2381476.jpg,sitting on,grass,113,330,259,46,person,12,14,249,78,1,3,376,372,92,261,"(259, 372, 46, 376)","(249, 261, 78, 92)"
2401317.jpg,walking on,street,60,320,367,10,person,35,24,347,259,0,3,330,427,283,382,"(367, 427, 10, 330)","(347, 382, 259, 283)"
2324008.jpg,wearing,helmet,16,21,192,270,man,84,67,190,261,0,3,291,208,328,274,"(192, 208, 270, 291)","(190, 274, 261, 328)"
2408275.jpg,wearing,watch,21,13,279,289,man,395,308,104,16,0,3,302,300,324,499,"(279, 300, 289, 302)","(104, 499, 16, 324)"
2372698.jpg,wearing,shirt,74,49,131,234,person,201,71,104,215,0,3,283,205,286,305,"(131, 205, 234, 283)","(104, 305, 215, 286)"
2358084.jpg,painted on,tail,76,66,147,384,t,27,14,184,396,0,3,450,223,410,211,"(147, 223, 384, 450)","(184, 211, 396, 410)"
2383235.jpg,wearing,shirt,179,221,196,28,woman,269,294,106,205,0,3,249,375,499,375,"(196, 375, 28, 249)","(106, 375, 205, 499)"
2357137.jpg,sitting on,sidewalk,330,499,0,0,poodle,225,171,84,269,1,3,499,330,440,309,"(0, 330, 0, 499)","(84, 309, 269, 440)"
2347314.jpg,sitting on,chair,139,170,159,199,baby,94,136,184,199,1,3,369,298,335,278,"(159, 298, 199, 369)","(184, 278, 199, 335)"
2316987.jpg,wearing,shirt,30,15,158,317,person,74,20,143,317,0,3,332,188,337,217,"(158, 188, 317, 332)","(143, 217, 317, 337)"
2355796.jpg,wearing,jacket,82,64,80,291,man,108,127,20,218,0,3,355,162,345,128,"(80, 162, 291, 355)","(20, 128, 218, 345)"
2378742.jpg,sitting on,sill,36,184,62,4,animal,49,77,12,28,1,3,188,98,105,61,"(62, 98, 4, 188)","(12, 61, 28, 105)"
2326550.jpg,sitting on,patio,113,481,385,2,chair,35,45,424,207,1,3,483,498,252,459,"(385, 498, 2, 483)","(424, 459, 207, 252)"
2357417.jpg,wearing,shorts,100,98,208,139,man,264,143,75,75,0,3,237,308,218,339,"(208, 308, 139, 237)","(75, 339, 75, 218)"
2344695.jpg,wearing,tie,185,66,313,74,man,450,212,49,3,0,3,140,498,215,499,"(313, 498, 74, 140)","(49, 499, 3, 215)"
2391390.jpg,sitting on,table,151,355,223,143,box,132,106,222,393,1,3,498,374,499,354,"(223, 374, 143, 498)","(222, 354, 393, 499)"
2362843.jpg,sitting on,platform,60,479,266,5,person,82,43,212,354,1,3,484,326,397,294,"(266, 326, 5, 484)","(212, 294, 354, 397)"
2343100.jpg,growing on,tree,115,110,1,210,leaf,5,3,63,276,0,3,320,116,279,68,"(1, 116, 210, 320)","(63, 68, 276, 279)"
2398719.jpg,wearing,shoe,12,21,309,160,girl,234,63,88,158,0,3,181,321,221,322,"(309, 321, 160, 181)","(88, 322, 158, 221)"
2321829.jpg,sitting on,ground,390,483,93,1,boy,98,112,268,230,1,3,484,483,342,366,"(93, 483, 1, 484)","(268, 366, 230, 342)"
2377561.jpg,sitting on,floor,95,453,236,45,vase,61,24,206,312,1,3,498,331,336,267,"(236, 331, 45, 498)","(206, 267, 312, 336)"
2409016.jpg,wearing,shoe,61,48,153,82,man,370,374,12,80,0,3,130,214,454,382,"(153, 214, 82, 130)","(12, 382, 80, 454)"
2327469.jpg,standing on,shelf,7,81,227,104,book,46,36,183,146,0,3,185,234,182,229,"(227, 234, 104, 185)","(183, 229, 146, 182)"
2377597.jpg,sitting on,chair,164,92,69,5,book,25,48,130,24,1,3,97,233,72,155,"(69, 233, 5, 97)","(130, 155, 24, 72)"
2403543.jpg,flying in,sky,332,498,1,1,airplane,97,304,134,52,0,3,499,333,356,231,"(1, 333, 1, 499)","(134, 231, 52, 356)"
2356611.jpg,eating,grass,330,498,1,2,cow,213,297,119,197,0,3,500,331,494,332,"(1, 331, 2, 500)","(119, 332, 197, 494)"
2385720.jpg,walking on,sidewalk,19,64,309,232,woman,42,10,283,260,0,3,296,328,270,325,"(309, 328, 232, 296)","(283, 325, 260, 270)"
2347589.jpg,wearing,t-shirt,23,23,92,154,man,55,42,79,148,0,3,177,115,190,134,"(92, 115, 154, 177)","(79, 134, 148, 190)"
2375568.jpg,sitting on,motorcycle,224,310,122,99,man,266,134,63,224,1,3,409,346,358,329,"(122, 346, 99, 409)","(63, 329, 224, 358)"
2349410.jpg,sitting on,bleachers,87,450,89,48,people,26,14,88,463,1,3,498,176,477,114,"(89, 176, 48, 498)","(88, 114, 463, 477)"
2394962.jpg,sitting on,bench,53,406,121,0,boy,138,40,44,1,1,3,406,174,41,182,"(121, 174, 0, 406)","(44, 182, 1, 41)"
285966.jpg,wearing,watch,33,36,219,352,man,562,207,14,301,0,3,388,252,508,576,"(219, 252, 352, 388)","(14, 576, 301, 508)"
2385722.jpg,sitting on,bench,8,20,168,222,person,10,10,160,234,1,3,242,176,244,170,"(168, 176, 222, 242)","(160, 170, 234, 244)"
2407652.jpg,wearing,tie,258,80,240,77,man,464,294,26,37,0,3,157,498,331,490,"(240, 498, 77, 157)","(26, 490, 37, 331)"
498132.jpg,sitting on,bench,273,941,494,78,person,281,201,437,39,1,3,1019,767,240,718,"(494, 767, 78, 1019)","(437, 718, 39, 240)"
2355983.jpg,wearing,boots,37,17,284,396,man,165,94,177,324,0,3,413,321,418,342,"(284, 321, 396, 413)","(177, 342, 324, 418)"
2393724.jpg,wearing,wetsuit,62,33,230,372,statue,89,55,214,367,0,3,405,292,422,303,"(230, 292, 372, 405)","(214, 303, 367, 422)"
2368582.jpg,wearing,white,43,41,148,296,person,350,118,80,1,0,3,337,191,119,430,"(148, 191, 296, 337)","(80, 430, 1, 119)"
3553.jpg,sitting on,ground,100,265,249,60,dog,290,240,70,44,1,3,325,349,284,360,"(249, 349, 60, 325)","(70, 360, 44, 284)"
1592636.jpg,sitting on,train,398,863,148,11,man,242,160,320,208,1,3,874,546,368,562,"(148, 546, 11, 874)","(320, 562, 208, 368)"
2363994.jpg,sitting on,table,178,352,192,147,man,273,314,95,0,1,3,499,370,314,368,"(192, 370, 147, 499)","(95, 368, 0, 314)"
2344695.jpg,wearing,shirt,153,98,290,70,man,450,212,49,3,0,3,168,443,215,499,"(290, 443, 70, 168)","(49, 499, 3, 215)"
2402261.jpg,sitting on,ground,152,492,219,6,sheep,24,30,220,162,1,3,498,371,192,244,"(219, 371, 6, 498)","(220, 244, 162, 192)"
2386497.jpg,sitting on,chair,163,57,196,153,boy,221,139,140,53,1,3,210,359,192,361,"(196, 359, 153, 210)","(140, 361, 53, 192)"
2350081.jpg,sitting on,counter,48,219,185,279,oven,82,61,147,438,1,3,498,233,499,229,"(185, 233, 279, 498)","(147, 229, 438, 499)"
2325153.jpg,wearing,hat,30,32,37,180,child,144,90,38,170,0,3,212,67,260,182,"(37, 67, 180, 212)","(38, 182, 170, 260)"
2408231.jpg,wearing,boots,40,60,286,202,man,257,281,73,100,0,3,262,326,381,330,"(286, 326, 202, 262)","(73, 330, 100, 381)"
2399218.jpg,sitting on,couch,315,442,58,57,dog,186,147,129,229,1,3,499,373,376,315,"(58, 373, 57, 499)","(129, 315, 229, 376)"
2413945.jpg,sitting on,bench,175,123,183,276,woman,208,164,85,225,1,3,399,358,389,293,"(183, 358, 276, 399)","(85, 293, 225, 389)"
2392721.jpg,sitting on,sidelines,142,325,285,8,person,147,77,227,216,1,3,333,427,293,374,"(285, 427, 8, 333)","(227, 374, 216, 293)"
2364161.jpg,sitting on,train,34,95,167,142,boy,18,12,171,203,1,3,237,201,215,189,"(167, 201, 142, 237)","(171, 189, 203, 215)"
2397814.jpg,sitting on,table,127,110,114,109,tv,58,50,54,110,1,3,219,241,160,112,"(114, 241, 109, 219)","(54, 112, 110, 160)"
2334079.jpg,wearing,shirt,65,46,179,69,person,184,78,157,71,0,3,115,244,149,341,"(179, 244, 69, 115)","(157, 341, 71, 149)"
2373468.jpg,wearing,jacket,145,436,229,61,woman,347,441,27,57,0,3,497,374,498,374,"(229, 374, 61, 497)","(27, 374, 57, 498)"
2355572.jpg,wearing,shirt,59,76,127,336,boy,177,85,73,317,0,3,412,186,402,250,"(127, 186, 336, 412)","(73, 250, 317, 402)"
2360822.jpg,sitting on,road,139,148,279,0,pickup,40,46,359,102,1,3,148,418,148,399,"(279, 418, 0, 148)","(359, 399, 102, 148)"
2385866.jpg,sitting on,stool,44,19,170,276,man,66,36,146,254,1,3,295,214,290,212,"(170, 214, 276, 295)","(146, 212, 254, 290)"
2330755.jpg,wearing,shoes,37,52,428,311,person,374,257,88,130,0,3,363,465,387,462,"(428, 465, 311, 363)","(88, 462, 130, 387)"
2403864.jpg,parked on,ground,168,498,163,2,plane,78,177,105,0,0,3,500,331,177,183,"(163, 331, 2, 500)","(105, 183, 0, 177)"
2395871.jpg,wearing,bracelet,18,18,198,28,girl,385,174,114,17,0,3,46,216,191,499,"(198, 216, 28, 46)","(114, 499, 17, 191)"
2333580.jpg,covered in,snow,134,471,239,12,ground,120,478,238,7,0,3,483,373,485,358,"(239, 373, 12, 483)","(238, 358, 7, 485)"
2362679.jpg,sitting on,deck,200,495,172,1,person,66,45,151,317,1,3,496,372,362,217,"(172, 372, 1, 496)","(151, 217, 317, 362)"
2410788.jpg,wearing,pants,133,127,120,335,man,275,148,6,312,0,3,462,253,460,281,"(120, 253, 335, 462)","(6, 281, 312, 460)"
2417944.jpg,sitting on,grass,109,480,211,4,boy,187,207,112,285,1,3,484,320,492,299,"(211, 320, 4, 484)","(112, 299, 285, 492)"
2370964.jpg,wearing,shoe,53,112,328,6,boy,322,306,70,5,0,3,118,381,311,392,"(328, 381, 6, 118)","(70, 392, 5, 311)"
2353412.jpg,sitting on,desk,190,221,180,0,cd,10,39,128,135,1,3,221,370,174,138,"(180, 370, 0, 221)","(128, 138, 135, 174)"
2359325.jpg,sitting on,plate,157,115,216,1,knife,120,187,222,2,1,3,116,373,189,342,"(216, 373, 1, 116)","(222, 342, 2, 189)"
2354405.jpg,sitting on,newspaper,129,165,332,56,bananas,117,144,329,71,1,3,221,461,215,446,"(332, 461, 56, 221)","(329, 446, 71, 215)"
712969.jpg,walking on,land,264,730,645,14,person,50,19,759,80,0,3,744,909,99,809,"(645, 909, 14, 744)","(759, 809, 80, 99)"
2398342.jpg,wearing,glasses,16,29,91,21,man,262,100,68,2,0,3,50,107,102,330,"(91, 107, 21, 50)","(68, 330, 2, 102)"
2324252.jpg,sitting on,floor,120,85,133,367,woman,158,114,8,314,1,3,452,253,428,166,"(133, 253, 367, 452)","(8, 166, 314, 428)"
2398888.jpg,wearing,sandals,42,62,326,13,woman,170,94,195,173,0,3,75,368,267,365,"(326, 368, 13, 75)","(195, 365, 173, 267)"
2415840.jpg,sitting on,elephant,191,225,41,229,man,92,68,25,369,1,3,454,232,437,117,"(41, 232, 229, 454)","(25, 117, 369, 437)"
2368107.jpg,sitting on,fence,22,126,168,356,guy,77,43,108,323,1,3,482,190,366,185,"(168, 190, 356, 482)","(108, 185, 323, 366)"
2317380.jpg,sitting on,porch,136,250,155,249,man,416,485,24,13,1,3,499,291,498,440,"(155, 291, 249, 499)","(24, 440, 13, 498)"
2320723.jpg,lying on,laptop,236,332,30,31,cat,256,481,50,12,0,3,363,266,493,306,"(30, 266, 31, 363)","(50, 306, 12, 493)"
2405704.jpg,wearing,hat,26,31,204,380,man,99,150,203,291,0,3,411,230,441,302,"(204, 230, 380, 411)","(203, 302, 291, 441)"
2401735.jpg,sitting on,counter,79,497,253,2,bowl,57,116,253,2,1,3,499,332,118,310,"(253, 332, 2, 499)","(253, 310, 2, 118)"
2377686.jpg,sitting on,ground,68,88,318,383,bucket,18,18,307,467,1,3,471,386,485,325,"(318, 386, 383, 471)","(307, 325, 467, 485)"
2336956.jpg,sitting on,desk,126,317,208,102,bell,48,21,168,367,1,3,419,334,388,216,"(208, 334, 102, 419)","(168, 216, 367, 388)"
2351244.jpg,sitting on,person,57,22,197,260,person,50,26,195,317,1,3,282,254,343,245,"(197, 254, 260, 282)","(195, 245, 317, 343)"
2382706.jpg,wearing,hat,28,23,152,282,man,162,90,96,217,0,3,305,180,307,258,"(152, 180, 282, 305)","(96, 258, 217, 307)"
2345730.jpg,wearing,pants,79,38,248,211,man,149,39,183,211,0,3,249,327,250,332,"(248, 327, 211, 249)","(183, 332, 211, 250)"
2406616.jpg,wearing,coat,119,48,47,268,person,182,45,32,270,0,3,316,166,315,214,"(47, 166, 268, 316)","(32, 214, 270, 315)"
2414314.jpg,eating,grass,293,499,81,0,zebra,62,85,88,386,0,3,499,374,471,150,"(81, 374, 0, 499)","(88, 150, 386, 471)"
2402781.jpg,lying on,grass,331,496,0,1,twig,22,31,272,89,0,3,497,331,120,294,"(0, 331, 1, 497)","(272, 294, 89, 120)"
2382934.jpg,sitting on,bench,99,67,201,248,man,217,146,86,93,1,3,315,300,239,303,"(201, 300, 248, 315)","(86, 303, 93, 239)"
2320849.jpg,sitting on,beach,329,496,3,2,woman,47,57,156,297,1,3,498,332,354,203,"(3, 332, 2, 498)","(156, 203, 297, 354)"
2405843.jpg,wearing,glasses,7,32,107,152,man,132,48,89,141,0,3,184,114,189,221,"(107, 114, 152, 184)","(89, 221, 141, 189)"
2350837.jpg,sitting on,table,216,394,157,103,person,105,44,73,273,1,3,497,373,317,178,"(157, 373, 103, 497)","(73, 178, 273, 317)"
2400758.jpg,sitting on,motorbike,194,289,141,125,mar,286,176,54,186,1,3,414,335,362,340,"(141, 335, 125, 414)","(54, 340, 186, 362)"
2381760.jpg,sitting on,carpet,231,496,143,3,wire,35,68,273,0,1,3,499,374,68,308,"(143, 374, 3, 499)","(273, 308, 0, 68)"
2413772.jpg,wearing,headband,10,19,132,307,man,157,31,129,308,0,3,326,142,339,286,"(132, 142, 307, 326)","(129, 286, 308, 339)"
2403557.jpg,wearing,black,41,31,161,181,person,185,63,44,177,0,3,212,202,240,229,"(161, 202, 181, 212)","(44, 229, 177, 240)"
2388026.jpg,sitting on,chair,137,262,184,191,man,84,34,177,232,1,3,453,321,266,261,"(184, 321, 191, 453)","(177, 261, 232, 266)"
2397069.jpg,sitting on,plate,14,38,162,416,food,8,24,164,422,1,3,454,176,446,172,"(162, 176, 416, 454)","(164, 172, 422, 446)"
2362730.jpg,playing,game,115,123,157,4,woman,230,187,86,1,0,3,127,272,188,316,"(157, 272, 4, 127)","(86, 316, 1, 188)"
2415617.jpg,sitting on,bench,259,496,70,2,man,327,195,1,275,1,3,498,329,470,328,"(70, 329, 2, 498)","(1, 328, 275, 470)"
2368888.jpg,wearing,sunglasses,12,21,100,122,player,191,79,78,77,0,3,143,112,156,269,"(100, 112, 122, 143)","(78, 269, 77, 156)"
2387743.jpg,wearing,shirt,120,115,320,35,man,174,111,268,40,0,3,150,440,151,442,"(320, 440, 35, 150)","(268, 442, 40, 151)"
2358150.jpg,wearing,boots,13,14,196,355,person,57,22,152,350,0,3,369,209,372,209,"(196, 209, 355, 369)","(152, 209, 350, 372)"
2379479.jpg,wearing,jeans,89,94,195,98,man,205,128,105,87,0,3,192,284,215,310,"(195, 284, 98, 192)","(105, 310, 87, 215)"
2417136.jpg,sitting on,chair,383,320,111,9,man,484,326,15,1,1,3,329,494,327,499,"(111, 494, 9, 329)","(15, 499, 1, 327)"
2320178.jpg,wearing,clothing,35,16,185,83,person,46,25,173,76,0,3,99,220,101,219,"(185, 220, 83, 99)","(173, 219, 76, 101)"
2358573.jpg,sitting on,table,130,391,200,3,wine,13,23,304,242,1,3,394,330,265,317,"(200, 330, 3, 394)","(304, 317, 242, 265)"
2387315.jpg,sitting on,clothes,83,153,240,30,cat,80,89,178,26,1,3,183,323,115,258,"(240, 323, 30, 183)","(178, 258, 26, 115)"
2348201.jpg,riding,skateboard,35,68,379,245,person,271,115,100,257,0,3,313,414,372,371,"(379, 414, 245, 313)","(100, 371, 257, 372)"
713728.jpg,sitting on,street,672,1022,8,1,moped,631,644,30,213,1,3,1023,680,857,661,"(8, 680, 1, 1023)","(30, 661, 213, 857)"
2368417.jpg,sitting on,table,405,373,92,1,donuts,373,368,102,7,1,3,374,497,375,475,"(92, 497, 1, 374)","(102, 475, 7, 375)"
2416015.jpg,sitting on,bench,67,201,105,70,woman,100,35,81,227,1,3,271,172,262,181,"(105, 172, 70, 271)","(81, 181, 227, 262)"
2363982.jpg,sitting on,ground,154,499,221,0,person,32,33,240,152,1,3,499,375,185,272,"(221, 375, 0, 499)","(240, 272, 152, 185)"
2399014.jpg,sitting on,floor,68,172,212,66,boy,93,58,182,186,1,3,238,280,244,275,"(212, 280, 66, 238)","(182, 275, 186, 244)"
2355780.jpg,wearing,sunglasses,10,36,38,316,man,347,147,19,273,0,3,352,48,420,366,"(38, 48, 316, 352)","(19, 366, 273, 420)"
2382524.jpg,says,windscreens,13,41,182,151,sign,18,47,177,147,0,3,192,195,194,195,"(182, 195, 151, 192)","(177, 195, 147, 194)"
2345694.jpg,sitting on,concrete,82,115,195,0,man,155,100,96,66,1,3,115,277,166,251,"(195, 277, 0, 115)","(96, 251, 66, 166)"
2383041.jpg,wearing,shorts,23,32,124,292,man,82,101,86,264,0,3,324,147,365,168,"(124, 147, 292, 324)","(86, 168, 264, 365)"
2399569.jpg,sitting on,sidewalk,215,226,284,15,people,230,302,219,85,1,3,241,499,387,449,"(284, 499, 15, 241)","(219, 449, 85, 387)"
2385999.jpg,sitting on,table,125,191,208,146,bottle,73,19,162,262,1,3,337,333,281,235,"(208, 333, 146, 337)","(162, 235, 262, 281)"
2315393.jpg,walking on,grass,169,492,166,5,pig,180,131,97,275,0,3,497,335,406,277,"(166, 335, 5, 497)","(97, 277, 275, 406)"
2412454.jpg,wearing,headband,39,18,292,268,woman,81,66,291,214,0,3,286,331,280,372,"(292, 331, 268, 286)","(291, 372, 214, 280)"
2399395.jpg,says,at&t,51,112,67,191,banner,338,295,0,37,0,3,303,118,332,338,"(67, 118, 191, 303)","(0, 338, 37, 332)"
4888.jpg,sitting on,table,19,50,227,47,flower,12,12,200,139,1,3,97,246,151,212,"(227, 246, 47, 97)","(200, 212, 139, 151)"
2345825.jpg,sitting on,plate,217,360,134,61,dogs,143,186,131,176,1,3,421,351,362,274,"(134, 351, 61, 421)","(131, 274, 176, 362)"
2346296.jpg,sitting on,ground,105,332,229,0,people,51,32,177,82,1,3,332,334,114,228,"(229, 334, 0, 332)","(177, 228, 82, 114)"
2350108.jpg,flying in,air,147,494,3,2,birds,20,22,132,142,0,3,496,150,164,152,"(3, 150, 2, 496)","(132, 152, 142, 164)"
2376668.jpg,wearing,socks,105,40,268,214,man,325,207,47,111,0,3,254,373,318,372,"(268, 373, 214, 254)","(47, 372, 111, 318)"
1831.jpg,wearing,cap,20,35,18,608,man,217,63,19,604,0,3,643,38,667,236,"(18, 38, 608, 643)","(19, 236, 604, 667)"
2350910.jpg,covering,window,256,59,5,440,curtains,255,70,6,429,0,3,499,261,499,261,"(5, 261, 440, 499)","(6, 261, 429, 499)"
2358398.jpg,sitting on,bench,20,57,353,2,person,184,141,190,7,1,3,59,373,148,374,"(353, 373, 2, 59)","(190, 374, 7, 148)"
2375606.jpg,wearing,shoes,39,41,169,397,skateboarder,186,82,22,377,0,3,438,208,459,208,"(169, 208, 397, 438)","(22, 208, 377, 459)"
2382192.jpg,sitting on,field,165,494,166,1,wheel,23,27,234,330,1,3,495,331,357,257,"(166, 331, 1, 495)","(234, 257, 330, 357)"
2335157.jpg,mounted on,wall,292,316,10,0,speaker,37,21,182,46,0,3,316,302,67,219,"(10, 302, 0, 316)","(182, 219, 46, 67)"
2399714.jpg,sitting on,shelf,72,83,249,311,computer,198,114,123,376,1,3,394,321,490,321,"(249, 321, 311, 394)","(123, 321, 376, 490)"
2388044.jpg,wearing,cap,16,19,126,103,man,170,59,126,82,0,3,122,142,141,296,"(126, 142, 103, 122)","(126, 296, 82, 141)"
2398817.jpg,sitting on,rocks,48,66,206,227,hikers,42,66,143,215,1,3,293,254,281,185,"(206, 254, 227, 293)","(143, 185, 215, 281)"
2372869.jpg,wearing,sunglasses,7,12,94,45,woman,29,31,89,34,0,3,57,101,65,118,"(94, 101, 45, 57)","(89, 118, 34, 65)"
2408550.jpg,wearing,goggles,13,22,194,267,man,189,64,185,251,0,3,289,207,315,374,"(194, 207, 267, 289)","(185, 374, 251, 315)"
2367802.jpg,covering,street,234,498,140,1,cattle,124,498,164,2,0,3,499,374,500,288,"(140, 374, 1, 499)","(164, 288, 2, 500)"
2365330.jpg,hanging from,ceiling,32,108,10,275,lights,65,137,3,148,0,3,383,42,285,68,"(10, 42, 275, 383)","(3, 68, 148, 285)"
2397814.jpg,sitting on,table,127,110,114,109,bag,48,35,75,159,1,3,219,241,194,123,"(114, 241, 109, 219)","(75, 123, 159, 194)"
2374282.jpg,growing on,mountain,154,207,21,9,trees,110,145,241,156,0,3,216,175,301,351,"(21, 175, 9, 216)","(241, 351, 156, 301)"
2349337.jpg,sitting on,desk,160,498,123,1,mug,112,79,119,55,1,3,499,283,134,231,"(123, 283, 1, 499)","(119, 231, 55, 134)"
2368874.jpg,sitting on,person,189,283,185,3,cat,99,102,94,153,1,3,286,374,255,193,"(185, 374, 3, 286)","(94, 193, 153, 255)"
1159302.jpg,wearing,jacket,81,29,180,30,person,117,35,178,30,0,3,59,261,65,295,"(180, 261, 30, 59)","(178, 295, 30, 65)"
2382106.jpg,wearing,vest,271,281,228,34,person,486,308,13,28,0,3,315,499,336,499,"(228, 499, 34, 315)","(13, 499, 28, 336)"
2343185.jpg,sitting on,lawn,153,496,177,0,chair,54,34,207,439,1,3,496,330,473,261,"(177, 330, 0, 496)","(207, 261, 439, 473)"
2353637.jpg,hanging from,tie,372,80,0,127,tag,59,59,247,169,0,3,207,372,228,306,"(0, 372, 127, 207)","(247, 306, 169, 228)"
2355093.jpg,sitting on,bench,167,408,154,22,man,370,230,54,249,1,3,430,321,479,424,"(154, 321, 22, 430)","(54, 424, 249, 479)"
2320626.jpg,sitting on,chair,20,15,50,470,person,50,34,23,450,1,3,485,70,484,73,"(50, 70, 470, 485)","(23, 73, 450, 484)"
2380401.jpg,sitting on,chair,66,50,165,169,referee,96,65,139,145,1,3,219,231,210,235,"(165, 231, 169, 219)","(139, 235, 145, 210)"
2355360.jpg,sitting on,table,61,499,267,1,fruit,48,124,247,195,1,3,500,328,319,295,"(267, 328, 1, 500)","(247, 295, 195, 319)"
2356108.jpg,sitting on,surfboard,73,145,222,142,girl,29,20,180,271,1,3,287,295,291,209,"(222, 295, 142, 287)","(180, 209, 271, 291)"
2356270.jpg,sitting on,grass,103,119,270,189,bag,100,56,202,216,1,3,308,373,272,302,"(270, 373, 189, 308)","(202, 302, 216, 272)"
2385934.jpg,wearing,shorts,119,110,134,91,man,293,306,15,3,0,3,201,253,309,308,"(134, 253, 91, 201)","(15, 308, 3, 309)"
2410874.jpg,sitting on,wagon,126,187,207,39,driver,83,41,181,162,1,3,226,333,203,264,"(207, 333, 39, 226)","(181, 264, 162, 203)"
2319945.jpg,wearing,sandals,42,44,339,280,woman,260,88,120,269,0,3,324,381,357,380,"(339, 381, 280, 324)","(120, 380, 269, 357)"
2396593.jpg,sitting on,chair,22,27,151,135,woman,11,15,153,265,1,3,162,173,280,164,"(151, 173, 135, 162)","(153, 164, 265, 280)"
2385201.jpg,sitting on,bed,332,500,0,0,woman,270,330,62,121,1,3,500,332,451,332,"(0, 332, 0, 500)","(62, 332, 121, 451)"
2392780.jpg,covering,window,116,53,1,200,blinds,108,46,5,203,0,3,253,117,249,113,"(1, 117, 200, 253)","(5, 113, 203, 249)"
2361345.jpg,wearing,sneakers,40,57,420,114,girl,361,85,103,95,0,3,171,460,180,464,"(420, 460, 114, 171)","(103, 464, 95, 180)"
2365465.jpg,sitting on,pedestal,142,239,358,17,vase,256,124,110,69,1,3,256,500,193,366,"(358, 500, 17, 256)","(110, 366, 69, 193)"
2347164.jpg,carrying,bag,26,21,286,1,woman,76,27,264,9,0,3,22,312,36,340,"(286, 312, 1, 22)","(264, 340, 9, 36)"
2388016.jpg,wearing,hat,13,14,254,349,statue,79,41,253,336,0,3,363,267,377,332,"(254, 267, 349, 363)","(253, 332, 336, 377)"
2371276.jpg,sitting on,bench,100,285,269,87,girl,354,138,72,120,1,3,372,369,258,426,"(269, 369, 87, 372)","(72, 426, 120, 258)"
2326625.jpg,playing,tennis,309,467,6,18,man,288,144,31,91,0,3,485,315,235,319,"(6, 315, 18, 485)","(31, 319, 91, 235)"
2375613.jpg,sitting on,shoulder,69,113,183,153,cat,213,148,14,137,1,3,266,252,285,227,"(183, 252, 153, 266)","(14, 227, 137, 285)"
2388405.jpg,sitting on,seat,42,245,71,10,man,76,49,41,59,1,3,255,113,108,117,"(71, 113, 10, 255)","(41, 117, 59, 108)"
2356916.jpg,wearing,visor,13,18,129,287,woman,46,19,131,282,0,3,305,142,301,177,"(129, 142, 287, 305)","(131, 177, 282, 301)"
2319595.jpg,wearing,shirt,278,180,0,183,man,372,183,1,179,0,3,363,278,362,373,"(0, 278, 183, 363)","(1, 373, 179, 362)"
2354632.jpg,sitting on,table,112,87,143,150,light,92,59,92,168,1,3,237,255,227,184,"(143, 255, 150, 237)","(92, 184, 168, 227)"
2416099.jpg,sitting on,bench,102,76,10,358,person,102,88,8,358,1,3,434,112,446,110,"(10, 112, 358, 434)","(8, 110, 358, 446)"
2322060.jpg,walking on,sidewalk,112,118,330,193,people,366,475,116,3,0,3,311,442,478,482,"(330, 442, 193, 311)","(116, 482, 3, 478)"
2362564.jpg,sitting on,floor,43,247,329,0,jars,58,206,272,0,1,3,247,372,206,330,"(329, 372, 0, 247)","(272, 330, 0, 206)"
2378672.jpg,wearing,collar,45,82,253,218,boy,267,155,37,173,0,3,300,298,328,304,"(253, 298, 218, 300)","(37, 304, 173, 328)"
2052.jpg,sitting on,floor,119,87,422,234,basket,29,34,362,292,1,3,321,541,326,391,"(422, 541, 234, 321)","(362, 391, 292, 326)"
2400191.jpg,sitting on,plow,73,56,175,279,man,119,73,117,278,1,3,335,248,351,236,"(175, 248, 279, 335)","(117, 236, 278, 351)"
2348685.jpg,walking on,sidewalk,125,65,223,5,people,158,70,197,5,0,3,70,348,75,355,"(223, 348, 5, 70)","(197, 355, 5, 75)"
2410074.jpg,wearing,sneaker,29,55,470,207,man,499,164,0,168,0,3,262,499,332,499,"(470, 499, 207, 262)","(0, 499, 168, 332)"
2416363.jpg,wearing,shirt,198,102,108,122,man,457,230,39,73,0,3,224,306,303,496,"(108, 306, 122, 224)","(39, 496, 73, 303)"
2355985.jpg,sitting on,motorcycle,326,410,6,89,dog,154,177,69,195,1,3,499,332,372,223,"(6, 332, 89, 499)","(69, 223, 195, 372)"
2400959.jpg,sitting on,bleachers,167,499,0,0,person,56,31,106,16,1,3,499,167,47,162,"(0, 167, 0, 499)","(106, 162, 16, 47)"
2374131.jpg,sitting on,desk,282,312,92,109,mouse,12,17,110,230,1,3,421,374,247,122,"(92, 374, 109, 421)","(110, 122, 230, 247)"
1159740.jpg,sitting on,mat,201,275,704,318,bottle,102,47,692,463,1,3,593,905,510,794,"(704, 905, 318, 593)","(692, 794, 463, 510)"
2343897.jpg,wearing,shorts,40,30,244,310,man,163,71,155,278,0,3,340,284,349,318,"(244, 284, 310, 340)","(155, 318, 278, 349)"
2315404.jpg,wearing,skirt,137,108,185,293,player,271,254,97,151,0,3,401,322,405,368,"(185, 322, 293, 401)","(97, 368, 151, 405)"
2390580.jpg,sitting on,bench,167,318,253,13,woman,321,201,134,57,1,3,331,420,258,455,"(253, 420, 13, 331)","(134, 455, 57, 258)"
2331565.jpg,wearing,tie,117,29,133,218,man,412,108,53,204,0,3,247,250,312,465,"(133, 250, 218, 247)","(53, 465, 204, 312)"
2326134.jpg,sitting on,bench,40,95,277,398,person,62,34,257,425,1,3,493,317,459,319,"(277, 317, 398, 493)","(257, 319, 425, 459)"
2328708.jpg,sitting on,coaster,36,60,240,25,cup,82,59,200,20,1,3,85,276,79,282,"(240, 276, 25, 85)","(200, 282, 20, 79)"
2328082.jpg,sitting on,beach,213,495,72,3,woman,49,62,152,100,1,3,498,285,162,201,"(72, 285, 3, 498)","(152, 201, 100, 162)"
2371658.jpg,covering,bed,236,302,260,13,sheet,51,60,344,61,0,3,315,496,121,395,"(260, 496, 13, 315)","(344, 395, 61, 121)"
2384836.jpg,wearing,sunglasses,5,8,167,19,woman,55,22,165,10,0,3,27,172,32,220,"(167, 172, 19, 27)","(165, 220, 10, 32)"
2357250.jpg,sitting on,bench,105,320,331,1,woman,170,124,142,103,1,3,321,436,227,312,"(331, 436, 1, 321)","(142, 312, 103, 227)"
2402283.jpg,sitting on,table,499,498,0,1,item,138,59,0,440,1,3,499,499,499,138,"(0, 499, 1, 499)","(0, 138, 440, 499)"
2376977.jpg,sitting on,table,321,467,3,7,glass,67,102,148,254,1,3,474,324,356,215,"(3, 324, 7, 474)","(148, 215, 254, 356)"
547.jpg,sitting on,shelf,9,80,99,430,book,23,8,77,490,1,3,510,108,498,100,"(99, 108, 430, 510)","(77, 100, 490, 498)"
2372621.jpg,riding,scooter,70,101,180,352,person,102,36,146,388,0,3,453,250,424,248,"(180, 250, 352, 453)","(146, 248, 388, 424)"
2380380.jpg,wearing,shoes,55,93,444,32,man,495,158,3,4,0,3,125,499,162,498,"(444, 499, 32, 125)","(3, 498, 4, 162)"
2401106.jpg,wearing,necklace,46,54,112,151,woman,358,239,5,14,0,3,205,158,253,363,"(112, 158, 151, 205)","(5, 363, 14, 253)"
2389421.jpg,watching,her,261,263,136,31,cat,92,97,104,235,0,3,294,397,332,196,"(136, 397, 31, 294)","(104, 196, 235, 332)"
2390518.jpg,standing on,ground,262,490,110,8,zebra,145,151,3,349,0,3,498,372,500,148,"(110, 372, 8, 498)","(3, 148, 349, 500)"
2345466.jpg,wearing,pants,61,73,128,147,man,155,113,49,108,0,3,220,189,221,204,"(128, 189, 147, 220)","(49, 204, 108, 221)"
2343588.jpg,sitting on,plate,121,254,0,244,broccoli,63,118,1,381,1,3,498,121,499,64,"(0, 121, 244, 498)","(1, 64, 381, 499)"
2348503.jpg,sitting on,grass,194,494,179,4,man,39,29,154,425,1,3,498,373,454,193,"(179, 373, 4, 498)","(154, 193, 425, 454)"
2396603.jpg,sitting on,beach,95,229,143,4,person,8,10,148,186,1,3,233,238,196,156,"(143, 238, 4, 233)","(148, 156, 186, 196)"
2377862.jpg,wearing,t-shirt,55,107,77,166,boy,166,252,57,106,0,3,273,132,358,223,"(77, 132, 166, 273)","(57, 223, 106, 358)"
2348607.jpg,sitting on,ground,48,242,324,142,giraffe,235,226,94,161,1,3,384,372,387,329,"(324, 372, 142, 384)","(94, 329, 161, 387)"
2399500.jpg,sitting on,bench,56,61,179,99,woman,42,27,164,130,1,3,160,235,157,206,"(179, 235, 99, 160)","(164, 206, 130, 157)"
285674.jpg,wearing,headphones,25,42,705,120,man,245,87,702,109,0,3,162,730,196,947,"(705, 730, 120, 162)","(702, 947, 109, 196)"
2335701.jpg,wearing,helmet,38,45,58,96,person,196,196,58,96,0,3,141,96,292,254,"(58, 96, 96, 141)","(58, 254, 96, 292)"
2377149.jpg,wearing,shoe,28,16,232,326,man,233,81,25,266,0,3,342,260,347,258,"(232, 260, 326, 342)","(25, 258, 266, 347)"
2385434.jpg,using,fork,155,170,139,115,child,265,358,1,36,0,3,285,294,394,266,"(139, 294, 115, 285)","(1, 266, 36, 394)"
2315695.jpg,wearing,glasses,23,40,80,428,man,307,136,64,360,0,3,468,103,496,371,"(80, 103, 428, 468)","(64, 371, 360, 496)"
2362210.jpg,watching,game,95,462,120,1,man,17,25,38,90,0,3,463,215,115,55,"(120, 215, 1, 463)","(38, 55, 90, 115)"
2325754.jpg,sitting on,saucer,202,297,182,29,cup,208,252,91,92,1,3,326,384,344,299,"(182, 384, 29, 326)","(91, 299, 92, 344)"
580.jpg,walking on,street,157,762,426,12,person,224,75,256,128,0,3,774,583,203,480,"(426, 583, 12, 774)","(256, 480, 128, 203)"
2412142.jpg,sitting on,ottoman,20,57,262,59,cat,65,36,208,45,1,3,116,282,81,273,"(262, 282, 59, 116)","(208, 273, 45, 81)"
2388060.jpg,painted on,wood,11,49,66,405,flower,35,113,62,371,0,3,454,77,484,97,"(66, 77, 405, 454)","(62, 97, 371, 484)"
2319047.jpg,wearing,shirt,204,299,170,184,man,367,462,6,22,0,3,483,374,484,373,"(170, 374, 184, 483)","(6, 373, 22, 484)"
2357353.jpg,wearing,shoe,16,35,352,183,male,211,132,157,184,0,3,218,368,316,368,"(352, 368, 183, 218)","(157, 368, 184, 316)"
2406769.jpg,sitting on,elephant,175,165,195,2,person,107,46,143,74,1,3,167,370,120,250,"(195, 370, 2, 167)","(143, 250, 74, 120)"
2340216.jpg,sitting on,table,158,200,171,0,mustard,60,25,233,104,1,3,200,329,129,293,"(171, 329, 0, 200)","(233, 293, 104, 129)"
2399647.jpg,wearing,green,29,18,366,235,horse,306,271,127,172,0,3,253,395,443,433,"(366, 395, 235, 253)","(127, 433, 172, 443)"
2377097.jpg,sitting on,stand,234,285,65,211,cake,15,60,209,415,1,3,496,299,475,224,"(65, 299, 211, 496)","(209, 224, 415, 475)"
2408556.jpg,wearing,shirt,57,42,159,426,man,134,45,148,426,0,3,468,216,471,282,"(159, 216, 426, 468)","(148, 282, 426, 471)"
2365420.jpg,covering,man,110,173,2,120,blanket,270,495,228,3,0,3,293,112,498,498,"(2, 112, 120, 293)","(228, 498, 3, 498)"
2344898.jpg,sitting on,couch,287,212,81,286,pillow,68,134,150,307,1,3,498,368,441,218,"(81, 368, 286, 498)","(150, 218, 307, 441)"
2365375.jpg,standing on,corner,48,431,239,35,man,158,66,130,349,0,3,466,287,415,288,"(239, 287, 35, 466)","(130, 288, 349, 415)"
2330358.jpg,sitting on,bench,146,251,169,1,kid,128,92,145,100,1,3,252,315,192,273,"(169, 315, 1, 252)","(145, 273, 100, 192)"
2344192.jpg,sitting on,ground,28,117,242,361,people,74,134,179,365,1,3,478,270,499,253,"(242, 270, 361, 478)","(179, 253, 365, 499)"
2398950.jpg,sitting on,sheets,137,262,273,2,girl,171,68,256,117,1,3,264,410,185,427,"(273, 410, 2, 264)","(256, 427, 117, 185)"
2328264.jpg,sitting on,blanket,49,150,201,39,girl,88,89,151,54,1,3,189,250,143,239,"(201, 250, 39, 189)","(151, 239, 54, 143)"
2323352.jpg,sitting on,bike,129,248,257,4,girl,181,98,154,39,1,3,252,386,137,335,"(257, 386, 4, 252)","(154, 335, 39, 137)"
2357204.jpg,watching,match,300,302,94,5,people,64,64,0,264,0,3,307,394,328,64,"(94, 394, 5, 307)","(0, 64, 264, 328)"
2378837.jpg,sitting on,desk,170,235,301,124,camera,29,34,347,263,1,3,359,471,297,376,"(301, 471, 124, 359)","(347, 376, 263, 297)"
2372161.jpg,sitting on,plate,228,270,100,26,sandwich,175,215,107,15,1,3,296,328,230,282,"(100, 328, 26, 296)","(107, 282, 15, 230)"
713635.jpg,wearing,skirt,48,27,749,176,girl,135,29,688,182,0,3,203,797,211,823,"(749, 797, 176, 203)","(688, 823, 182, 211)"
2373731.jpg,sitting on,snow,330,494,2,3,skis,53,52,235,20,1,3,497,332,72,288,"(2, 332, 3, 497)","(235, 288, 20, 72)"
2316704.jpg,wearing,shirt,14,10,168,246,man,45,14,157,244,0,3,256,182,258,202,"(168, 182, 246, 256)","(157, 202, 244, 258)"
2380769.jpg,wearing,helmet,13,14,168,419,man,24,20,170,413,0,3,433,181,433,194,"(168, 181, 419, 433)","(170, 194, 413, 433)"
2328252.jpg,sitting on,bench,20,19,99,429,player,31,20,80,396,1,3,448,119,416,111,"(99, 119, 429, 448)","(80, 111, 396, 416)"
2384753.jpg,sitting on,table,73,48,179,175,pictures,28,35,161,175,1,3,223,252,210,189,"(179, 252, 175, 223)","(161, 189, 175, 210)"
2385333.jpg,wearing,hat,30,28,201,260,baby,90,76,200,232,0,3,288,231,308,290,"(201, 231, 260, 288)","(200, 290, 232, 308)"
2414508.jpg,wearing,backpack,39,54,126,350,snowboarder,266,107,75,346,0,3,404,165,453,341,"(126, 165, 350, 404)","(75, 341, 346, 453)"
2372101.jpg,sitting on,plate,95,160,179,0,roll,53,64,171,63,1,3,160,274,127,224,"(179, 274, 0, 160)","(171, 224, 63, 127)"
2343184.jpg,hanging from,ceiling,221,142,5,357,clock,25,28,175,420,0,3,499,226,448,200,"(5, 226, 357, 499)","(175, 200, 420, 448)"
2402008.jpg,sitting on,tripod,141,75,30,344,camera,28,35,3,340,1,3,419,171,375,31,"(30, 171, 344, 419)","(3, 31, 340, 375)"
2377554.jpg,sitting on,bench,84,73,293,197,man,115,101,251,168,1,3,270,377,269,366,"(293, 377, 197, 270)","(251, 366, 168, 269)"
2356099.jpg,sitting on,shelf,8,42,138,330,book,41,8,101,340,1,3,372,146,348,142,"(138, 146, 330, 372)","(101, 142, 340, 348)"
2405772.jpg,watching,tv,80,100,21,188,person,58,71,136,412,0,3,288,101,483,194,"(21, 101, 188, 288)","(136, 194, 412, 483)"
2346275.jpg,wearing,coveralls,132,57,186,195,man,146,67,177,185,0,3,252,318,252,323,"(186, 318, 195, 252)","(177, 323, 185, 252)"
2344068.jpg,riding,horse,32,35,200,150,man,30,17,190,162,0,3,185,232,179,220,"(200, 232, 150, 185)","(190, 220, 162, 179)"
2380287.jpg,standing on,truck,207,245,12,3,man,21,43,0,53,0,3,248,219,96,21,"(12, 219, 3, 248)","(0, 21, 53, 96)"
286053.jpg,sitting on,bench,92,76,460,730,woman,94,60,416,646,1,3,806,552,706,510,"(460, 552, 730, 806)","(416, 510, 646, 706)"
2351057.jpg,sitting on,pizza,136,245,45,14,mushroom,17,16,143,133,1,3,259,181,149,160,"(45, 181, 14, 259)","(143, 160, 133, 149)"
1650.jpg,standing on,sidewalk,113,168,333,2,post,184,40,242,26,0,3,170,446,66,426,"(333, 446, 2, 170)","(242, 426, 26, 66)"
2412436.jpg,sitting on,table,289,497,42,0,glass,117,109,15,72,1,3,497,331,181,132,"(42, 331, 0, 497)","(15, 132, 72, 181)"
2388978.jpg,wearing,shirt,126,82,56,240,girl,361,207,1,174,0,3,322,182,381,362,"(56, 182, 240, 322)","(1, 362, 174, 381)"
2350815.jpg,wearing,shoe,12,31,396,337,person,152,53,256,341,0,3,368,408,394,408,"(396, 408, 337, 368)","(256, 408, 341, 394)"
2328292.jpg,sitting on,table,485,371,14,1,sandwich,41,53,173,187,1,3,372,499,240,214,"(14, 499, 1, 372)","(173, 214, 187, 240)"
2412081.jpg,wearing,visor,21,39,111,22,woman,193,51,99,19,0,3,61,132,70,292,"(111, 132, 22, 61)","(99, 292, 19, 70)"
2403710.jpg,wearing,vest,23,20,163,354,dog,95,109,124,345,0,3,374,186,454,219,"(163, 186, 354, 374)","(124, 219, 345, 454)"
2357527.jpg,painted on,bus,185,392,37,52,paint,8,9,150,71,0,3,444,222,80,158,"(37, 222, 52, 444)","(150, 158, 71, 80)"
2411489.jpg,sitting on,steps,247,189,54,1,woman,139,76,124,58,1,3,190,301,134,263,"(54, 301, 1, 190)","(124, 263, 58, 134)"
2386579.jpg,sitting on,couch,227,499,100,0,man,298,188,28,95,1,3,499,327,283,326,"(100, 327, 0, 499)","(28, 326, 95, 283)"
2387230.jpg,standing on,sidewalk,35,353,175,61,people,23,54,159,36,0,3,414,210,90,182,"(175, 210, 61, 414)","(159, 182, 36, 90)"
2407769.jpg,sitting on,table,58,65,188,31,tv,77,67,124,22,1,3,96,246,89,201,"(188, 246, 31, 96)","(124, 201, 22, 89)"
2384812.jpg,sitting on,beach,330,497,34,1,girl,54,77,221,270,1,3,498,364,347,275,"(34, 364, 1, 498)","(221, 275, 270, 347)"
1370.jpg,mounted on,cabinet,68,31,197,102,door,69,32,196,102,0,3,133,265,134,265,"(197, 265, 102, 133)","(196, 265, 102, 134)"
2396145.jpg,sitting on,ground,34,166,90,332,cat,70,74,52,414,1,3,498,124,488,122,"(90, 124, 332, 498)","(52, 122, 414, 488)"
2320772.jpg,wearing,shirt,72,74,47,260,man,130,145,19,242,0,3,334,119,387,149,"(47, 119, 260, 334)","(19, 149, 242, 387)"
2380375.jpg,walking in,street,295,497,102,0,man,62,18,173,69,0,3,497,397,87,235,"(102, 397, 0, 497)","(173, 235, 69, 87)"
2391950.jpg,watching,motorcycle,243,186,192,27,man,75,28,24,96,0,3,213,435,124,99,"(192, 435, 27, 213)","(24, 99, 96, 124)"
1767.jpg,sitting on,wall,56,316,400,440,person,46,59,379,674,1,3,756,456,733,425,"(400, 456, 440, 756)","(379, 425, 674, 733)"
2355799.jpg,wearing,shorts,10,17,210,55,man,97,51,156,36,0,3,72,220,87,253,"(210, 220, 55, 72)","(156, 253, 36, 87)"
2360482.jpg,sitting on,floor,159,468,215,31,ottoman,47,45,214,121,1,3,499,374,166,261,"(215, 374, 31, 499)","(214, 261, 121, 166)"
2362629.jpg,hanging from,roof,41,57,44,423,plants,70,62,95,429,0,3,480,85,491,165,"(44, 85, 423, 480)","(95, 165, 429, 491)"
2408431.jpg,wearing,black,42,21,210,109,man,54,30,203,106,0,3,130,252,136,257,"(210, 252, 109, 130)","(203, 257, 106, 136)"
2403779.jpg,sitting on,table,499,373,1,1,plate,378,347,75,21,1,3,374,500,368,453,"(1, 500, 1, 374)","(75, 453, 21, 368)"
2405031.jpg,sitting on,counter,31,307,125,193,beer,60,25,82,424,1,3,500,156,449,142,"(125, 156, 193, 500)","(82, 142, 424, 449)"
2373112.jpg,wearing,cap,35,29,16,276,man,140,133,15,207,0,3,305,51,340,155,"(16, 51, 276, 305)","(15, 155, 207, 340)"
2387036.jpg,sitting on,sofa,216,476,114,3,man,279,301,52,161,1,3,479,330,462,331,"(114, 330, 3, 479)","(52, 331, 161, 462)"
1160152.jpg,sitting on,arm,228,73,528,693,boy,462,223,230,665,1,3,766,756,888,692,"(528, 756, 693, 766)","(230, 692, 665, 888)"
2392086.jpg,wearing,headband,17,39,16,156,man,356,142,7,114,0,3,195,33,256,363,"(16, 33, 156, 195)","(7, 363, 114, 256)"
2389362.jpg,wearing,black,38,31,265,186,woman,149,54,217,184,0,3,217,303,238,366,"(265, 303, 186, 217)","(217, 366, 184, 238)"
2352135.jpg,sitting on,ground,364,494,9,2,something,7,11,85,397,1,3,496,373,408,92,"(9, 373, 2, 496)","(85, 92, 397, 408)"
1743.jpg,sitting on,desk,218,395,378,147,laptop,62,96,354,194,1,3,542,596,290,416,"(378, 596, 147, 542)","(354, 416, 194, 290)"
2351810.jpg,covering,street,87,496,285,2,smoke,360,483,5,12,0,3,498,372,495,365,"(285, 372, 2, 498)","(5, 365, 12, 495)"
2372171.jpg,wearing,hat,21,20,283,270,man,45,50,286,263,0,3,290,304,313,331,"(283, 304, 270, 290)","(286, 331, 263, 313)"
2415905.jpg,wearing,shirt,89,72,166,425,person,190,77,141,418,0,3,497,255,495,331,"(166, 255, 425, 497)","(141, 331, 418, 495)"
2412220.jpg,sitting on,bench,100,58,315,5,person,62,28,354,122,1,3,63,415,150,416,"(315, 415, 5, 63)","(354, 416, 122, 150)"
2341938.jpg,sitting on,table,368,494,4,4,candle,20,45,4,348,1,3,498,372,393,24,"(4, 372, 4, 498)","(4, 24, 348, 393)"
2410874.jpg,sitting on,wagon,105,138,136,256,driver,84,32,130,334,1,3,394,241,366,214,"(136, 241, 256, 394)","(130, 214, 334, 366)"
2397305.jpg,wearing,vest,13,12,377,138,policeman,28,14,363,139,0,3,150,390,153,391,"(377, 390, 138, 150)","(363, 391, 139, 153)"
610.jpg,wearing,pants,84,48,409,569,woman,166,70,333,560,0,3,617,493,630,499,"(409, 493, 569, 617)","(333, 499, 560, 630)"
2338421.jpg,sitting on,skateboard,18,51,195,209,person,50,47,169,210,1,3,260,213,257,219,"(195, 213, 209, 260)","(169, 219, 210, 257)"
2404381.jpg,sitting on,desk,221,495,3,5,cd,57,75,89,167,1,3,500,224,242,146,"(3, 224, 5, 500)","(89, 146, 167, 242)"
2359715.jpg,wearing,shirt,114,101,260,341,kid,193,142,181,307,0,3,442,374,449,374,"(260, 374, 341, 442)","(181, 374, 307, 449)"
2325871.jpg,wearing,shirt,65,59,214,132,woman,137,54,189,134,0,3,191,279,188,326,"(214, 279, 132, 191)","(189, 326, 134, 188)"
2363601.jpg,covering,ground,146,499,184,0,snow,105,95,212,117,0,3,499,330,212,317,"(184, 330, 0, 499)","(212, 317, 117, 212)"
2397948.jpg,wearing,goggles,36,57,166,118,woman,351,134,149,86,0,3,175,202,220,500,"(166, 202, 118, 175)","(149, 500, 86, 220)"
2376025.jpg,lying on,bed,362,466,120,17,boy,257,455,182,25,0,3,483,482,480,439,"(120, 482, 17, 483)","(182, 439, 25, 480)"
497950.jpg,standing on,skis,50,223,538,747,man,290,184,296,788,0,3,970,588,972,586,"(538, 588, 747, 970)","(296, 586, 788, 972)"
2364132.jpg,sitting on,windowsill,19,170,355,106,cat,271,251,102,1,1,3,276,374,252,373,"(355, 374, 106, 276)","(102, 373, 1, 252)"
2318.jpg,standing on,sidewalk,67,389,327,408,people,89,139,280,305,0,3,797,394,444,369,"(327, 394, 408, 797)","(280, 369, 305, 444)"
2392465.jpg,covered in,plants,92,378,241,120,log,53,480,279,6,0,3,498,333,486,332,"(241, 333, 120, 498)","(279, 332, 6, 486)"
2359832.jpg,sitting on,table,120,499,351,0,keys,21,53,361,56,1,3,499,471,109,382,"(351, 471, 0, 499)","(361, 382, 56, 109)"
2328939.jpg,riding,horse,258,224,46,46,woman,141,84,23,125,0,3,270,304,209,164,"(46, 304, 46, 270)","(23, 164, 125, 209)"
2352758.jpg,wearing,pants,44,31,0,279,man,52,34,0,278,0,3,310,44,312,52,"(0, 44, 279, 310)","(0, 52, 278, 312)"
2385293.jpg,wearing,cleat,28,43,191,275,man,216,169,8,148,0,3,318,219,317,224,"(191, 219, 275, 318)","(8, 224, 148, 317)"
2389099.jpg,sitting on,fence,119,293,92,207,post,70,6,1,249,1,3,500,211,255,71,"(92, 211, 207, 500)","(1, 71, 249, 255)"
2395394.jpg,riding,boot,30,35,189,190,motorcycle,126,213,125,121,0,3,225,219,334,251,"(189, 219, 190, 225)","(125, 251, 121, 334)"
2405261.jpg,sitting on,bench,111,193,176,144,person,161,134,137,201,1,3,337,287,335,298,"(176, 287, 144, 337)","(137, 298, 201, 335)"
2359832.jpg,sitting on,table,120,499,351,0,bowl,68,162,348,126,1,3,499,471,288,416,"(351, 471, 0, 499)","(348, 416, 126, 288)"
2396564.jpg,wearing,sneakers,26,34,260,193,woman,194,57,74,191,0,3,227,286,248,268,"(260, 286, 193, 227)","(74, 268, 191, 248)"
2362375.jpg,riding,motorcycle,54,72,224,386,person,98,58,202,321,0,3,458,278,379,300,"(224, 278, 386, 458)","(202, 300, 321, 379)"
2336963.jpg,sitting on,blanket,101,74,398,139,doll,251,170,206,83,1,3,213,499,253,457,"(398, 499, 139, 213)","(206, 457, 83, 253)"
2405696.jpg,wearing,hat,126,86,2,175,woman,278,195,2,4,0,3,261,128,199,280,"(2, 128, 175, 261)","(2, 280, 4, 199)"
2343604.jpg,wearing,glove,43,56,180,175,player,313,139,28,168,0,3,231,223,307,341,"(180, 223, 175, 231)","(28, 341, 168, 307)"
2328342.jpg,wearing,dress,60,54,217,60,mannequin,80,55,204,56,0,3,114,277,111,284,"(217, 277, 60, 114)","(204, 284, 56, 111)"
2379803.jpg,sitting on,table,367,499,7,1,vase,315,204,29,155,1,3,500,374,359,344,"(7, 374, 1, 500)","(29, 344, 155, 359)"
2401622.jpg,sitting on,grass,130,241,355,36,couple,335,385,64,104,1,3,277,485,489,399,"(355, 485, 36, 277)","(64, 399, 104, 489)"
2345256.jpg,wearing,hoodie,143,148,186,48,man,223,147,187,49,0,3,196,329,196,410,"(186, 329, 48, 196)","(187, 410, 49, 196)"
604.jpg,sitting on,sidewalk,113,684,298,4,cart,218,277,189,204,1,3,688,411,481,407,"(298, 411, 4, 688)","(189, 407, 204, 481)"
2354281.jpg,wearing,jersey,221,150,193,61,man,399,253,99,46,0,3,211,414,299,498,"(193, 414, 61, 211)","(99, 498, 46, 299)"
2376105.jpg,riding,bike,35,68,463,246,woman,50,38,434,260,0,3,314,498,298,484,"(463, 498, 246, 314)","(434, 484, 260, 298)"
2324380.jpg,hanging from,building,131,190,1,0,sign,73,136,47,9,0,3,190,132,145,120,"(1, 132, 0, 190)","(47, 120, 9, 145)"
2352628.jpg,walking on,grass,242,494,86,5,elephant,119,101,125,220,0,3,499,328,321,244,"(86, 328, 5, 499)","(125, 244, 220, 321)"
2324561.jpg,wearing,necktie,93,34,157,370,man,328,269,71,227,0,3,404,250,496,399,"(157, 250, 370, 404)","(71, 399, 227, 496)"
2372080.jpg,sitting on,bench,142,193,200,136,man,347,184,90,65,1,3,329,342,249,437,"(200, 342, 136, 329)","(90, 437, 65, 249)"
2405708.jpg,sitting on,table,234,381,28,116,can,58,40,7,409,1,3,497,262,449,65,"(28, 262, 116, 497)","(7, 65, 409, 449)"
2359141.jpg,covering,branch,17,20,90,64,snow,235,280,20,7,0,3,84,107,287,255,"(90, 107, 64, 84)","(20, 255, 7, 287)"
2406838.jpg,playing,frisbee,29,36,28,152,man,258,114,35,177,0,3,188,57,291,293,"(28, 57, 152, 188)","(35, 293, 177, 291)"
2340341.jpg,sitting on,bookcase,188,147,118,12,pitcher,14,17,216,79,1,3,159,306,96,230,"(118, 306, 12, 159)","(216, 230, 79, 96)"
2417462.jpg,sitting on,chair,310,468,0,0,bears,173,278,77,115,1,3,468,310,393,250,"(0, 310, 0, 468)","(77, 250, 115, 393)"
2374981.jpg,sitting on,sidewalk,67,476,171,23,person,65,32,115,381,1,3,499,238,413,180,"(171, 238, 23, 499)","(115, 180, 381, 413)"
352.jpg,sitting on,porch,253,740,100,57,pumpkin,81,90,219,349,1,3,797,353,439,300,"(100, 353, 57, 797)","(219, 300, 349, 439)"
2345268.jpg,wearing,shirt,136,181,93,258,boy,288,204,33,242,0,3,439,229,446,321,"(93, 229, 258, 439)","(33, 321, 242, 446)"
2322880.jpg,sitting on,bench,42,122,229,150,person,68,35,205,227,1,3,272,271,262,273,"(229, 271, 150, 272)","(205, 273, 227, 262)"
2358281.jpg,sitting on,bedspread,85,498,289,1,keyboard,92,293,281,46,1,3,499,374,339,373,"(289, 374, 1, 499)","(281, 373, 46, 339)"
2343541.jpg,lying on,board,30,227,392,43,knife,35,72,382,222,0,3,270,422,294,417,"(392, 422, 43, 270)","(382, 417, 222, 294)"
2384095.jpg,sitting on,shelf,44,202,17,0,items,45,219,0,0,1,3,202,61,219,45,"(17, 61, 0, 202)","(0, 45, 0, 219)"
2354352.jpg,lying on,beach,191,490,134,5,kite,75,82,198,263,0,3,495,325,345,273,"(134, 325, 5, 495)","(198, 273, 263, 345)"
2386602.jpg,wearing,tie,15,27,146,192,man,288,210,86,96,0,3,219,161,306,374,"(146, 161, 192, 219)","(86, 374, 96, 306)"
2318673.jpg,standing on,median,141,65,95,107,person,45,19,157,121,0,3,172,236,140,202,"(95, 236, 107, 172)","(157, 202, 121, 140)"
2385704.jpg,sitting on,bus,180,430,124,53,people,40,143,130,232,1,3,483,304,375,170,"(124, 304, 53, 483)","(130, 170, 232, 375)"
2405526.jpg,growing on,tree,180,165,1,267,leaf,4,5,117,316,0,3,432,181,321,121,"(1, 181, 267, 432)","(117, 121, 316, 321)"
2389494.jpg,sitting on,chair,306,360,49,76,dog,119,227,111,169,1,3,436,355,396,230,"(49, 355, 76, 436)","(111, 230, 169, 396)"
2407877.jpg,wearing,top,134,232,182,12,woman,259,362,61,8,0,3,244,316,370,320,"(182, 316, 12, 244)","(61, 320, 8, 370)"
2344878.jpg,wearing,shorts,47,68,252,140,boy,308,109,82,114,0,3,208,299,223,390,"(252, 299, 140, 208)","(82, 390, 114, 223)"
2415379.jpg,sitting on,bookshelves,111,115,62,98,items,23,39,122,161,1,3,213,173,200,145,"(62, 173, 98, 213)","(122, 145, 161, 200)"
2335929.jpg,sitting on,snow,373,498,0,1,man,238,245,29,108,1,3,499,373,353,267,"(0, 373, 1, 499)","(29, 267, 108, 353)"
2374629.jpg,standing on,pier,43,499,243,0,dog,103,90,169,312,0,3,499,286,402,272,"(243, 286, 0, 499)","(169, 272, 312, 402)"
2328393.jpg,walking on,sidewalk,276,497,67,1,person,231,91,47,75,0,3,498,343,166,278,"(67, 343, 1, 498)","(47, 278, 75, 166)"
713230.jpg,sitting on,shelf,27,93,426,224,player,34,85,408,226,1,3,317,453,311,442,"(426, 453, 224, 317)","(408, 442, 226, 311)"
2318323.jpg,growing on,arm,224,101,174,397,hair,171,98,227,401,0,3,498,398,499,398,"(174, 398, 397, 498)","(227, 398, 401, 499)"
2410957.jpg,wearing,visor,18,28,110,195,woman,174,152,108,151,0,3,223,128,303,282,"(110, 128, 195, 223)","(108, 282, 151, 303)"
2396825.jpg,wearing,jacket,73,48,204,184,man,130,61,185,181,0,3,232,277,242,315,"(204, 277, 184, 232)","(185, 315, 181, 242)"
2399602.jpg,sitting on,paper,259,500,38,0,pizza,226,488,69,0,1,3,500,297,488,295,"(38, 297, 0, 500)","(69, 295, 0, 488)"
2368200.jpg,wearing,tie,84,25,116,237,man,310,173,57,183,0,3,262,200,356,367,"(116, 200, 237, 262)","(57, 367, 183, 356)"
2366985.jpg,sitting on,wire,65,430,151,0,bird,39,26,166,353,1,3,430,216,379,205,"(151, 216, 0, 430)","(166, 205, 353, 379)"
2344438.jpg,sitting on,shelf,94,476,186,6,vase,196,60,45,164,1,3,482,280,224,241,"(186, 280, 6, 482)","(45, 241, 164, 224)"
2366209.jpg,sitting on,sand,280,496,44,2,boat,52,108,72,260,1,3,498,324,368,124,"(44, 324, 2, 498)","(72, 124, 260, 368)"
2385198.jpg,sitting on,desk,238,463,136,33,monitor,105,143,34,148,1,3,496,374,291,139,"(136, 374, 33, 496)","(34, 139, 148, 291)"
2328214.jpg,sitting on,shelf,153,42,45,270,cup,21,7,177,292,1,3,312,198,299,198,"(45, 198, 270, 312)","(177, 198, 292, 299)"
2405476.jpg,sitting on,bed,300,487,74,1,cat,289,485,62,2,1,3,488,374,487,351,"(74, 374, 1, 488)","(62, 351, 2, 487)"
2333479.jpg,sitting on,snow,107,97,314,319,people,41,23,172,248,1,3,416,421,271,213,"(314, 421, 319, 416)","(172, 213, 248, 271)"
2350222.jpg,sitting on,bleachers,206,246,138,134,person,61,32,191,326,1,3,380,344,358,252,"(138, 344, 134, 380)","(191, 252, 326, 358)"
2408324.jpg,sitting on,microwave,125,199,141,71,cat,82,137,62,96,1,3,270,266,233,144,"(141, 266, 71, 270)","(62, 144, 96, 233)"
2323033.jpg,wearing,coat,114,70,139,173,man,231,188,100,56,0,3,243,253,244,331,"(139, 253, 173, 243)","(100, 331, 56, 244)"
2388613.jpg,sitting on,shelf,276,74,153,145,cds,34,77,172,142,1,3,219,429,219,206,"(153, 429, 145, 219)","(172, 206, 142, 219)"
2348869.jpg,wearing,boots,27,29,296,420,man,167,81,155,405,0,3,449,323,486,322,"(296, 323, 420, 449)","(155, 322, 405, 486)"
2384672.jpg,wearing,shorts,65,63,195,165,man,215,96,87,155,0,3,228,260,251,302,"(195, 260, 165, 228)","(87, 302, 155, 251)"
2328252.jpg,sitting on,bench,18,81,79,49,player,47,39,49,49,1,3,130,97,88,96,"(79, 97, 49, 130)","(49, 96, 49, 88)"
2348902.jpg,wearing,shorts,33,33,152,254,man,102,47,108,259,0,3,287,185,306,210,"(152, 185, 254, 287)","(108, 210, 259, 306)"
2376265.jpg,wearing,glasses,31,33,80,323,man,227,334,39,143,0,3,356,111,477,266,"(80, 111, 323, 356)","(39, 266, 143, 477)"
2399113.jpg,carrying,backpack,36,30,142,454,person,67,16,119,467,0,3,484,178,483,186,"(142, 178, 454, 484)","(119, 186, 467, 483)"
2368958.jpg,sitting on,grass,233,374,170,1,man,91,50,239,308,1,3,375,403,358,330,"(170, 403, 1, 375)","(239, 330, 308, 358)"
2346397.jpg,flying in,sky,207,305,1,139,kite,82,60,55,75,0,3,444,208,135,137,"(1, 208, 139, 444)","(55, 137, 75, 135)"
2346429.jpg,wearing,t-shirt,93,48,177,174,child,156,141,113,177,0,3,222,270,318,269,"(177, 270, 174, 222)","(113, 269, 177, 318)"
2372246.jpg,wearing,shirt,14,12,265,421,person,50,14,254,130,0,3,433,279,144,304,"(265, 279, 421, 433)","(254, 304, 130, 144)"
2412398.jpg,sitting on,cover,53,206,279,282,boy,300,336,32,46,1,3,488,332,382,332,"(279, 332, 282, 488)","(32, 332, 46, 382)"
2355834.jpg,flying in,sky,362,494,7,5,bird,92,55,122,229,0,3,499,369,284,214,"(7, 369, 5, 499)","(122, 214, 229, 284)"
2393914.jpg,painted on,field,329,481,1,2,line,20,94,226,123,0,3,483,330,217,246,"(1, 330, 2, 483)","(226, 246, 123, 217)"
498279.jpg,hanging from,wall,329,635,1,4,scissors,95,36,40,434,0,3,639,330,470,135,"(1, 330, 4, 639)","(40, 135, 434, 470)"
2392582.jpg,wearing,scarf,46,93,219,1,bear,315,194,18,1,0,3,94,265,195,333,"(219, 265, 1, 94)","(18, 333, 1, 195)"
2389369.jpg,sitting on,people,59,65,229,282,people,46,40,234,247,1,3,347,288,287,280,"(229, 288, 282, 347)","(234, 280, 247, 287)"
2330958.jpg,standing on,shore,171,497,47,2,tree,165,141,0,330,0,3,499,218,471,165,"(47, 218, 2, 499)","(0, 165, 330, 471)"
2411940.jpg,sitting on,grass,54,498,277,1,cat,309,444,23,56,1,3,499,331,500,332,"(277, 331, 1, 499)","(23, 332, 56, 500)"
2386525.jpg,sitting on,desk,495,309,5,3,cat,422,266,39,45,1,3,312,500,311,461,"(5, 500, 3, 312)","(39, 461, 45, 311)"
2330968.jpg,sitting on,bench,146,313,233,20,plate,43,81,324,33,1,3,333,379,114,367,"(233, 379, 20, 333)","(324, 367, 33, 114)"
2390367.jpg,sitting on,stairs,56,300,275,198,man,24,20,296,210,1,3,498,331,230,320,"(275, 331, 198, 498)","(296, 320, 210, 230)"
2383773.jpg,sitting on,floor,113,346,259,134,photo,40,61,210,162,1,3,480,372,223,250,"(259, 372, 134, 480)","(210, 250, 162, 223)"
2415485.jpg,lying on,grass,52,82,57,346,animals,265,460,23,24,0,3,428,109,484,288,"(57, 109, 346, 428)","(23, 288, 24, 484)"
2347774.jpg,wearing,shoes,23,37,69,25,person,77,78,15,20,0,3,62,92,98,92,"(69, 92, 25, 62)","(15, 92, 20, 98)"
2338838.jpg,sitting on,ground,246,493,81,2,girl,129,118,110,98,1,3,495,327,216,239,"(81, 327, 2, 495)","(110, 239, 98, 216)"
285956.jpg,sitting on,couch,128,402,157,0,cat,236,84,50,218,1,3,402,285,302,286,"(157, 285, 0, 402)","(50, 286, 218, 302)"
2341577.jpg,wearing,hat,94,144,90,145,man,274,305,100,35,0,3,289,184,340,374,"(90, 184, 145, 289)","(100, 374, 35, 340)"
1592502.jpg,walking on,bridge,268,1016,136,2,person,44,33,121,966,0,3,1018,404,999,165,"(136, 404, 2, 1018)","(121, 165, 966, 999)"
2331048.jpg,carrying,hay,44,103,68,157,vehicle,80,63,74,172,0,3,260,112,235,154,"(68, 112, 157, 260)","(74, 154, 172, 235)"
2320919.jpg,covering,ground,58,483,227,1,dirt,55,222,230,1,0,3,484,285,223,285,"(227, 285, 1, 484)","(230, 285, 1, 223)"
2401068.jpg,wearing,shirt,65,213,309,238,person,188,464,183,31,0,3,451,374,495,371,"(309, 374, 238, 451)","(183, 371, 31, 495)"
2335674.jpg,sitting on,table,190,252,181,0,chips,57,40,150,1,1,3,252,371,41,207,"(181, 371, 0, 252)","(150, 207, 1, 41)"
2383556.jpg,sitting on,chair,214,56,285,277,woman,374,282,125,12,1,3,333,499,294,499,"(285, 499, 277, 333)","(125, 499, 12, 294)"
2409188.jpg,sitting on,chair,60,52,227,437,woman,79,60,196,439,1,3,489,287,499,275,"(227, 287, 437, 489)","(196, 275, 439, 499)"
2385093.jpg,sitting on,planter,63,77,217,34,man,118,58,151,82,1,3,111,280,140,269,"(217, 280, 34, 111)","(151, 269, 82, 140)"
2414353.jpg,sitting on,wall,168,361,164,137,women,84,57,119,442,1,3,498,332,499,203,"(164, 332, 137, 498)","(119, 203, 442, 499)"
2358797.jpg,sitting on,chair,106,159,229,40,battery,8,11,302,125,1,3,199,335,136,310,"(229, 335, 40, 199)","(302, 310, 125, 136)"
2341022.jpg,wearing,skirt,44,73,182,299,girl,289,145,81,226,0,3,372,226,371,370,"(182, 226, 299, 372)","(81, 370, 226, 371)"
1682.jpg,sitting on,counter,335,193,263,3,plate,45,52,221,39,1,3,196,598,91,266,"(263, 598, 3, 196)","(221, 266, 39, 91)"
2319814.jpg,standing on,grass,424,496,75,2,person,84,34,77,402,0,3,498,499,436,161,"(75, 499, 2, 498)","(77, 161, 402, 436)"
2360256.jpg,sitting on,desk,182,448,90,16,stapler,30,35,110,88,1,3,464,272,123,140,"(90, 272, 16, 464)","(110, 140, 88, 123)"
61562.jpg,sitting on,table,382,560,229,1,book,248,314,297,0,1,3,561,611,314,545,"(229, 611, 1, 561)","(297, 545, 0, 314)"
2380739.jpg,wearing,pants,139,115,221,167,man,317,121,47,160,0,3,282,360,281,364,"(221, 360, 167, 282)","(47, 364, 160, 281)"
2378847.jpg,sitting on,bench,78,243,338,56,people,68,169,287,76,1,3,299,416,245,355,"(338, 416, 56, 299)","(287, 355, 76, 245)"
2336405.jpg,wearing,shirt,96,99,87,156,boy,226,153,49,126,0,3,255,183,279,275,"(87, 183, 156, 255)","(49, 275, 126, 279)"
2345527.jpg,sitting on,chair,209,171,77,5,bird,65,73,12,71,1,3,176,286,144,77,"(77, 286, 5, 176)","(12, 77, 71, 144)"
2383946.jpg,sitting on,bench,164,389,180,62,man,57,135,130,271,1,3,451,344,406,187,"(180, 344, 62, 451)","(130, 187, 271, 406)"
2344192.jpg,sitting on,curb,26,119,252,380,family,74,134,179,365,1,3,499,278,499,253,"(252, 278, 380, 499)","(179, 253, 365, 499)"
2372735.jpg,sitting on,bicycle,172,282,81,38,man,190,186,19,76,1,3,320,253,262,209,"(81, 253, 38, 320)","(19, 209, 76, 262)"
2342206.jpg,sitting on,bench,57,154,262,6,man,55,46,80,153,1,3,160,319,199,135,"(262, 319, 6, 160)","(80, 135, 153, 199)"
2397952.jpg,covering,wall,256,282,0,128,print,156,100,0,399,0,3,410,256,499,156,"(0, 256, 128, 410)","(0, 156, 399, 499)"
2342211.jpg,wearing,eyeglasses,42,122,34,132,man,378,372,1,1,0,3,254,76,373,379,"(34, 76, 132, 254)","(1, 379, 1, 373)"
2337945.jpg,standing on,floor,114,482,219,3,couch,143,121,165,378,0,3,485,333,499,308,"(219, 333, 3, 485)","(165, 308, 378, 499)"
2383754.jpg,sitting on,motorcycle,118,94,160,405,man,159,108,97,385,1,3,499,278,493,256,"(160, 278, 405, 499)","(97, 256, 385, 493)"
2361354.jpg,sitting on,bus,203,415,95,45,passenger,38,21,144,205,1,3,460,298,226,182,"(95, 298, 45, 460)","(144, 182, 205, 226)"
2411099.jpg,sitting on,table,90,142,212,126,laptop,158,189,95,26,1,3,268,302,215,253,"(212, 302, 126, 268)","(95, 253, 26, 215)"
2341978.jpg,wearing,shirt,73,45,147,36,woman,197,45,122,36,0,3,81,220,81,319,"(147, 220, 36, 81)","(122, 319, 36, 81)"
2391032.jpg,wearing,jeans,75,86,135,15,skateboarder,133,150,85,8,0,3,101,210,158,218,"(135, 210, 15, 101)","(85, 218, 8, 158)"
2361132.jpg,sitting on,desk,90,126,208,78,lamp,102,60,162,64,1,3,204,298,124,264,"(208, 298, 78, 204)","(162, 264, 64, 124)"
2411364.jpg,playing,frisbee,38,51,88,203,man,121,144,150,195,0,3,254,126,339,271,"(88, 126, 203, 254)","(150, 271, 195, 339)"
2380927.jpg,sitting on,log,151,337,218,160,man,217,114,147,360,1,3,497,369,474,364,"(218, 369, 160, 497)","(147, 364, 360, 474)"
2380328.jpg,wearing,shoe,12,21,304,110,man,166,91,179,72,0,3,131,316,163,345,"(304, 316, 110, 131)","(179, 345, 72, 163)"
2403450.jpg,wearing,pants,37,24,81,217,woman,150,69,14,208,0,3,241,118,277,164,"(81, 118, 217, 241)","(14, 164, 208, 277)"
2345086.jpg,sitting on,ground,99,461,225,21,people,38,91,222,266,1,3,482,324,357,260,"(225, 324, 21, 482)","(222, 260, 266, 357)"
2321919.jpg,sitting on,table,480,479,5,4,bowl,279,377,163,106,1,3,483,485,483,442,"(5, 485, 4, 483)","(163, 442, 106, 483)"
2409446.jpg,wearing,wetsuit,155,120,65,103,man,192,144,50,95,0,3,223,220,239,242,"(65, 220, 103, 223)","(50, 242, 95, 239)"
2372762.jpg,carrying,boxes,116,116,77,181,person,253,150,78,149,0,3,297,193,299,331,"(77, 193, 181, 297)","(78, 331, 149, 299)"
2394959.jpg,wearing,watch,12,16,99,381,man,137,88,2,364,0,3,397,111,452,139,"(99, 111, 381, 397)","(2, 139, 364, 452)"
2372080.jpg,sitting on,bag,99,89,219,239,cap,26,60,218,271,1,3,328,318,331,244,"(219, 318, 239, 328)","(218, 244, 271, 331)"
2342799.jpg,sitting on,shelf,21,163,147,67,apple,17,10,131,150,1,3,230,168,160,148,"(147, 168, 67, 230)","(131, 148, 150, 160)"
2342864.jpg,sitting on,table,210,373,289,0,glass,148,86,216,108,1,3,373,499,194,364,"(289, 499, 0, 373)","(216, 364, 108, 194)"
2386442.jpg,wearing,shirt,220,187,153,0,woman,372,187,1,1,0,3,187,373,188,373,"(153, 373, 0, 187)","(1, 373, 1, 188)"
2381902.jpg,sitting on,plate,424,498,74,0,orange,174,141,120,358,1,3,498,498,499,294,"(74, 498, 0, 498)","(120, 294, 358, 499)"
2367885.jpg,standing on,sidewalk,135,248,197,0,person,75,20,187,31,0,3,248,332,51,262,"(197, 332, 0, 248)","(187, 262, 31, 51)"
2414787.jpg,wearing,pants,70,195,304,88,woman,259,202,115,80,0,3,283,374,282,374,"(304, 374, 88, 283)","(115, 374, 80, 282)"
2360252.jpg,wearing,helmet,57,66,105,205,man,160,135,92,190,0,3,271,162,325,252,"(105, 162, 205, 271)","(92, 252, 190, 325)"
2342402.jpg,sitting on,box,38,56,126,113,person,50,32,90,122,1,3,169,164,154,140,"(126, 164, 113, 169)","(90, 140, 122, 154)"
2375573.jpg,sitting on,bench,34,45,176,440,lady,50,29,160,455,1,3,485,210,484,210,"(176, 210, 440, 485)","(160, 210, 455, 484)"
2342406.jpg,sitting on,snow,201,492,172,7,person,23,19,253,87,1,3,499,373,106,276,"(172, 373, 7, 499)","(253, 276, 87, 106)"
2373062.jpg,wearing,eyeglasses,64,80,21,127,man,330,222,0,2,0,3,207,85,224,330,"(21, 85, 127, 207)","(0, 330, 2, 224)"
2394835.jpg,watching,motorcycle,92,38,74,461,crowd,79,445,57,0,0,3,499,166,445,136,"(74, 166, 461, 499)","(57, 136, 0, 445)"
2322302.jpg,wearing,visors,28,49,104,385,women,240,118,95,346,0,3,434,132,464,335,"(104, 132, 385, 434)","(95, 335, 346, 464)"
2379985.jpg,covered in,snow,141,475,228,9,ground,180,474,187,9,0,3,484,369,483,367,"(228, 369, 9, 484)","(187, 367, 9, 483)"
2339371.jpg,wearing,jacket,29,50,168,234,animal,67,157,10,3,0,3,284,197,160,77,"(168, 197, 234, 284)","(10, 77, 3, 160)"
2402247.jpg,wearing,ring,17,16,445,227,woman,484,251,4,0,0,3,243,462,251,488,"(445, 462, 227, 243)","(4, 488, 0, 251)"
2389424.jpg,sitting on,motorcycle,76,55,199,330,woman,84,30,173,335,1,3,385,275,365,257,"(199, 275, 330, 385)","(173, 257, 335, 365)"
2353901.jpg,sitting on,table,66,106,380,190,paper,68,217,429,115,1,3,296,446,332,497,"(380, 446, 190, 296)","(429, 497, 115, 332)"
2347887.jpg,sitting on,sink,116,101,115,341,jar,92,78,119,347,1,3,442,231,425,211,"(115, 231, 341, 442)","(119, 211, 347, 425)"
2411913.jpg,wearing,shoe,10,16,390,169,player,176,68,227,134,0,3,185,400,202,403,"(390, 400, 169, 185)","(227, 403, 134, 202)"
2352182.jpg,sitting on,steps,47,40,211,212,person,49,34,214,218,1,3,252,258,252,263,"(211, 258, 212, 252)","(214, 263, 218, 252)"
2412067.jpg,covered in,moss,54,30,29,428,trunk,102,57,0,414,0,3,458,83,471,102,"(29, 83, 428, 458)","(0, 102, 414, 471)"
2322880.jpg,sitting on,bench,46,120,227,147,man,58,34,205,159,1,3,267,273,193,263,"(227, 273, 147, 267)","(205, 263, 159, 193)"
2403522.jpg,flying in,sky,373,496,1,3,airplane,104,167,123,146,0,3,499,374,313,227,"(1, 374, 3, 499)","(123, 227, 146, 313)"
2380265.jpg,sitting on,ground,158,240,174,258,person,75,57,151,419,1,3,498,332,476,226,"(174, 332, 258, 498)","(151, 226, 419, 476)"
2406056.jpg,says,bread,14,28,212,113,box,58,64,192,109,0,3,141,226,173,250,"(212, 226, 113, 141)","(192, 250, 109, 173)"
2380033.jpg,wearing,pants,28,53,346,251,man,79,54,294,249,0,3,304,374,303,373,"(346, 374, 251, 304)","(294, 373, 249, 303)"
2340448.jpg,sitting on,plate,72,142,299,0,food,10,10,337,38,1,3,142,371,48,347,"(299, 371, 0, 142)","(337, 347, 38, 48)"
2347450.jpg,wearing,sweater,28,8,254,291,woman,83,30,241,290,0,3,299,282,320,324,"(254, 282, 291, 299)","(241, 324, 290, 320)"
2393919.jpg,wearing,suspenders,114,98,112,205,man,430,159,40,185,0,3,303,226,344,470,"(112, 226, 205, 303)","(40, 470, 185, 344)"
2403740.jpg,mounted on,monument,347,499,27,0,statue,51,40,120,268,0,3,499,374,308,171,"(27, 374, 0, 499)","(120, 171, 268, 308)"
2374131.jpg,sitting on,desk,196,335,80,99,bag,100,100,25,323,1,3,434,276,423,125,"(80, 276, 99, 434)","(25, 125, 323, 423)"
2317475.jpg,wearing,shirt,15,20,261,83,man,28,20,248,85,0,3,103,276,105,276,"(261, 276, 83, 103)","(248, 276, 85, 105)"
2385480.jpg,sitting on,grass,145,495,207,4,boy,119,88,218,117,1,3,499,352,205,337,"(207, 352, 4, 499)","(218, 337, 117, 205)"
2363813.jpg,sitting on,bench,41,100,7,197,man,51,60,0,184,1,3,297,48,244,51,"(7, 48, 197, 297)","(0, 51, 184, 244)"
2371841.jpg,wearing,earring,17,15,54,108,woman,373,319,1,1,0,3,123,71,320,374,"(54, 71, 108, 123)","(1, 374, 1, 320)"
2399548.jpg,riding,skateboard,22,70,275,252,boy,181,104,115,237,0,3,322,297,341,296,"(275, 297, 252, 322)","(115, 296, 237, 341)"
2319714.jpg,sitting on,floor,191,496,111,1,kid,251,302,55,22,1,3,497,302,324,306,"(111, 302, 1, 497)","(55, 306, 22, 324)"
2386584.jpg,sitting on,ground,328,495,2,3,bird,19,22,61,304,1,3,498,330,326,80,"(2, 330, 3, 498)","(61, 80, 304, 326)"
2316334.jpg,wearing,shirt,35,30,235,460,man,84,32,223,456,0,3,490,270,488,307,"(235, 270, 460, 490)","(223, 307, 456, 488)"
2378931.jpg,sitting on,table,155,366,345,7,vase,81,49,329,199,1,3,373,500,248,410,"(345, 500, 7, 373)","(329, 410, 199, 248)"
2377254.jpg,wearing,shirt,73,44,29,188,woman,103,44,2,188,0,3,232,102,232,105,"(29, 102, 188, 232)","(2, 105, 188, 232)"
2318464.jpg,hanging from,wire,179,226,1,185,light,53,41,182,397,0,3,411,180,438,235,"(1, 180, 185, 411)","(182, 235, 397, 438)"
2390603.jpg,wearing,hat,11,16,90,163,person,208,76,40,125,0,3,179,101,201,248,"(90, 101, 163, 179)","(40, 248, 125, 201)"
2404782.jpg,wearing,glasses,27,113,141,107,man,451,355,49,11,0,3,220,168,366,500,"(141, 168, 107, 220)","(49, 500, 11, 366)"
2351169.jpg,sitting on,bench,127,292,126,105,people,171,76,72,174,1,3,397,253,250,243,"(126, 253, 105, 397)","(72, 243, 174, 250)"
2397577.jpg,sitting on,couch,353,454,20,1,pillow,228,240,146,27,1,3,455,373,267,374,"(20, 373, 1, 455)","(146, 374, 27, 267)"
2361069.jpg,sitting on,shelf,36,373,68,1,pipe,26,28,48,41,1,3,374,104,69,74,"(68, 104, 1, 374)","(48, 74, 41, 69)"
2392868.jpg,sitting on,sofa,282,387,50,113,woman,321,239,7,162,1,3,500,332,401,328,"(50, 332, 113, 500)","(7, 328, 162, 401)"
2361267.jpg,sitting on,counter,363,433,9,6,food,115,97,146,202,1,3,439,372,299,261,"(9, 372, 6, 439)","(146, 261, 202, 299)"
2413998.jpg,sitting on,horse,251,305,90,128,policeman,110,59,39,236,1,3,433,341,295,149,"(90, 341, 128, 433)","(39, 149, 236, 295)"
2355516.jpg,sitting on,counter,218,494,155,2,toy,47,36,172,207,1,3,496,373,243,219,"(155, 373, 2, 496)","(172, 219, 207, 243)"
2384480.jpg,wearing,shirt,170,160,62,80,boy,395,218,62,61,0,3,240,232,279,457,"(62, 232, 80, 240)","(62, 457, 61, 279)"
2398992.jpg,sitting on,ground,372,499,0,0,umbrella,311,317,44,101,1,3,499,372,418,355,"(0, 372, 0, 499)","(44, 355, 101, 418)"
2387732.jpg,playing,frisbee,479,406,19,3,man,346,92,105,131,0,3,409,498,223,451,"(19, 498, 3, 409)","(105, 451, 131, 223)"
2388551.jpg,sitting on,shelf,20,84,199,2,bottles,70,87,130,0,1,3,86,219,87,200,"(199, 219, 2, 86)","(130, 200, 0, 87)"
2368659.jpg,sitting on,player,91,45,0,10,player,102,74,0,195,1,3,55,91,269,102,"(0, 91, 10, 55)","(0, 102, 195, 269)"
2348067.jpg,sitting on,table,65,328,262,44,picture,51,55,279,253,1,3,372,327,308,330,"(262, 327, 44, 372)","(279, 330, 253, 308)"
2347701.jpg,sitting on,counter,226,310,216,1,toothbrush,121,14,163,262,1,3,311,442,276,284,"(216, 442, 1, 311)","(163, 284, 262, 276)"
2370425.jpg,sitting on,bench,74,162,231,117,man,103,74,195,211,1,3,279,305,285,298,"(231, 305, 117, 279)","(195, 298, 211, 285)"
2360114.jpg,sitting on,beach,146,483,186,1,man,39,30,173,134,1,3,484,332,164,212,"(186, 332, 1, 484)","(173, 212, 134, 164)"
2362213.jpg,sitting on,blanket,50,487,208,10,cat,210,370,46,102,1,3,497,258,472,256,"(208, 258, 10, 497)","(46, 256, 102, 472)"
2402488.jpg,sitting on,plate,313,499,45,1,bean,16,22,119,284,1,3,500,358,306,135,"(45, 358, 1, 500)","(119, 135, 284, 306)"
2325481.jpg,sitting on,shelf,29,277,281,82,poster,37,47,259,302,1,3,359,310,349,296,"(281, 310, 82, 359)","(259, 296, 302, 349)"
2389973.jpg,walking on,road,53,324,446,6,lady,131,59,364,69,0,3,330,499,128,495,"(446, 499, 6, 330)","(364, 495, 69, 128)"
2359786.jpg,sitting on,bench,175,380,106,62,boy,218,188,40,82,1,3,442,281,270,258,"(106, 281, 62, 442)","(40, 258, 82, 270)"
2401576.jpg,sitting on,desk,96,489,236,7,mouse,37,31,182,257,1,3,496,332,288,219,"(236, 332, 7, 496)","(182, 219, 257, 288)"
2334161.jpg,carrying,backpack,36,20,131,66,person,81,31,123,64,0,3,86,167,95,204,"(131, 167, 66, 86)","(123, 204, 64, 95)"
2413209.jpg,wearing,leggings,46,31,215,317,girl,93,64,113,309,0,3,348,261,373,206,"(215, 261, 317, 348)","(113, 206, 309, 373)"
713918.jpg,sitting on,stool,134,121,484,841,man,335,178,234,789,1,3,962,618,967,569,"(484, 618, 841, 962)","(234, 569, 789, 967)"
2353005.jpg,eating,rice,25,69,30,350,man,100,220,4,277,0,3,419,55,497,104,"(30, 55, 350, 419)","(4, 104, 277, 497)"
2335666.jpg,sitting on,table,132,457,221,16,brush,173,173,28,38,1,3,473,353,211,201,"(221, 353, 16, 473)","(28, 201, 38, 211)"
2384740.jpg,wearing,jeans,51,93,281,174,man,270,112,63,166,0,3,267,332,278,333,"(281, 332, 174, 267)","(63, 333, 166, 278)"
2349242.jpg,sitting on,elephant,115,143,57,287,man,42,21,37,277,1,3,430,172,298,79,"(57, 172, 287, 430)","(37, 79, 277, 298)"
2364410.jpg,hanging from,tree,265,109,2,0,paper,177,225,83,26,0,3,109,267,251,260,"(2, 267, 0, 109)","(83, 260, 26, 251)"
2359308.jpg,wearing,tie,16,16,119,35,man,146,48,92,11,0,3,51,135,59,238,"(119, 135, 35, 51)","(92, 238, 11, 59)"
2348191.jpg,sitting on,counter,148,261,241,0,glass,20,11,234,204,1,3,261,389,215,254,"(241, 389, 0, 261)","(234, 254, 204, 215)"
2407332.jpg,wearing,necklace,68,58,295,277,girl,270,376,90,108,0,3,335,363,484,360,"(295, 363, 277, 335)","(90, 360, 108, 484)"
2384749.jpg,wearing,watch,43,14,345,312,man,486,360,14,11,0,3,326,388,371,500,"(345, 388, 312, 326)","(14, 500, 11, 371)"
2395342.jpg,sitting on,floor,500,374,0,0,bench,328,374,171,0,1,3,374,500,374,499,"(0, 500, 0, 374)","(171, 499, 0, 374)"
2379631.jpg,standing on,snow,174,498,158,0,person,21,15,227,152,0,3,498,332,167,248,"(158, 332, 0, 498)","(227, 248, 152, 167)"
2401359.jpg,wearing,watch,13,27,266,142,lady,389,169,100,22,0,3,169,279,191,489,"(266, 279, 142, 169)","(100, 489, 22, 191)"
2408104.jpg,sitting on,beach,251,498,121,1,person,13,8,128,81,1,3,499,372,89,141,"(121, 372, 1, 499)","(128, 141, 81, 89)"
2410724.jpg,says,cookie,12,44,138,434,truck,39,87,121,390,0,3,478,150,477,160,"(138, 150, 434, 478)","(121, 160, 390, 477)"
2329177.jpg,sitting on,table,225,491,55,9,box,128,235,127,153,1,3,500,280,388,255,"(55, 280, 9, 500)","(127, 255, 153, 388)"
2350031.jpg,sitting on,couch,61,365,269,0,man,248,245,30,4,1,3,365,330,249,278,"(269, 330, 0, 365)","(30, 278, 4, 249)"
2325919.jpg,sitting on,counter,33,119,151,116,pitcher,35,35,127,202,1,3,235,184,237,162,"(151, 184, 116, 235)","(127, 162, 202, 237)"
2370825.jpg,eating,hay,81,69,135,343,giraffe,194,135,170,359,0,3,412,216,494,364,"(135, 216, 343, 412)","(170, 364, 359, 494)"
2356725.jpg,wearing,outfit,248,323,82,4,man,251,324,81,4,0,3,327,330,328,332,"(82, 330, 4, 327)","(81, 332, 4, 328)"
2361628.jpg,wearing,shirt,121,59,71,314,man,151,60,40,312,0,3,373,192,372,191,"(71, 192, 314, 373)","(40, 191, 312, 372)"
286053.jpg,sitting on,bench,98,81,460,725,man,118,103,415,663,1,3,806,558,766,533,"(460, 558, 725, 806)","(415, 533, 663, 766)"
2410206.jpg,wearing,chucks,24,77,401,40,man,346,114,77,28,0,3,117,425,142,423,"(401, 425, 40, 117)","(77, 423, 28, 142)"
2401711.jpg,wearing,pants,186,189,2,147,skater,234,292,1,45,0,3,336,188,337,235,"(2, 188, 147, 336)","(1, 235, 45, 337)"
2366741.jpg,standing on,grass,142,373,356,0,zebra,442,357,54,0,0,3,373,498,357,496,"(356, 498, 0, 373)","(54, 496, 0, 357)"
2414661.jpg,wearing,helmet,11,17,245,189,man,149,37,246,185,0,3,206,256,222,395,"(245, 256, 189, 206)","(246, 395, 185, 222)"
2341401.jpg,sitting on,chair,38,65,202,393,kid,65,78,141,382,1,3,458,240,460,206,"(202, 240, 393, 458)","(141, 206, 382, 460)"
2318293.jpg,riding,motorcycle,44,28,186,310,person,21,19,191,311,0,3,338,230,330,212,"(186, 230, 310, 338)","(191, 212, 311, 330)"
2327066.jpg,wearing,tie,100,35,166,231,man,327,287,1,128,0,3,266,266,415,328,"(166, 266, 231, 266)","(1, 328, 128, 415)"
2345601.jpg,sitting on,bag,158,95,126,395,people,271,354,39,135,1,3,490,284,489,310,"(126, 284, 395, 490)","(39, 310, 135, 489)"
3461.jpg,wearing,jeans,125,49,437,710,woman,221,69,350,695,0,3,759,562,764,571,"(437, 562, 710, 759)","(350, 571, 695, 764)"
2352779.jpg,wearing,pants,95,21,240,328,woman,300,130,61,303,0,3,349,335,433,361,"(240, 335, 328, 349)","(61, 361, 303, 433)"
2366821.jpg,sitting on,table,66,103,88,18,candle,10,10,79,78,1,3,121,154,88,89,"(88, 154, 18, 121)","(79, 89, 78, 88)"
2394755.jpg,sitting on,boat,252,176,125,73,people,25,57,335,93,1,3,249,377,150,360,"(125, 377, 73, 249)","(335, 360, 93, 150)"
2404149.jpg,riding,skis,38,74,220,177,people,176,109,88,175,0,3,251,258,284,264,"(220, 258, 177, 251)","(88, 264, 175, 284)"
2386185.jpg,wearing,mitt,10,7,170,280,pitcher,53,59,147,234,0,3,287,180,293,200,"(170, 180, 280, 287)","(147, 200, 234, 293)"
2351356.jpg,eating,meal,17,31,207,455,lady,141,87,184,405,0,3,486,224,492,325,"(207, 224, 455, 486)","(184, 325, 405, 492)"
2345031.jpg,wearing,shirt,112,113,147,53,player,355,149,100,47,0,3,166,259,196,455,"(147, 259, 53, 166)","(100, 455, 47, 196)"
2344952.jpg,wearing,glasses,13,38,146,306,woman,249,128,122,245,0,3,344,159,373,371,"(146, 159, 306, 344)","(122, 371, 245, 373)"
2373723.jpg,sitting on,shelf,82,95,241,282,lamp,120,50,128,314,1,3,377,323,364,248,"(241, 323, 282, 377)","(128, 248, 314, 364)"
2339326.jpg,sitting on,rack,107,351,105,20,donut,31,55,135,134,1,3,371,212,189,166,"(105, 212, 20, 371)","(135, 166, 134, 189)"
2321213.jpg,hanging from,pole,172,18,73,0,sign,50,60,68,1,0,3,18,245,61,118,"(73, 245, 0, 18)","(68, 118, 1, 61)"
2328775.jpg,sitting on,counter,63,330,196,61,cup,24,16,192,313,1,3,391,259,329,216,"(196, 259, 61, 391)","(192, 216, 313, 329)"
2318007.jpg,flying in,sky,246,208,1,165,kite,11,30,253,214,0,3,373,247,244,264,"(1, 247, 165, 373)","(253, 264, 214, 244)"
2383575.jpg,wearing,cap,59,68,1,270,skateboarder,277,281,0,57,0,3,338,60,338,277,"(1, 60, 270, 338)","(0, 277, 57, 338)"
2316911.jpg,wearing,pants,165,148,182,317,man,288,185,44,314,0,3,465,347,499,332,"(182, 347, 317, 465)","(44, 332, 314, 499)"
2321229.jpg,wearing,helmet,26,29,180,232,girl,95,47,174,222,0,3,261,206,269,269,"(180, 206, 232, 261)","(174, 269, 222, 269)"
2343588.jpg,sitting on,plate,391,495,107,3,rice,307,346,192,1,1,3,498,498,347,499,"(107, 498, 3, 498)","(192, 499, 1, 347)"
2395971.jpg,wearing,pants,27,21,116,74,woman,59,27,87,71,0,3,95,143,98,146,"(116, 143, 74, 95)","(87, 146, 71, 98)"
2334681.jpg,sitting on,floor,49,122,181,377,man,69,60,134,439,1,3,499,230,499,203,"(181, 230, 377, 499)","(134, 203, 439, 499)"
2388865.jpg,sitting on,barrier,38,21,309,381,woman,58,27,274,368,1,3,402,347,395,332,"(309, 347, 381, 402)","(274, 332, 368, 395)"
2341820.jpg,sitting on,field,333,498,2,1,man,87,60,11,440,1,3,499,335,500,98,"(2, 335, 1, 499)","(11, 98, 440, 500)"
2323161.jpg,sitting on,ground,87,480,36,18,people,36,32,49,233,1,3,498,123,265,85,"(36, 123, 18, 498)","(49, 85, 233, 265)"
2323490.jpg,sitting on,ground,279,498,51,0,person,28,26,264,355,1,3,498,330,381,292,"(51, 330, 0, 498)","(264, 292, 355, 381)"
2375772.jpg,sitting on,chairs,108,133,1,5,people,106,170,1,5,1,3,138,109,175,107,"(1, 109, 5, 138)","(1, 107, 5, 175)"
2404360.jpg,wearing,jeans,47,77,290,216,man,257,140,85,156,0,3,293,337,296,342,"(290, 337, 216, 293)","(85, 342, 156, 296)"
2347768.jpg,wearing,pants,145,155,297,144,person,297,212,147,126,0,3,299,442,338,444,"(297, 442, 144, 299)","(147, 444, 126, 338)"
2320871.jpg,walking in,road,85,298,411,65,people,38,108,412,193,0,3,363,496,301,450,"(411, 496, 65, 363)","(412, 450, 193, 301)"
2328029.jpg,sitting on,branch,332,320,0,97,bird,103,82,110,249,1,3,417,332,331,213,"(0, 332, 97, 417)","(110, 213, 249, 331)"
2353827.jpg,sitting on,motorcycle,205,311,138,47,boy,51,49,6,211,1,3,358,343,260,57,"(138, 343, 47, 358)","(6, 57, 211, 260)"
2343433.jpg,sitting on,bench,100,241,204,144,woman,178,97,101,336,1,3,385,304,433,279,"(204, 304, 144, 385)","(101, 279, 336, 433)"
2367350.jpg,standing on,snowboard,77,285,231,65,person,267,175,12,132,0,3,350,308,307,279,"(231, 308, 65, 350)","(12, 279, 132, 307)"
2352395.jpg,sitting on,chair,79,127,294,310,man,199,126,175,315,1,3,437,373,441,374,"(294, 373, 310, 437)","(175, 374, 315, 441)"
2363547.jpg,wearing,shirt,65,28,307,322,man,140,58,292,316,0,3,350,372,374,432,"(307, 372, 322, 350)","(292, 432, 316, 374)"
2357727.jpg,sitting on,bleachers,123,188,117,0,man,100,44,98,0,1,3,188,240,44,198,"(117, 240, 0, 188)","(98, 198, 0, 44)"
2406013.jpg,sitting on,cabinet,191,248,145,5,television,87,115,54,54,1,3,253,336,169,141,"(145, 336, 5, 253)","(54, 141, 54, 169)"
2378056.jpg,wearing,shirt,73,68,257,135,man,136,61,219,141,0,3,203,330,202,355,"(257, 330, 135, 203)","(219, 355, 141, 202)"
2404265.jpg,sitting on,ledge,94,193,374,1,boy,137,77,318,41,1,3,194,468,118,455,"(374, 468, 1, 194)","(318, 455, 41, 118)"
2408292.jpg,riding,wave,70,130,168,157,man,74,47,116,197,0,3,287,238,244,190,"(168, 238, 157, 287)","(116, 190, 197, 244)"
2317969.jpg,sitting on,beach,57,340,274,151,lady,63,33,260,63,1,3,491,331,96,323,"(274, 331, 151, 491)","(260, 323, 63, 96)"
2321303.jpg,lying on,shelf,57,63,3,418,book,53,15,188,360,0,3,481,60,375,241,"(3, 60, 418, 481)","(188, 241, 360, 375)"
2336709.jpg,painted on,street,128,483,201,1,marking,7,10,210,304,0,3,484,329,314,217,"(201, 329, 1, 484)","(210, 217, 304, 314)"
2319753.jpg,wearing,goggles,14,20,93,223,guy,188,178,73,97,0,3,243,107,275,261,"(93, 107, 223, 243)","(73, 261, 97, 275)"
1592728.jpg,parked on,road,146,340,145,448,car,94,133,176,605,0,3,788,291,738,270,"(145, 291, 448, 788)","(176, 270, 605, 738)"
2345544.jpg,sitting on,barrier,172,340,159,151,people,59,47,128,322,1,3,491,331,369,187,"(159, 331, 151, 491)","(128, 187, 322, 369)"
2327811.jpg,hanging from,wall,107,292,5,202,chandelier,47,30,2,298,0,3,494,112,328,49,"(5, 112, 202, 494)","(2, 49, 298, 328)"
2417450.jpg,mounted on,jeep,90,74,138,113,wheel,36,14,191,159,0,3,187,228,173,227,"(138, 228, 113, 187)","(191, 227, 159, 173)"
1280.jpg,covering,window,131,106,59,241,curtain,184,81,44,285,0,3,347,190,366,228,"(59, 190, 241, 347)","(44, 228, 285, 366)"
2407545.jpg,wearing,jeans,66,38,215,223,woman,167,92,133,218,0,3,261,281,310,300,"(215, 281, 223, 261)","(133, 300, 218, 310)"
2342218.jpg,wearing,shirt,58,35,192,379,woman,106,204,179,280,0,3,414,250,484,285,"(192, 250, 379, 414)","(179, 285, 280, 484)"
2316851.jpg,wearing,socks,13,17,266,193,man,255,97,24,129,0,3,210,279,226,279,"(266, 279, 193, 210)","(24, 279, 129, 226)"
2329623.jpg,wearing,coat,18,30,93,426,skier,28,32,90,426,0,3,456,111,458,118,"(93, 111, 426, 456)","(90, 118, 426, 458)"
2388347.jpg,sitting on,ground,86,129,170,9,people,104,96,106,2,1,3,138,256,98,210,"(170, 256, 9, 138)","(106, 210, 2, 98)"
2345848.jpg,wearing,jeans,35,21,154,27,man,63,25,131,19,0,3,48,189,44,194,"(154, 189, 27, 48)","(131, 194, 19, 44)"
2354805.jpg,sitting on,head,74,65,55,213,hat,61,88,35,200,1,3,278,129,288,96,"(55, 129, 213, 278)","(35, 96, 200, 288)"
2395245.jpg,sitting on,road,50,94,320,278,bicycle,82,83,284,291,1,3,372,370,374,366,"(320, 370, 278, 372)","(284, 366, 291, 374)"
2322172.jpg,wearing,shirt,41,31,146,362,man,100,38,135,363,0,3,393,187,401,235,"(146, 187, 362, 393)","(135, 235, 363, 401)"
2406452.jpg,wearing,shirt,172,163,80,158,man,251,277,1,48,0,3,321,252,325,252,"(80, 252, 158, 321)","(1, 252, 48, 325)"
2348107.jpg,sitting on,counter,139,234,236,264,knife,54,41,320,445,1,3,498,375,486,374,"(236, 375, 264, 498)","(320, 374, 445, 486)"
2325214.jpg,wearing,shoe,54,38,244,219,guy,328,147,4,197,0,3,257,298,344,332,"(244, 298, 219, 257)","(4, 332, 197, 344)"
2387814.jpg,sitting on,walkway,120,276,379,55,dog,191,92,278,143,1,3,331,499,235,469,"(379, 499, 55, 331)","(278, 469, 143, 235)"
2336586.jpg,covering,surface,183,314,190,56,water,134,274,198,50,0,3,370,373,324,332,"(190, 373, 56, 370)","(198, 332, 50, 324)"
2376129.jpg,sitting on,phone,80,149,106,66,thumb,33,60,133,58,1,3,215,186,118,166,"(106, 186, 66, 215)","(133, 166, 58, 118)"
2378124.jpg,sitting on,rock,35,109,161,389,people,29,111,157,381,1,3,498,196,492,186,"(161, 196, 389, 498)","(157, 186, 381, 492)"
2412553.jpg,wearing,hat,4,7,166,315,person,23,9,164,312,0,3,322,170,321,187,"(166, 170, 315, 322)","(164, 187, 312, 321)"
2400445.jpg,sitting on,chair,37,19,236,447,person,48,23,229,434,1,3,466,273,457,277,"(236, 273, 447, 466)","(229, 277, 434, 457)"
2394139.jpg,carrying,umbrella,99,108,208,199,woman,156,83,233,225,0,3,307,307,308,389,"(208, 307, 199, 307)","(233, 389, 225, 308)"
2355306.jpg,sitting on,bench,28,101,253,72,people,28,50,214,106,1,3,173,281,156,242,"(253, 281, 72, 173)","(214, 242, 106, 156)"
2353132.jpg,wearing,shorts,28,22,205,304,man,90,46,166,292,0,3,326,233,338,256,"(205, 233, 304, 326)","(166, 256, 292, 338)"
2363671.jpg,riding,bicycle,46,19,151,259,person,72,27,117,253,0,3,278,197,280,189,"(151, 197, 259, 278)","(117, 189, 253, 280)"
1592044.jpg,sitting on,sofa,390,348,366,0,woman,375,241,329,2,1,3,348,756,243,704,"(366, 756, 0, 348)","(329, 704, 2, 243)"
2352710.jpg,sitting on,shelf,108,232,1,3,books,61,193,16,24,1,3,235,109,217,77,"(1, 109, 3, 235)","(16, 77, 24, 217)"
2412585.jpg,sitting on,plate,269,494,21,0,food,167,166,49,319,1,3,494,290,485,216,"(21, 290, 0, 494)","(49, 216, 319, 485)"
2327697.jpg,wearing,dress,63,226,267,251,teddy,226,268,106,217,0,3,477,330,485,332,"(267, 330, 251, 477)","(106, 332, 217, 485)"
2387740.jpg,sitting on,floor,51,72,404,96,controller,33,55,434,62,1,3,168,455,117,467,"(404, 455, 96, 168)","(434, 467, 62, 117)"
2344869.jpg,sitting on,seat,37,25,157,313,policeman,247,99,20,239,1,3,338,194,338,267,"(157, 194, 313, 338)","(20, 267, 239, 338)"
2365712.jpg,sitting on,table,317,484,12,15,stand,91,176,228,94,1,3,499,329,270,319,"(12, 329, 15, 499)","(228, 319, 94, 270)"
2381894.jpg,wearing,backpack,99,83,140,356,man,248,165,99,311,0,3,439,239,476,347,"(140, 239, 356, 439)","(99, 347, 311, 476)"
2315787.jpg,sitting on,wall,85,155,288,32,person,50,32,264,49,1,3,187,373,81,314,"(288, 373, 32, 187)","(264, 314, 49, 81)"
713249.jpg,hanging from,wall,579,722,35,145,pan,126,57,253,642,0,3,867,614,699,379,"(35, 614, 145, 867)","(253, 379, 642, 699)"
713489.jpg,wearing,shirt,72,100,405,55,man,132,102,381,55,0,3,155,477,157,513,"(405, 477, 55, 155)","(381, 513, 55, 157)"
2327802.jpg,lying on,table,355,490,9,4,remote,252,115,48,263,0,3,494,364,378,300,"(9, 364, 4, 494)","(48, 300, 263, 378)"
2373440.jpg,covering,people,108,34,30,420,umbrella,48,68,27,137,0,3,454,138,205,75,"(30, 138, 420, 454)","(27, 75, 137, 205)"
2386039.jpg,wearing,belt,8,26,181,222,man,105,77,139,172,0,3,248,189,249,244,"(181, 189, 222, 248)","(139, 244, 172, 249)"
2369736.jpg,sitting on,floor,494,361,1,2,man,164,132,93,228,1,3,363,495,360,257,"(1, 495, 2, 363)","(93, 257, 228, 360)"
2377684.jpg,sitting on,ground,223,488,108,11,bird,34,81,200,188,1,3,499,331,269,234,"(108, 331, 11, 499)","(200, 234, 188, 269)"
2382914.jpg,covered in,snow,59,214,74,19,bush,97,79,80,0,0,3,233,133,79,177,"(74, 133, 19, 233)","(80, 177, 0, 79)"
2396215.jpg,sitting on,bench,34,63,151,199,woman,31,19,148,253,1,3,262,185,272,179,"(151, 185, 199, 262)","(148, 179, 253, 272)"
2360922.jpg,sitting on,table,201,492,126,4,cat,259,269,55,5,1,3,496,327,274,314,"(126, 327, 4, 496)","(55, 314, 5, 274)"
2384921.jpg,wearing,jacket,122,65,234,273,girl,70,64,200,287,0,3,338,356,351,270,"(234, 356, 273, 338)","(200, 270, 287, 351)"
2388086.jpg,wearing,socks,33,108,306,24,man,352,271,10,4,0,3,132,339,275,362,"(306, 339, 24, 132)","(10, 362, 4, 275)"
2398016.jpg,covering,roof,90,131,0,104,snow,95,140,0,102,0,3,235,90,242,95,"(0, 90, 104, 235)","(0, 95, 102, 242)"
2395681.jpg,wearing,sandal,17,25,262,138,son,99,87,180,138,0,3,163,279,225,279,"(262, 279, 138, 163)","(180, 279, 138, 225)"
2409250.jpg,wearing,jacket,50,29,102,341,man,101,43,89,329,0,3,370,152,372,190,"(102, 152, 341, 370)","(89, 190, 329, 372)"
2317572.jpg,wearing,glasses,20,45,18,191,man,47,70,17,202,0,3,236,38,272,64,"(18, 38, 191, 236)","(17, 64, 202, 272)"
2387214.jpg,sitting on,counter,190,499,184,0,cat,205,227,65,32,1,3,499,374,259,270,"(184, 374, 0, 499)","(65, 270, 32, 259)"
2407892.jpg,wearing,boot,52,53,287,271,boy,314,166,23,191,0,3,324,339,357,337,"(287, 339, 271, 324)","(23, 337, 191, 357)"
2395139.jpg,wearing,pants,54,56,168,311,person,98,46,114,307,0,3,367,222,353,212,"(168, 222, 311, 367)","(114, 212, 307, 353)"
713278.jpg,wearing,pants,109,46,502,946,man,256,53,383,938,0,3,992,611,991,639,"(502, 611, 946, 992)","(383, 639, 938, 991)"
2326582.jpg,hanging from,line,23,87,91,42,clothes,56,46,77,1,0,3,129,114,47,133,"(91, 114, 42, 129)","(77, 133, 1, 47)"
2336168.jpg,sitting on,bleachers,107,323,81,7,person,309,173,127,32,1,3,330,188,205,436,"(81, 188, 7, 330)","(127, 436, 32, 205)"
2417868.jpg,sitting on,desk,370,493,3,4,cord,75,180,2,6,1,3,497,373,186,77,"(3, 373, 4, 497)","(2, 77, 6, 186)"
2318570.jpg,wearing,dress,40,20,234,113,woman,52,26,221,110,0,3,133,274,136,273,"(234, 274, 113, 133)","(221, 273, 110, 136)"
2339913.jpg,sitting on,rack,19,87,159,73,towel,43,28,161,85,1,3,160,178,113,204,"(159, 178, 73, 160)","(161, 204, 85, 113)"
2392602.jpg,watching,man,206,148,108,239,man,94,46,56,186,0,3,387,314,232,150,"(108, 314, 239, 387)","(56, 150, 186, 232)"
2330654.jpg,standing on,post,50,17,338,233,boy,319,149,6,142,0,3,250,388,291,325,"(338, 388, 233, 250)","(6, 325, 142, 291)"
2357056.jpg,sitting on,deck,93,413,236,85,people,57,35,252,289,1,3,498,329,324,309,"(236, 329, 85, 498)","(252, 309, 289, 324)"
107972.jpg,carrying,basket,18,13,293,540,woman,55,47,279,534,0,3,553,311,581,334,"(293, 311, 540, 553)","(279, 334, 534, 581)"
2399743.jpg,sitting on,tray,315,371,175,3,food,153,213,308,75,1,3,374,490,288,461,"(175, 490, 3, 374)","(308, 461, 75, 288)"
2349906.jpg,sitting on,table,67,36,149,463,laptop,146,165,133,118,1,3,499,216,283,279,"(149, 216, 463, 499)","(133, 279, 118, 283)"
2372768.jpg,covering,window,104,29,60,103,curtain,97,34,63,100,0,3,132,164,134,160,"(60, 164, 103, 132)","(63, 160, 100, 134)"
2407576.jpg,sitting on,horse,327,333,64,42,policeman,216,64,13,190,1,3,375,391,254,229,"(64, 391, 42, 375)","(13, 229, 190, 254)"
2324359.jpg,covering,area,466,361,31,2,grass,464,362,32,1,0,3,363,497,363,496,"(31, 497, 2, 363)","(32, 496, 1, 363)"
2340216.jpg,wearing,jacket,157,70,2,0,person,159,67,0,0,0,3,70,159,67,159,"(2, 159, 0, 70)","(0, 159, 0, 67)"
2411513.jpg,sitting on,snow,170,496,202,3,snowboarder,151,224,168,208,1,3,499,372,432,319,"(202, 372, 3, 499)","(168, 319, 208, 432)"
2408710.jpg,eating,grass,242,493,83,5,sheep,77,95,203,118,0,3,498,325,213,280,"(83, 325, 5, 498)","(203, 280, 118, 213)"
2366478.jpg,parked on,pavement,101,484,272,2,car,42,79,265,276,0,3,486,373,355,307,"(272, 373, 2, 486)","(265, 307, 276, 355)"
1592399.jpg,carrying,backpack,42,37,841,136,man,183,57,809,139,0,3,173,883,196,992,"(841, 883, 136, 173)","(809, 992, 139, 196)"
2337379.jpg,wearing,shirt,162,131,205,32,man,286,304,89,30,0,3,163,367,334,375,"(205, 367, 32, 163)","(89, 375, 30, 334)"
2333955.jpg,wearing,vest,135,83,73,246,man,274,101,18,232,0,3,329,208,333,292,"(73, 208, 246, 329)","(18, 292, 232, 333)"
2396052.jpg,wearing,shoes,46,153,293,99,man,242,155,96,97,0,3,252,339,252,338,"(293, 339, 99, 252)","(96, 338, 97, 252)"
2369630.jpg,sitting on,lap,11,25,152,22,child,22,40,144,19,1,3,47,163,59,166,"(152, 163, 22, 47)","(144, 166, 19, 59)"
2401526.jpg,sitting on,floor,226,372,148,0,tv,357,195,17,303,1,3,372,374,498,374,"(148, 374, 0, 372)","(17, 374, 303, 498)"
713944.jpg,riding,bike,34,78,986,305,man,125,83,881,311,0,3,383,1020,394,1006,"(986, 1020, 305, 383)","(881, 1006, 311, 394)"
2401779.jpg,wearing,glasses,12,19,224,367,bear,81,67,206,338,0,3,386,236,405,287,"(224, 236, 367, 386)","(206, 287, 338, 405)"
2385844.jpg,wearing,shirt,138,178,129,111,man,340,291,35,0,0,3,289,267,291,375,"(129, 267, 111, 289)","(35, 375, 0, 291)"
2348771.jpg,sitting on,desk,209,454,284,12,papers,65,80,288,37,1,3,466,493,117,353,"(284, 493, 12, 466)","(288, 353, 37, 117)"
2411055.jpg,wearing,shoe,48,27,231,277,man,244,175,34,131,0,3,304,279,306,278,"(231, 279, 277, 304)","(34, 278, 131, 306)"
2414769.jpg,wearing,wetsuit,16,16,243,115,surfer,21,20,240,116,0,3,131,259,136,261,"(243, 259, 115, 131)","(240, 261, 116, 136)"
2330376.jpg,wearing,sleeve,46,18,195,151,man,147,75,140,114,0,3,169,241,189,287,"(195, 241, 151, 169)","(140, 287, 114, 189)"
439.jpg,walking on,sidewalk,37,249,258,549,people,33,18,250,674,0,3,798,295,692,283,"(258, 295, 549, 798)","(250, 283, 674, 692)"
2412478.jpg,wearing,shoe,67,38,317,143,girl,372,145,6,58,0,3,181,384,203,378,"(317, 384, 143, 181)","(6, 378, 58, 203)"
2388880.jpg,sitting on,carpet,286,496,87,3,container,73,145,138,280,1,3,499,373,425,211,"(87, 373, 3, 499)","(138, 211, 280, 425)"
3453.jpg,covering,window,66,43,144,187,shutter,65,21,144,205,0,3,230,210,226,209,"(144, 210, 187, 230)","(144, 209, 205, 226)"
2408241.jpg,riding,motorcycle,136,122,127,44,man,110,65,57,61,0,3,166,263,126,167,"(127, 263, 44, 166)","(57, 167, 61, 126)"
2327949.jpg,riding,skateboard,38,61,178,284,guy,122,244,5,89,0,3,345,216,333,127,"(178, 216, 284, 345)","(5, 127, 89, 333)"
2403734.jpg,wearing,mitten,17,13,124,340,child,190,86,56,267,0,3,353,141,353,246,"(124, 141, 340, 353)","(56, 246, 267, 353)"
4918.jpg,sitting on,table,107,189,191,210,book,11,26,199,276,1,3,399,298,302,210,"(191, 298, 210, 399)","(199, 210, 276, 302)"
2362197.jpg,wearing,pants,60,32,393,354,girl,154,134,69,103,0,3,386,453,237,223,"(393, 453, 354, 386)","(69, 223, 103, 237)"
2405396.jpg,sitting on,decoration,308,205,96,73,bird,156,97,106,48,1,3,278,404,145,262,"(96, 404, 73, 278)","(106, 262, 48, 145)"
2364899.jpg,wearing,hat,35,64,104,180,person,63,27,151,132,0,3,244,139,159,214,"(104, 139, 180, 244)","(151, 214, 132, 159)"
2404081.jpg,wearing,shorts,26,29,124,323,man,99,44,74,318,0,3,352,150,362,173,"(124, 150, 323, 352)","(74, 173, 318, 362)"
2357056.jpg,sitting on,patio,42,428,286,68,people,62,34,267,286,1,3,496,328,320,329,"(286, 328, 68, 496)","(267, 329, 286, 320)"
2415831.jpg,standing on,bridge,25,142,92,2,man,19,14,71,34,0,3,144,117,48,90,"(92, 117, 2, 144)","(71, 90, 34, 48)"
2366097.jpg,sitting on,table,178,292,171,112,plate,23,43,223,155,1,3,404,349,198,246,"(171, 349, 112, 404)","(223, 246, 155, 198)"
2363300.jpg,sitting on,bench,171,309,201,190,woman,231,162,143,336,1,3,499,372,498,374,"(201, 372, 190, 499)","(143, 374, 336, 498)"
2398665.jpg,wearing,watch,10,12,219,185,man,301,95,77,116,0,3,197,229,211,378,"(219, 229, 185, 197)","(77, 378, 116, 211)"
2315833.jpg,wearing,shirt,45,64,120,34,woman,120,187,86,32,0,3,98,165,219,206,"(120, 165, 34, 98)","(86, 206, 32, 219)"
2386249.jpg,watching,cow,226,160,2,298,cow,110,173,47,0,0,3,458,228,173,157,"(2, 228, 298, 458)","(47, 157, 0, 173)"
2359106.jpg,sitting on,road,190,497,142,0,person,37,27,98,82,1,3,497,332,109,135,"(142, 332, 0, 497)","(98, 135, 82, 109)"
2321803.jpg,standing on,ground,76,387,194,98,horse,150,76,110,407,0,3,485,270,483,260,"(194, 270, 98, 485)","(110, 260, 407, 483)"
713775.jpg,sitting on,road,405,1014,274,8,basket,150,148,529,223,1,3,1022,679,371,679,"(274, 679, 8, 1022)","(529, 679, 223, 371)"
115.jpg,sitting on,couch,75,255,93,1,lady,155,74,15,134,1,3,256,168,208,170,"(93, 168, 1, 256)","(15, 170, 134, 208)"
2397131.jpg,sitting on,branch,99,499,164,0,bird,119,71,65,149,1,3,499,263,220,184,"(164, 263, 0, 499)","(65, 184, 149, 220)"
2344940.jpg,wearing,jacket,133,144,118,301,man,251,184,93,292,0,3,445,251,476,344,"(118, 251, 301, 445)","(93, 344, 292, 476)"
2355516.jpg,sitting on,shelf,155,116,1,379,book,93,26,56,472,1,3,495,156,498,149,"(1, 156, 379, 495)","(56, 149, 472, 498)"
2370669.jpg,sitting on,bleachers,111,206,17,292,man,39,19,43,289,1,3,498,128,308,82,"(17, 128, 292, 498)","(43, 82, 289, 308)"
947.jpg,sitting on,bench,75,183,716,35,man,112,92,658,155,1,3,218,791,247,770,"(716, 791, 35, 218)","(658, 770, 155, 247)"
2374568.jpg,carrying,umbrella,143,215,116,23,woman,223,167,150,16,0,3,238,259,183,373,"(116, 259, 23, 238)","(150, 373, 16, 183)"
2338772.jpg,sitting on,bench,157,245,220,82,girl,253,184,43,95,1,3,327,377,279,296,"(220, 377, 82, 327)","(43, 296, 95, 279)"
2396183.jpg,sitting on,cloth,373,497,0,1,bunch,373,498,1,1,1,3,498,373,499,374,"(0, 373, 1, 498)","(1, 374, 1, 499)"
581.jpg,parked on,street,116,669,484,6,car,99,132,501,1,0,3,675,600,133,600,"(484, 600, 6, 675)","(501, 600, 1, 133)"
2405649.jpg,wearing,gear,45,114,203,200,guy,296,208,8,164,0,3,314,248,372,304,"(203, 248, 200, 314)","(8, 304, 164, 372)"
2323733.jpg,riding,horse,41,80,101,165,people,38,145,75,92,0,3,245,142,237,113,"(101, 142, 165, 245)","(75, 113, 92, 237)"
2370070.jpg,walking on,sidewalk,170,312,161,186,person,36,14,157,466,0,3,498,331,480,193,"(161, 331, 186, 498)","(157, 193, 466, 480)"
2386411.jpg,sitting on,arm,62,49,62,2,watch,35,21,91,30,1,3,51,124,51,126,"(62, 124, 2, 51)","(91, 126, 30, 51)"
2385041.jpg,wearing,sunglasses,7,14,107,40,man,142,47,92,27,0,3,54,114,74,234,"(107, 114, 40, 54)","(92, 234, 27, 74)"
2399307.jpg,sitting on,chair,211,225,209,258,girl,260,188,110,251,1,3,483,420,439,370,"(209, 420, 258, 483)","(110, 370, 251, 439)"
2407215.jpg,wearing,shoe,54,45,421,193,person,179,373,321,1,0,3,238,475,374,500,"(421, 475, 193, 238)","(321, 500, 1, 374)"
2373830.jpg,sitting on,bench,50,131,171,366,man,61,28,156,416,1,3,497,221,444,217,"(171, 221, 366, 497)","(156, 217, 416, 444)"
1319.jpg,sitting on,street,98,397,500,1,person,45,34,483,235,1,3,398,598,269,528,"(500, 598, 1, 398)","(483, 528, 235, 269)"
2360114.jpg,sitting on,beach,146,483,186,1,person,36,28,174,122,1,3,484,332,150,210,"(186, 332, 1, 484)","(174, 210, 122, 150)"
2366607.jpg,wearing,shoe,26,73,411,32,person,415,225,32,17,0,3,105,437,242,447,"(411, 437, 32, 105)","(32, 447, 17, 242)"
2393803.jpg,says,celebrate,17,76,76,107,napkin,63,93,34,98,0,3,183,93,191,97,"(76, 93, 107, 183)","(34, 97, 98, 191)"
2339979.jpg,sitting on,plate,181,331,316,0,cake,233,259,257,33,1,3,331,497,292,490,"(316, 497, 0, 331)","(257, 490, 33, 292)"
2340793.jpg,wearing,shoes,10,9,251,87,girl,60,26,202,77,0,3,96,261,103,262,"(251, 261, 87, 96)","(202, 262, 77, 103)"
2400424.jpg,standing on,grass,106,483,268,6,giraffe,313,163,6,29,0,3,489,374,192,319,"(268, 374, 6, 489)","(6, 319, 29, 192)"
2395433.jpg,sitting on,table,120,445,254,0,cat,231,367,66,18,1,3,445,374,385,297,"(254, 374, 0, 445)","(66, 297, 18, 385)"
2325400.jpg,lying on,hill,120,320,1,1,boulder,6,17,53,66,0,3,321,121,83,59,"(1, 121, 1, 321)","(53, 59, 66, 83)"
3828.jpg,growing on,lawn,226,479,571,0,bush,88,135,532,350,0,3,479,797,485,620,"(571, 797, 0, 479)","(532, 620, 350, 485)"
2361004.jpg,wearing,outfit,177,71,14,2,man,252,72,19,1,0,3,73,191,73,271,"(14, 191, 2, 73)","(19, 271, 1, 73)"
2349436.jpg,sitting on,table,74,283,259,1,glass,66,43,253,69,1,3,284,333,112,319,"(259, 333, 1, 284)","(253, 319, 69, 112)"
2378205.jpg,sitting on,counter,30,47,137,118,drink,90,76,77,106,1,3,165,167,182,167,"(137, 167, 118, 165)","(77, 167, 106, 182)"
2377528.jpg,wearing,shirt,46,100,6,0,person,103,131,1,9,0,3,100,52,140,104,"(6, 52, 0, 100)","(1, 104, 9, 140)"
2376437.jpg,sitting on,sink,78,99,331,37,rolls,50,38,293,18,1,3,136,409,56,343,"(331, 409, 37, 136)","(293, 343, 18, 56)"
2409747.jpg,eating,pizza,38,52,224,142,man,203,187,53,88,0,3,194,262,275,256,"(224, 262, 142, 194)","(53, 256, 88, 275)"
2444.jpg,wearing,shirt,8,31,785,93,man,29,30,767,94,0,3,124,793,124,796,"(785, 793, 93, 124)","(767, 796, 94, 124)"
2386393.jpg,sitting on,pedestal,158,211,86,9,dessert,95,153,71,41,1,3,220,244,194,166,"(86, 244, 9, 220)","(71, 166, 41, 194)"
1593028.jpg,sitting on,floor,39,162,414,520,woman,95,61,349,621,1,3,682,453,682,444,"(414, 453, 520, 682)","(349, 444, 621, 682)"
2390214.jpg,sitting on,cushion,161,184,148,123,dog,119,63,204,182,1,3,307,309,245,323,"(148, 309, 123, 307)","(204, 323, 182, 245)"
2385092.jpg,sitting on,seat,25,90,202,214,man,85,34,28,444,1,3,304,227,478,113,"(202, 227, 214, 304)","(28, 113, 444, 478)"
2398506.jpg,eating,grass,64,116,201,162,horse,191,134,14,24,0,3,278,265,158,205,"(201, 265, 162, 278)","(14, 205, 24, 158)"
2405998.jpg,sitting on,couch,135,497,164,1,person,190,110,107,52,1,3,498,299,162,297,"(164, 299, 1, 498)","(107, 297, 52, 162)"
2416590.jpg,standing on,ground,26,123,472,272,he,360,342,131,44,0,3,395,498,386,491,"(472, 498, 272, 395)","(131, 491, 44, 386)"
2385141.jpg,sitting on,chair,25,21,145,76,man,39,28,120,69,1,3,97,170,97,159,"(145, 170, 76, 97)","(120, 159, 69, 97)"
2365889.jpg,wearing,mitt,33,33,320,203,catcher,171,168,256,205,0,3,236,353,373,427,"(320, 353, 203, 236)","(256, 427, 205, 373)"
2355516.jpg,sitting on,shelf,155,116,1,379,book,55,7,49,394,1,3,495,156,401,104,"(1, 156, 379, 495)","(49, 104, 394, 401)"
2388533.jpg,sitting on,sidewalk,67,162,306,231,bench,17,22,335,300,1,3,393,373,322,352,"(306, 373, 231, 393)","(335, 352, 300, 322)"
2329485.jpg,wearing,clothing,26,24,140,156,person,32,28,136,157,0,3,180,166,185,168,"(140, 166, 156, 180)","(136, 168, 157, 185)"
2330087.jpg,wearing,shoe,49,36,271,243,man,263,200,66,73,0,3,279,320,273,329,"(271, 320, 243, 279)","(66, 329, 73, 273)"
2396762.jpg,carrying,disc,33,20,239,302,dog,90,130,200,192,0,3,322,272,322,290,"(239, 272, 302, 322)","(200, 290, 192, 322)"
2342097.jpg,sitting on,rack,334,496,32,0,pizza,177,424,107,55,1,3,496,366,479,284,"(32, 366, 0, 496)","(107, 284, 55, 479)"
1592400.jpg,walking on,street,191,205,797,348,person,87,25,831,482,0,3,553,988,507,918,"(797, 988, 348, 553)","(831, 918, 482, 507)"
2417584.jpg,sitting on,counter,94,329,126,13,cake,51,154,104,144,1,3,342,220,298,155,"(126, 220, 13, 342)","(104, 155, 144, 298)"
2411213.jpg,sitting on,couch,230,402,93,59,cat,40,65,156,225,1,3,461,323,290,196,"(93, 323, 59, 461)","(156, 196, 225, 290)"
2412166.jpg,wearing,cap,11,14,114,291,man,114,60,112,267,0,3,305,125,327,226,"(114, 125, 291, 305)","(112, 226, 267, 327)"
2318045.jpg,sitting on,chair,313,108,52,390,boy,255,260,14,162,1,3,498,365,422,269,"(52, 365, 390, 498)","(14, 269, 162, 422)"
2406860.jpg,playing,baseball,17,20,155,204,man,175,208,60,30,0,3,224,172,238,235,"(155, 172, 204, 224)","(60, 235, 30, 238)"
2322467.jpg,wearing,sunglasses,17,22,315,57,woman,39,48,311,60,0,3,79,332,108,350,"(315, 332, 57, 79)","(311, 350, 60, 108)"
2331321.jpg,carrying,camera,55,40,297,111,lady,338,117,160,122,0,3,151,352,239,498,"(297, 352, 111, 151)","(160, 498, 122, 239)"
2360309.jpg,sitting on,toilet,490,331,1,61,cat,407,264,28,58,1,3,392,491,322,435,"(1, 491, 61, 392)","(28, 435, 58, 322)"
2360966.jpg,wearing,coat,55,46,142,452,boy,177,50,112,449,0,3,498,197,499,289,"(142, 197, 452, 498)","(112, 289, 449, 499)"
498136.jpg,wearing,coat,354,143,408,879,person,355,143,401,880,0,3,1022,762,1023,756,"(408, 762, 879, 1022)","(401, 756, 880, 1023)"
2381973.jpg,sitting on,beach,83,499,248,0,bag,21,36,263,341,1,3,499,331,377,284,"(248, 331, 0, 499)","(263, 284, 341, 377)"
2379040.jpg,wearing,wetsuit,176,68,141,132,woman,248,163,81,91,0,3,200,317,254,329,"(141, 317, 132, 200)","(81, 329, 91, 254)"
2343617.jpg,covered in,frosting,92,112,234,127,donut,117,114,233,128,0,3,239,326,242,350,"(234, 326, 127, 239)","(233, 350, 128, 242)"
637.jpg,wearing,watch,13,21,430,350,woman,433,118,166,302,0,3,371,443,420,599,"(430, 443, 350, 371)","(166, 599, 302, 420)"
2345610.jpg,sitting on,top,165,233,39,127,slice,158,240,39,128,1,3,360,204,368,197,"(39, 204, 127, 360)","(39, 197, 128, 368)"
2409045.jpg,flying in,air,327,497,3,0,bird,320,297,0,84,0,3,497,330,381,320,"(3, 330, 0, 497)","(0, 320, 84, 381)"
1462.jpg,covered in,snow,48,136,188,43,pavement,97,153,305,463,0,3,179,236,616,402,"(188, 236, 43, 179)","(305, 402, 463, 616)"
2331396.jpg,hanging from,table,241,375,104,107,wire,74,28,264,447,0,3,482,345,475,338,"(104, 345, 107, 482)","(264, 338, 447, 475)"
2320626.jpg,sitting on,chair,30,40,73,247,person,64,54,37,236,1,3,287,103,290,101,"(73, 103, 247, 287)","(37, 101, 236, 290)"
2322257.jpg,sitting on,counter,77,109,253,17,paperwork,33,103,290,28,1,3,126,330,131,323,"(253, 330, 17, 126)","(290, 323, 28, 131)"
2389963.jpg,sitting on,counter,22,328,163,161,menu,104,167,19,251,1,3,489,185,418,123,"(163, 185, 161, 489)","(19, 123, 251, 418)"
2347454.jpg,sitting on,counter,257,499,117,0,cat,339,304,35,35,1,3,499,374,339,374,"(117, 374, 0, 499)","(35, 374, 35, 339)"
2357256.jpg,painted on,road,446,371,52,0,lines,57,19,71,89,0,3,371,498,108,128,"(52, 498, 0, 371)","(71, 128, 89, 108)"
2355673.jpg,wearing,pants,34,12,194,77,man,78,29,156,72,0,3,89,228,101,234,"(194, 228, 77, 89)","(156, 234, 72, 101)"
2335338.jpg,covering,wall,330,280,63,87,tile,53,88,141,216,0,3,367,393,304,194,"(63, 393, 87, 367)","(141, 194, 216, 304)"
2369182.jpg,wearing,cap,66,65,160,12,man,61,73,170,0,0,3,77,226,73,231,"(160, 226, 12, 77)","(170, 231, 0, 73)"
2356179.jpg,painted on,sidewalk,223,464,274,13,line,42,113,333,365,0,3,477,497,478,375,"(274, 497, 13, 477)","(333, 375, 365, 478)"
2342729.jpg,sitting on,bed,130,337,369,1,man,400,337,47,0,1,3,338,499,337,447,"(369, 499, 1, 338)","(47, 447, 0, 337)"
2396209.jpg,wearing,pants,266,109,211,188,man,335,161,145,160,0,3,297,477,321,480,"(211, 477, 188, 297)","(145, 480, 160, 321)"
2400976.jpg,wearing,cap,23,24,87,127,man,193,83,87,99,0,3,151,110,182,280,"(87, 110, 127, 151)","(87, 280, 99, 182)"
2355023.jpg,riding,ladybug,65,43,208,206,girl,133,53,139,217,0,3,249,273,270,272,"(208, 273, 206, 249)","(139, 272, 217, 270)"
2328702.jpg,sitting on,table,49,498,324,1,bowl,30,103,342,395,1,3,499,373,498,372,"(324, 373, 1, 499)","(342, 372, 395, 498)"
2350782.jpg,hanging from,hydrant,492,313,3,37,chain,114,70,383,255,0,3,350,495,325,497,"(3, 495, 37, 350)","(383, 497, 255, 325)"
2412512.jpg,watching,match,323,493,0,6,people,36,493,0,5,0,3,499,323,498,36,"(0, 323, 6, 499)","(0, 36, 5, 498)"
2387865.jpg,walking on,bridge,90,127,138,165,person,33,10,128,272,0,3,292,228,282,161,"(138, 228, 165, 292)","(128, 161, 272, 282)"
2390273.jpg,parked on,road,42,497,333,0,motorcycle,188,269,184,79,0,3,497,375,348,372,"(333, 375, 0, 497)","(184, 372, 79, 348)"
2342168.jpg,sitting on,table,247,478,250,6,bowl,254,466,244,16,1,3,484,497,482,498,"(250, 497, 6, 484)","(244, 498, 16, 482)"
2407746.jpg,says,1060,10,21,238,121,tracks,32,251,299,1,0,3,142,248,252,331,"(238, 248, 121, 142)","(299, 331, 1, 252)"
2392222.jpg,wearing,sunglasses,11,12,114,377,man,109,44,161,8,0,3,389,125,52,270,"(114, 125, 377, 389)","(161, 270, 8, 52)"
2396616.jpg,sitting on,toilet,179,138,264,174,dog,83,85,269,234,1,3,312,443,319,352,"(264, 443, 174, 312)","(269, 352, 234, 319)"
86.jpg,sitting on,train,352,450,5,44,person,158,96,185,68,1,3,494,357,164,343,"(5, 357, 44, 494)","(185, 343, 68, 164)"
2325935.jpg,sitting on,couch,210,362,162,22,child,145,117,54,182,1,3,384,372,299,199,"(162, 372, 22, 384)","(54, 199, 182, 299)"
2361069.jpg,hanging from,shelf,36,373,68,1,tools,485,294,14,52,0,3,374,104,346,499,"(68, 104, 1, 374)","(14, 499, 52, 346)"
2347701.jpg,sitting on,counter,226,310,216,1,sink,150,248,215,18,1,3,311,442,266,365,"(216, 442, 1, 311)","(215, 365, 18, 266)"
2352779.jpg,sitting on,lap,11,61,227,340,purse,35,43,180,354,1,3,401,238,397,215,"(227, 238, 340, 401)","(180, 215, 354, 397)"
2359946.jpg,wearing,goggles,16,14,50,346,person,133,103,37,277,0,3,360,66,380,170,"(50, 66, 346, 360)","(37, 170, 277, 380)"
2372574.jpg,sitting on,ground,216,329,280,1,lady,48,20,252,268,1,3,330,496,288,300,"(280, 496, 1, 330)","(252, 300, 268, 288)"
2371144.jpg,riding,skateboard,34,54,152,291,man,74,87,90,259,0,3,345,186,346,164,"(152, 186, 291, 345)","(90, 164, 259, 346)"
2362398.jpg,sitting on,table,24,18,422,55,glass,29,19,157,249,1,3,73,446,268,186,"(422, 446, 55, 73)","(157, 186, 249, 268)"
2402548.jpg,sitting on,shelves,126,85,3,414,bowl,21,20,23,466,1,3,499,129,486,44,"(3, 129, 414, 499)","(23, 44, 466, 486)"
2340391.jpg,wearing,shirt,91,108,122,65,girl,340,184,7,42,0,3,173,213,226,347,"(122, 213, 65, 173)","(7, 347, 42, 226)"
2363727.jpg,sitting on,cow,108,105,85,392,cow,91,215,197,33,1,3,497,193,248,288,"(85, 193, 392, 497)","(197, 288, 33, 248)"
309.jpg,walking on,sidewalk,36,515,396,231,person,80,26,344,267,0,3,746,432,293,424,"(396, 432, 231, 746)","(344, 424, 267, 293)"
2344668.jpg,sitting on,pavement,225,497,108,0,person,22,21,102,290,1,3,497,333,311,124,"(108, 333, 0, 497)","(102, 124, 290, 311)"
2412983.jpg,sitting on,bench,42,92,138,1,lady,142,88,44,6,1,3,93,180,94,186,"(138, 180, 1, 93)","(44, 186, 6, 94)"
2353036.jpg,wearing,socks,38,77,191,366,man,257,119,0,329,0,3,443,229,448,257,"(191, 229, 366, 443)","(0, 257, 329, 448)"
2408340.jpg,sitting on,couch,257,429,74,0,men,330,413,1,2,1,3,429,331,415,331,"(74, 331, 0, 429)","(1, 331, 2, 415)"
2365948.jpg,wearing,wetsuit,162,122,132,73,man,197,127,122,68,0,3,195,294,195,319,"(132, 294, 73, 195)","(122, 319, 68, 195)"
2103.jpg,covering,opening,149,18,326,417,cloth,166,97,320,379,0,3,435,475,476,486,"(326, 475, 417, 435)","(320, 486, 379, 476)"
2394309.jpg,wearing,pants,177,90,239,188,batter,341,101,75,179,0,3,278,416,280,416,"(239, 416, 188, 278)","(75, 416, 179, 280)"
2363566.jpg,sitting on,chair,68,62,67,429,girl,182,157,37,282,1,3,491,135,439,219,"(67, 135, 429, 491)","(37, 219, 282, 439)"
2327051.jpg,sitting on,chair,12,18,7,140,person,20,22,2,139,1,3,158,19,161,22,"(7, 19, 140, 158)","(2, 22, 139, 161)"
1592504.jpg,sitting on,plate,282,625,482,230,pizza,243,348,521,323,1,3,855,764,671,764,"(482, 764, 230, 855)","(521, 764, 323, 671)"
713374.jpg,sitting on,desk,695,1273,261,5,monitor,421,537,63,103,1,3,1278,956,640,484,"(261, 956, 5, 1278)","(63, 484, 103, 640)"
2399453.jpg,sitting on,table,205,375,294,0,cake,262,303,237,16,1,3,375,499,319,499,"(294, 499, 0, 375)","(237, 499, 16, 319)"
2374663.jpg,sitting on,bench,39,104,120,278,men,215,492,4,1,1,3,382,159,493,219,"(120, 159, 278, 382)","(4, 219, 1, 493)"
2375849.jpg,standing on,road,110,365,262,0,person,58,22,241,328,0,3,365,372,350,299,"(262, 372, 0, 365)","(241, 299, 328, 350)"
2390038.jpg,sitting on,tray,23,83,87,191,glass,57,29,51,227,1,3,274,110,256,108,"(87, 110, 191, 274)","(51, 108, 227, 256)"
2400545.jpg,riding,motorcycle,40,68,99,122,man,24,32,77,138,0,3,190,139,170,101,"(99, 139, 122, 190)","(77, 101, 138, 170)"
2373301.jpg,walking on,ground,187,488,186,6,horse,54,42,243,270,0,3,494,373,312,297,"(186, 373, 6, 494)","(243, 297, 270, 312)"
2332236.jpg,wearing,watch,42,31,243,257,man,247,229,41,128,0,3,288,285,357,288,"(243, 285, 257, 288)","(41, 288, 128, 357)"
2395919.jpg,wearing,watch,33,26,149,284,man,311,239,21,261,0,3,310,182,500,332,"(149, 182, 284, 310)","(21, 332, 261, 500)"
2348033.jpg,sitting on,bike,188,130,140,368,man,150,119,124,380,1,3,498,328,499,274,"(140, 328, 368, 498)","(124, 274, 380, 499)"
2370712.jpg,eating,pizza,97,182,249,316,boy,148,218,123,280,0,3,498,346,498,271,"(249, 346, 316, 498)","(123, 271, 280, 498)"
2360821.jpg,sitting on,steps,135,481,65,16,people,93,411,10,72,1,3,497,200,483,103,"(65, 200, 16, 497)","(10, 103, 72, 483)"
2330897.jpg,sitting on,grass,5,35,167,4,people,30,27,137,19,1,3,39,172,46,167,"(167, 172, 4, 39)","(137, 167, 19, 46)"
2348611.jpg,sitting on,bleachers,47,314,293,93,player,152,78,204,337,1,3,407,340,415,356,"(293, 340, 93, 407)","(204, 356, 337, 415)"
2330208.jpg,sitting on,floor,44,38,436,306,bottle,49,28,247,319,1,3,344,480,347,296,"(436, 480, 306, 344)","(247, 296, 319, 347)"
2410863.jpg,sitting on,table,26,47,325,433,plate,30,84,313,65,1,3,480,351,149,343,"(325, 351, 433, 480)","(313, 343, 65, 149)"
2405836.jpg,wearing,shorts,164,93,211,407,man,164,157,209,343,0,3,500,375,500,373,"(211, 375, 407, 500)","(209, 373, 343, 500)"
2352628.jpg,sitting on,bench,13,26,117,238,person,41,19,85,237,1,3,264,130,256,126,"(117, 130, 238, 264)","(85, 126, 237, 256)"
2390971.jpg,sitting on,spool,126,55,136,5,thread,125,54,142,4,1,3,60,262,58,267,"(136, 262, 5, 60)","(142, 267, 4, 58)"
2417825.jpg,sitting on,rocks,18,447,130,0,person,16,7,109,368,1,3,447,148,375,125,"(130, 148, 0, 447)","(109, 125, 368, 375)"
2382908.jpg,sitting on,table,48,91,53,4,cup,13,10,54,26,1,3,95,101,36,67,"(53, 101, 4, 95)","(54, 67, 26, 36)"
2414493.jpg,covering,mountain,369,482,2,1,snow,370,483,1,1,0,3,483,371,484,371,"(2, 371, 1, 483)","(1, 371, 1, 484)"
713382.jpg,sitting on,ground,128,152,513,29,cooler,292,150,223,13,1,3,181,641,163,515,"(513, 641, 29, 181)","(223, 515, 13, 163)"
2415379.jpg,sitting on,bookshelves,111,115,62,98,items,27,48,89,158,1,3,213,173,206,116,"(62, 173, 98, 213)","(89, 116, 158, 206)"
2398243.jpg,wearing,shirt,34,93,1,7,person,98,98,1,2,0,3,100,35,100,99,"(1, 35, 7, 100)","(1, 99, 2, 100)"
2389127.jpg,sitting on,bench,101,195,358,1,dog,115,75,260,38,1,3,196,459,113,375,"(358, 459, 1, 196)","(260, 375, 38, 113)"
2346899.jpg,sitting on,saucer,53,115,371,196,spoon,33,84,377,269,1,3,311,424,353,410,"(371, 424, 196, 311)","(377, 410, 269, 353)"
2390677.jpg,wearing,apron,153,114,181,59,man,321,305,12,23,0,3,173,334,328,333,"(181, 334, 59, 173)","(12, 333, 23, 328)"
2411913.jpg,wearing,skirt,19,34,327,150,player,176,68,227,134,0,3,184,346,202,403,"(327, 346, 150, 184)","(227, 403, 134, 202)"
2410402.jpg,carrying,surfboard,253,261,51,64,person,229,107,83,131,0,3,325,304,238,312,"(51, 304, 64, 325)","(83, 312, 131, 238)"
2355029.jpg,parked on,street,26,144,311,349,car,164,140,165,347,0,3,493,337,487,329,"(311, 337, 349, 493)","(165, 329, 347, 487)"
2394172.jpg,wearing,necklace,80,65,120,49,girl,330,223,3,1,0,3,114,200,224,333,"(120, 200, 49, 114)","(3, 333, 1, 224)"
2346440.jpg,sitting on,bench,61,170,211,15,people,66,96,195,80,1,3,185,272,176,261,"(211, 272, 15, 185)","(195, 261, 80, 176)"
2391606.jpg,sitting on,beach,128,499,207,1,woman,255,378,91,41,1,3,500,335,419,346,"(207, 335, 1, 500)","(91, 346, 41, 419)"
2370025.jpg,sitting on,bench,228,246,110,85,pigeon,13,12,190,222,1,3,331,338,234,203,"(110, 338, 85, 331)","(190, 203, 222, 234)"
2399307.jpg,sitting on,table,111,464,370,18,cake,12,64,471,300,1,3,482,481,364,483,"(370, 481, 18, 482)","(471, 483, 300, 364)"
2361535.jpg,sitting on,branch,133,398,253,74,bird,213,135,151,26,1,3,472,386,161,364,"(253, 386, 74, 472)","(151, 364, 26, 161)"
2364132.jpg,sitting on,windowsill,19,170,355,106,cat,255,82,119,263,1,3,276,374,345,374,"(355, 374, 106, 276)","(119, 374, 263, 345)"
2361462.jpg,eating,grass,230,500,101,0,animal,139,139,117,297,0,3,500,331,436,256,"(101, 331, 0, 500)","(117, 256, 297, 436)"
2392892.jpg,sitting on,deck,281,319,193,10,chair,247,271,154,0,1,3,329,474,271,401,"(193, 474, 10, 329)","(154, 401, 0, 271)"
2337399.jpg,sitting on,desk,251,492,121,3,book,126,203,239,2,1,3,495,372,205,365,"(121, 372, 3, 495)","(239, 365, 2, 205)"
713227.jpg,sitting on,sofa,322,676,698,34,bear,193,141,741,296,1,3,710,1020,437,934,"(698, 1020, 34, 710)","(741, 934, 296, 437)"
2378383.jpg,sitting on,bench,128,270,244,115,guy,191,103,181,148,1,3,385,372,251,372,"(244, 372, 115, 385)","(181, 372, 148, 251)"
2407636.jpg,wearing,shirt,104,80,271,14,man,234,101,240,21,0,3,94,375,122,474,"(271, 375, 14, 94)","(240, 474, 21, 122)"
2406451.jpg,sitting on,beach,298,500,76,0,fin,10,12,220,267,1,3,500,374,279,230,"(76, 374, 0, 500)","(220, 230, 267, 279)"
2413257.jpg,growing on,foliage,104,94,227,0,flower,4,4,324,25,0,3,94,331,29,328,"(227, 331, 0, 94)","(324, 328, 25, 29)"
4795.jpg,sitting on,plate,119,104,17,396,cookie,42,38,72,462,1,3,500,136,500,114,"(17, 136, 396, 500)","(72, 114, 462, 500)"
2388623.jpg,wearing,sneakers,36,86,407,101,boy,375,88,79,100,0,3,187,443,188,454,"(407, 443, 101, 187)","(79, 454, 100, 188)"
2356689.jpg,sitting on,dirt,175,330,324,2,board,147,202,341,130,1,3,332,499,332,488,"(324, 499, 2, 332)","(341, 488, 130, 332)"
2363904.jpg,sitting on,snow,272,497,100,1,person,43,59,111,52,1,3,498,372,111,154,"(100, 372, 1, 498)","(111, 154, 52, 111)"
713401.jpg,sitting on,bench,506,424,112,35,woman,419,457,112,229,1,3,459,618,686,531,"(112, 618, 35, 459)","(112, 531, 229, 686)"
2321683.jpg,sitting on,elephant,209,172,103,200,man,76,64,29,310,1,3,372,312,374,105,"(103, 312, 200, 372)","(29, 105, 310, 374)"
2400102.jpg,wearing,backpack,64,44,188,398,man,117,61,168,382,0,3,442,252,443,285,"(188, 252, 398, 442)","(168, 285, 382, 443)"
2376975.jpg,growing on,sidewalk,203,372,123,125,grass,14,9,211,325,0,3,497,326,334,225,"(123, 326, 125, 497)","(211, 225, 325, 334)"
2417119.jpg,riding,bike,113,111,143,126,woman,134,68,92,132,0,3,237,256,200,226,"(143, 256, 126, 237)","(92, 226, 132, 200)"
2377717.jpg,sitting on,desk,434,371,62,2,laptop,432,374,17,0,1,3,373,496,374,449,"(62, 496, 2, 373)","(17, 449, 0, 374)"
2335584.jpg,sitting on,table,343,488,143,9,food,120,290,10,161,1,3,497,486,451,130,"(143, 486, 9, 497)","(10, 130, 161, 451)"
2352731.jpg,sitting on,ledge,38,289,73,206,animal,345,367,22,131,1,3,495,111,498,367,"(73, 111, 206, 495)","(22, 367, 131, 498)"
2374846.jpg,wearing,swimsuit,99,112,305,153,girl,322,241,177,89,0,3,265,404,330,499,"(305, 404, 153, 265)","(177, 499, 89, 330)"
2398206.jpg,sitting on,snow,214,495,118,0,bench,63,131,104,60,1,3,495,332,191,167,"(118, 332, 0, 495)","(104, 167, 60, 191)"
2374508.jpg,wearing,bracelet,19,17,71,277,woman,241,112,1,254,0,3,294,90,366,242,"(71, 90, 277, 294)","(1, 242, 254, 366)"
2352414.jpg,sitting on,chair,9,18,61,346,person,61,43,13,335,1,3,364,70,378,74,"(61, 70, 346, 364)","(13, 74, 335, 378)"
2373141.jpg,wearing,hat,87,41,92,138,man,337,274,53,138,0,3,179,179,412,390,"(92, 179, 138, 179)","(53, 390, 138, 412)"
2317053.jpg,watching,skateboarder,178,54,2,265,person,102,37,19,52,0,3,319,180,89,121,"(2, 180, 265, 319)","(19, 121, 52, 89)"
2393100.jpg,sitting on,table,498,331,2,0,grapefruit,159,163,150,5,1,3,331,500,168,309,"(2, 500, 0, 331)","(150, 309, 5, 168)"
2329037.jpg,wearing,jacket,5,6,101,60,skier,18,9,98,56,0,3,66,106,65,116,"(101, 106, 60, 66)","(98, 116, 56, 65)"
2368454.jpg,sitting on,sand,170,494,201,4,cow,107,141,184,333,1,3,498,371,474,291,"(201, 371, 4, 498)","(184, 291, 333, 474)"
2395445.jpg,sitting on,plate,86,284,414,0,coffee,77,133,390,99,1,3,284,500,232,467,"(414, 500, 0, 284)","(390, 467, 99, 232)"
2354224.jpg,sitting on,bench,144,342,176,75,woman,179,79,115,304,1,3,417,320,383,294,"(176, 320, 75, 417)","(115, 294, 304, 383)"
2357258.jpg,wearing,socks,21,31,320,80,person,166,60,173,64,0,3,111,341,124,339,"(320, 341, 80, 111)","(173, 339, 64, 124)"
2409617.jpg,sitting on,plate,125,397,183,2,pizza,193,480,82,20,1,3,399,308,500,275,"(183, 308, 2, 399)","(82, 275, 20, 500)"
2335362.jpg,covering,ground,31,129,318,48,snow,367,492,2,1,0,3,177,349,493,369,"(318, 349, 48, 177)","(2, 369, 1, 493)"
2334333.jpg,wearing,shirt,76,60,81,416,man,155,69,55,414,0,3,476,157,483,210,"(81, 157, 416, 476)","(55, 210, 414, 483)"
2376325.jpg,sitting on,stone,21,68,148,408,pizza,199,314,157,185,1,3,476,169,499,356,"(148, 169, 408, 476)","(157, 356, 185, 499)"
2380165.jpg,standing on,grass,149,499,183,1,firefighter,27,10,157,327,0,3,500,332,337,184,"(183, 332, 1, 500)","(157, 184, 327, 337)"
2376213.jpg,sitting on,branch,373,417,1,0,bird,133,285,88,121,1,3,417,374,406,221,"(1, 374, 0, 417)","(88, 221, 121, 406)"
2406645.jpg,wearing,pants,119,103,92,236,skateboard,65,56,194,263,0,3,339,211,319,259,"(92, 211, 236, 339)","(194, 259, 263, 319)"
2394257.jpg,sitting on,runway,42,492,186,7,airliner,122,346,88,106,1,3,499,228,452,210,"(186, 228, 7, 499)","(88, 210, 106, 452)"
2381040.jpg,sitting on,road,122,498,185,1,tire,48,70,233,368,1,3,499,307,438,281,"(185, 307, 1, 499)","(233, 281, 368, 438)"
2413014.jpg,wearing,clothes,296,247,151,35,man,428,249,19,29,0,3,282,447,278,447,"(151, 447, 35, 282)","(19, 447, 29, 278)"
2380766.jpg,sitting on,table,371,201,28,298,bear,255,275,78,113,1,3,499,399,388,333,"(28, 399, 298, 499)","(78, 333, 113, 388)"
2348221.jpg,wearing,uniform,91,147,140,304,children,259,461,72,2,0,3,451,231,463,331,"(140, 231, 304, 451)","(72, 331, 2, 463)"
2343203.jpg,sitting on,table,293,365,206,1,fork,91,118,405,248,1,3,366,499,366,496,"(206, 499, 1, 366)","(405, 496, 248, 366)"
2349327.jpg,wearing,coat,50,22,159,56,man,85,26,150,54,0,3,78,209,80,235,"(159, 209, 56, 78)","(150, 235, 54, 80)"
2392125.jpg,sitting on,sofa,87,47,248,0,woman,109,49,155,2,1,3,47,335,51,264,"(248, 335, 0, 47)","(155, 264, 2, 51)"
2371158.jpg,wearing,jersey,125,99,112,17,man,258,105,65,16,0,3,116,237,121,323,"(112, 237, 17, 116)","(65, 323, 16, 121)"
2606.jpg,sitting on,ground,56,167,263,463,sign,65,49,215,493,1,3,630,319,542,280,"(263, 319, 463, 630)","(215, 280, 493, 542)"
2379312.jpg,wearing,shorts,304,160,16,212,boy,301,156,18,215,0,3,372,320,371,319,"(16, 320, 212, 372)","(18, 319, 215, 371)"
2318609.jpg,wearing,shirt,100,92,125,113,man,282,172,67,106,0,3,205,225,278,349,"(125, 225, 113, 205)","(67, 349, 106, 278)"
2350707.jpg,wearing,suit,163,85,136,296,man,192,111,116,296,0,3,381,299,407,308,"(136, 299, 296, 381)","(116, 308, 296, 407)"
2391565.jpg,sitting on,counter,105,83,3,2,bowl,36,39,2,1,1,3,85,108,40,38,"(3, 108, 2, 85)","(2, 38, 1, 40)"
2386325.jpg,sitting on,desk,253,347,120,142,monitor,176,298,2,102,1,3,489,373,400,178,"(120, 373, 142, 489)","(2, 178, 102, 400)"
2401195.jpg,says,free,11,26,151,47,poster,41,38,148,43,0,3,73,162,81,189,"(151, 162, 47, 73)","(148, 189, 43, 81)"
2405007.jpg,wearing,hat,56,60,68,155,person,244,232,68,124,0,3,215,124,356,312,"(68, 124, 155, 215)","(68, 312, 124, 356)"
2365293.jpg,sitting on,couch,230,444,138,55,men,321,451,53,42,1,3,499,368,493,374,"(138, 368, 55, 499)","(53, 374, 42, 493)"
2355165.jpg,wearing,shirt,123,49,200,0,man,193,56,157,1,0,3,49,323,57,350,"(200, 323, 0, 49)","(157, 350, 1, 57)"
2381745.jpg,sitting on,bench,83,172,356,298,man,187,134,230,272,1,3,470,439,406,417,"(356, 439, 298, 470)","(230, 417, 272, 406)"
2376862.jpg,sitting on,bench,61,372,271,5,teddy,250,135,62,265,1,3,377,332,400,312,"(271, 332, 5, 377)","(62, 312, 265, 400)"
2403524.jpg,wearing,capris,43,70,180,205,woman,152,99,103,187,0,3,275,223,286,255,"(180, 223, 205, 275)","(103, 255, 187, 286)"
2375415.jpg,sitting on,table,372,498,2,2,glass,180,52,13,0,1,3,500,374,52,193,"(2, 374, 2, 500)","(13, 193, 0, 52)"
2349418.jpg,wearing,pants,70,41,166,70,woman,186,85,89,65,0,3,111,236,150,275,"(166, 236, 70, 111)","(89, 275, 65, 150)"
2348747.jpg,painted on,glass,332,179,0,0,symbol,164,85,50,27,0,3,179,332,112,214,"(0, 332, 0, 179)","(50, 214, 27, 112)"
2350394.jpg,wearing,pants,78,67,318,0,woman,210,110,198,1,0,3,67,396,111,408,"(318, 396, 0, 67)","(198, 408, 1, 111)"
2382355.jpg,sitting on,sidewalk,54,490,240,2,hydrant,333,202,7,169,1,3,492,294,371,340,"(240, 294, 2, 492)","(7, 340, 169, 371)"
2338817.jpg,sitting on,bench,150,497,82,2,person,50,128,1,255,1,3,499,232,383,51,"(82, 232, 2, 499)","(1, 51, 255, 383)"
2348862.jpg,wearing,dress,200,117,73,73,lady,297,115,30,71,0,3,190,273,186,327,"(73, 273, 73, 190)","(30, 327, 71, 186)"
2404204.jpg,sitting on,bench,202,426,105,56,dog,77,146,125,193,1,3,482,307,339,202,"(105, 307, 56, 482)","(125, 202, 193, 339)"
2347186.jpg,sitting on,beach,140,468,190,1,chair,100,65,136,417,1,3,469,330,482,236,"(190, 330, 1, 469)","(136, 236, 417, 482)"
2410766.jpg,wearing,shirt,147,123,68,79,man,312,130,17,84,0,3,202,215,214,329,"(68, 215, 79, 202)","(17, 329, 84, 214)"
2343433.jpg,sitting on,bench,140,280,143,82,gentleman,245,163,87,104,1,3,362,283,267,332,"(143, 283, 82, 362)","(87, 332, 104, 267)"
2399394.jpg,sitting on,ground,118,201,382,96,man,208,124,286,251,1,3,297,500,375,494,"(382, 500, 96, 297)","(286, 494, 251, 375)"
2386025.jpg,standing on,pavement,344,498,30,1,person,75,20,14,157,0,3,499,374,177,89,"(30, 374, 1, 499)","(14, 89, 157, 177)"
2388105.jpg,sitting on,grass,81,215,133,44,people,26,34,123,182,1,3,259,214,216,149,"(133, 214, 44, 259)","(123, 149, 182, 216)"
2402189.jpg,wearing,glasses,25,49,199,145,man,342,178,157,80,0,3,194,224,258,499,"(199, 224, 145, 194)","(157, 499, 80, 258)"
2370646.jpg,eating,hay,23,73,227,140,giraffes,110,138,115,150,0,3,213,250,288,225,"(227, 250, 140, 213)","(115, 225, 150, 288)"
2382146.jpg,sitting on,elephant,145,232,186,4,person,230,172,55,68,1,3,236,331,240,285,"(186, 331, 4, 236)","(55, 285, 68, 240)"
2372016.jpg,eating,grass,336,497,37,0,sheep,291,177,44,170,0,3,497,373,347,335,"(37, 373, 0, 497)","(44, 335, 170, 347)"
2365834.jpg,wearing,shirt,63,68,162,84,man,137,81,138,223,0,3,152,225,304,275,"(162, 225, 84, 152)","(138, 275, 223, 304)"
2343028.jpg,sitting on,bench,282,498,67,1,man,293,166,68,82,1,3,499,349,248,361,"(67, 349, 1, 499)","(68, 361, 82, 248)"
2374229.jpg,sitting on,horse,227,87,75,158,girl,171,103,42,150,1,3,245,302,253,213,"(75, 302, 158, 245)","(42, 213, 150, 253)"
2404270.jpg,sitting on,field,408,459,89,4,shadow,78,457,421,2,1,3,463,497,459,499,"(89, 497, 4, 463)","(421, 499, 2, 459)"
2390782.jpg,covered in,snow,216,498,159,1,road,210,395,165,104,0,3,499,375,499,375,"(159, 375, 1, 499)","(165, 375, 104, 499)"
2381086.jpg,painted on,court,73,105,222,48,line,27,44,207,13,0,3,153,295,57,234,"(222, 295, 48, 153)","(207, 234, 13, 57)"
2356292.jpg,says,89,87,58,43,439,sign,115,66,34,433,0,3,497,130,499,149,"(43, 130, 439, 497)","(34, 149, 433, 499)"
2411451.jpg,wearing,shirt,38,24,106,222,driver,76,48,90,217,0,3,246,144,265,166,"(106, 144, 222, 246)","(90, 166, 217, 265)"
2379603.jpg,hanging from,ceiling,243,331,4,1,lamp,53,39,205,141,0,3,332,247,180,258,"(4, 247, 1, 332)","(205, 258, 141, 180)"
2407775.jpg,sitting on,bed,268,497,106,1,child,264,177,109,124,1,3,498,374,301,373,"(106, 374, 1, 498)","(109, 373, 124, 301)"
1759.jpg,sitting on,bench,34,66,402,423,person,38,13,397,440,1,3,489,436,453,435,"(402, 436, 423, 489)","(397, 435, 440, 453)"
2362426.jpg,sitting on,snow,374,492,0,6,people,65,51,2,1,1,3,498,374,52,67,"(0, 374, 6, 498)","(2, 67, 1, 52)"
2338095.jpg,sitting on,floor,69,372,429,2,boy,140,193,326,173,1,3,374,498,366,466,"(429, 498, 2, 374)","(326, 466, 173, 366)"
2378098.jpg,riding,bike,190,285,140,0,couple,212,163,83,14,0,3,285,330,177,295,"(140, 330, 0, 285)","(83, 295, 14, 177)"
1592103.jpg,sitting on,couch,301,502,167,352,person,342,286,171,499,1,3,854,468,785,513,"(167, 468, 352, 854)","(171, 513, 499, 785)"
2346259.jpg,wearing,shorts,20,21,338,227,man,76,35,300,218,0,3,248,358,253,376,"(338, 358, 227, 248)","(300, 376, 218, 253)"
2382636.jpg,sitting on,bench,20,39,323,27,woman,67,26,244,0,1,3,66,343,26,311,"(323, 343, 27, 66)","(244, 311, 0, 26)"
2325480.jpg,watching,train,412,390,4,4,man,301,103,183,212,0,3,394,416,315,484,"(4, 416, 4, 394)","(183, 484, 212, 315)"
2398424.jpg,sitting on,table,196,495,299,3,plate,184,415,306,1,1,3,498,495,416,490,"(299, 495, 3, 498)","(306, 490, 1, 416)"
2271.jpg,wearing,shirt,34,37,311,366,woman,71,45,301,353,0,3,403,345,398,372,"(311, 345, 366, 403)","(301, 372, 353, 398)"
2405138.jpg,sitting on,dugout,135,337,76,2,player,71,71,136,10,1,3,339,211,81,207,"(76, 211, 2, 339)","(136, 207, 10, 81)"
2381030.jpg,sitting on,ground,314,498,60,1,shadow,314,499,59,0,1,3,499,374,499,373,"(60, 374, 1, 499)","(59, 373, 0, 499)"
498219.jpg,wearing,clothes,533,169,234,139,skier,533,181,234,133,0,3,308,767,314,767,"(234, 767, 139, 308)","(234, 767, 133, 314)"
2405289.jpg,lying on,pillows,69,97,269,158,towel,25,48,290,172,0,3,255,338,220,315,"(269, 338, 158, 255)","(290, 315, 172, 220)"
2416918.jpg,sitting on,bench,404,282,3,188,bottle,317,213,102,81,1,3,470,407,294,419,"(3, 407, 188, 470)","(102, 419, 81, 294)"
2388810.jpg,sitting on,motorcycle,194,140,238,76,man,121,148,144,62,1,3,216,432,210,265,"(238, 432, 76, 216)","(144, 265, 62, 210)"
2340861.jpg,wearing,sweater,282,374,124,0,gentleman,473,371,2,2,0,3,374,406,373,475,"(124, 406, 0, 374)","(2, 475, 2, 373)"
2359498.jpg,wearing,undershirt,57,50,107,340,player,206,122,62,310,0,3,390,164,432,268,"(107, 164, 340, 390)","(62, 268, 310, 432)"
2345017.jpg,mounted on,surfboard,18,47,306,98,sail,238,43,62,77,0,3,145,324,120,300,"(306, 324, 98, 145)","(62, 300, 77, 120)"
2359521.jpg,wearing,crown,32,48,44,277,man,276,212,45,232,0,3,325,76,444,321,"(44, 76, 277, 325)","(45, 321, 232, 444)"
2401156.jpg,wearing,gloves,64,224,91,64,man,290,224,40,60,0,3,288,155,284,330,"(91, 155, 64, 288)","(40, 330, 60, 284)"
2400652.jpg,sitting on,table,47,272,285,196,glass,58,32,274,412,1,3,468,332,444,332,"(285, 332, 196, 468)","(274, 332, 412, 444)"
2396857.jpg,wearing,shorts,15,23,244,162,man,55,40,211,154,0,3,185,259,194,266,"(244, 259, 162, 185)","(211, 266, 154, 194)"
2330882.jpg,parked on,street,105,175,311,154,cars,57,110,259,220,0,3,329,416,330,316,"(311, 416, 154, 329)","(259, 316, 220, 330)"
2345052.jpg,riding,horse,235,301,98,199,jockey,191,103,43,270,0,3,500,333,373,234,"(98, 333, 199, 500)","(43, 234, 270, 373)"
2369537.jpg,sitting on,bench,40,125,166,83,man,50,28,154,95,1,3,208,206,123,204,"(166, 206, 83, 208)","(154, 204, 95, 123)"
2354131.jpg,sitting on,bench,167,209,153,291,woman,208,108,121,302,1,3,500,320,410,329,"(153, 320, 291, 500)","(121, 329, 302, 410)"
2386371.jpg,sitting on,shelf,236,197,2,301,picture,68,42,99,315,1,3,498,238,357,167,"(2, 238, 301, 498)","(99, 167, 315, 357)"
2365507.jpg,sitting on,skateboard,58,60,331,214,man,281,229,132,28,1,3,274,389,257,413,"(331, 389, 214, 274)","(132, 413, 28, 257)"
2370831.jpg,sitting on,surfboard,218,369,280,3,baby,284,216,49,88,1,3,372,498,304,333,"(280, 498, 3, 372)","(49, 333, 88, 304)"
2317796.jpg,wearing,badge,39,30,181,319,man,227,114,83,300,0,3,349,220,414,310,"(181, 220, 319, 349)","(83, 310, 300, 414)"
2346024.jpg,sitting on,dish,48,171,429,130,cake,75,141,393,141,1,3,301,477,282,468,"(429, 477, 130, 301)","(393, 468, 141, 282)"
2325384.jpg,walking on,sidewalk,163,497,205,0,man,258,119,17,206,0,3,497,368,325,275,"(205, 368, 0, 497)","(17, 275, 206, 325)"
2323007.jpg,riding,horse,66,122,242,377,man,42,24,190,424,0,3,499,308,448,232,"(242, 308, 377, 499)","(190, 232, 424, 448)"
2406119.jpg,standing on,field,281,496,0,2,horses,183,131,92,264,0,3,498,281,395,275,"(0, 281, 2, 498)","(92, 275, 264, 395)"
2390183.jpg,wearing,shirt,23,14,60,23,person,51,24,55,17,0,3,37,83,41,106,"(60, 83, 23, 37)","(55, 106, 17, 41)"
61563.jpg,watching,people,60,37,52,986,man,116,46,20,354,0,3,1023,112,400,136,"(52, 112, 986, 1023)","(20, 136, 354, 400)"
2401816.jpg,wearing,helmet,32,56,108,154,children,227,84,105,138,0,3,210,140,222,332,"(108, 140, 154, 210)","(105, 332, 138, 222)"
2373731.jpg,sitting on,snow,330,494,2,3,skis,62,50,255,272,1,3,497,332,322,317,"(2, 332, 3, 497)","(255, 317, 272, 322)"
2387434.jpg,wearing,pajamas,202,284,297,111,boy,284,289,214,111,0,3,395,499,400,498,"(297, 499, 111, 395)","(214, 498, 111, 400)"
2333429.jpg,sitting on,ground,253,495,119,2,bucket,30,26,136,190,1,3,497,372,216,166,"(119, 372, 2, 497)","(136, 166, 190, 216)"
2381793.jpg,sitting on,stove,360,493,6,3,food,309,420,66,20,1,3,496,366,440,375,"(6, 366, 3, 496)","(66, 375, 20, 440)"
2358430.jpg,sitting on,beach,204,495,163,3,bear,252,386,9,87,1,3,498,367,473,261,"(163, 367, 3, 498)","(9, 261, 87, 473)"
2374030.jpg,sitting on,table,231,391,101,2,monitor,76,123,67,233,1,3,393,332,356,143,"(101, 332, 2, 393)","(67, 143, 233, 356)"
2385032.jpg,wearing,shorts,91,110,205,63,man,327,149,70,49,0,3,173,296,198,397,"(205, 296, 63, 173)","(70, 397, 49, 198)"
2407982.jpg,standing on,grass,110,157,160,342,pigeon,25,22,147,472,0,3,499,270,494,172,"(160, 270, 342, 499)","(147, 172, 472, 494)"
2409134.jpg,sitting on,bench,157,354,173,121,man,228,128,100,107,1,3,475,330,235,328,"(173, 330, 121, 475)","(100, 328, 107, 235)"
2369316.jpg,wearing,shirt,61,53,306,63,boy,186,74,282,47,0,3,116,367,121,468,"(306, 367, 63, 116)","(282, 468, 47, 121)"
2397014.jpg,wearing,shirt,10,8,258,255,woman,29,8,253,255,0,3,263,268,263,282,"(258, 268, 255, 263)","(253, 282, 255, 263)"
2339119.jpg,sitting on,table,191,500,139,0,food,81,257,121,163,1,3,500,330,420,202,"(139, 330, 0, 500)","(121, 202, 163, 420)"
2400288.jpg,sitting on,counter,145,346,240,0,shampoo,18,9,251,215,1,3,346,385,224,269,"(240, 385, 0, 346)","(251, 269, 215, 224)"
2397958.jpg,sitting on,chair,15,33,300,353,man,69,16,215,186,1,3,386,315,202,284,"(300, 315, 353, 386)","(215, 284, 186, 202)"
2341338.jpg,sitting on,ground,44,18,174,248,children,31,63,115,432,1,3,266,218,495,146,"(174, 218, 248, 266)","(115, 146, 432, 495)"
2316535.jpg,using,camera,19,26,132,34,person,82,42,127,36,0,3,60,151,78,209,"(132, 151, 34, 60)","(127, 209, 36, 78)"
2371373.jpg,walking on,path,21,268,208,1,elephant,82,114,135,169,0,3,269,229,283,217,"(208, 229, 1, 269)","(135, 217, 169, 283)"
2385748.jpg,sitting on,ground,500,332,0,1,bag,14,25,160,81,1,3,333,500,106,174,"(0, 500, 1, 333)","(160, 174, 81, 106)"
2316925.jpg,wearing,tie,91,27,165,90,man,207,160,85,28,0,3,117,256,188,292,"(165, 256, 90, 117)","(85, 292, 28, 188)"
2340720.jpg,sitting on,chair,265,95,86,1,bag,155,97,188,13,1,3,96,351,110,343,"(86, 351, 1, 96)","(188, 343, 13, 110)"
1345.jpg,sitting on,table,345,473,22,11,bottle,110,77,7,34,1,3,484,367,111,117,"(22, 367, 11, 484)","(7, 117, 34, 111)"
2405707.jpg,sitting on,couch,183,383,190,108,man,194,139,180,175,1,3,491,373,314,374,"(190, 373, 108, 491)","(180, 374, 175, 314)"
2384431.jpg,wearing,helmet,38,51,130,128,man,294,67,132,108,0,3,179,168,175,426,"(130, 168, 128, 179)","(132, 426, 108, 175)"
2390529.jpg,covered in,tarp,218,321,179,2,fence,109,332,93,2,0,3,323,397,334,202,"(179, 397, 2, 323)","(93, 202, 2, 334)"
2373365.jpg,wearing,pants,55,43,233,188,person,158,73,144,165,0,3,231,288,238,302,"(233, 288, 188, 231)","(144, 302, 165, 238)"
2348528.jpg,sitting on,horse,211,225,85,274,woman,220,97,13,387,1,3,499,296,484,233,"(85, 296, 274, 499)","(13, 233, 387, 484)"
600.jpg,walking on,sidewalk,63,796,376,1,person,56,24,344,367,0,3,797,439,391,400,"(376, 439, 1, 797)","(344, 400, 367, 391)"
2340578.jpg,covering,ground,15,47,295,32,grass,47,76,265,46,0,3,79,310,122,312,"(295, 310, 32, 79)","(265, 312, 46, 122)"
2375867.jpg,wearing,jacket,33,33,162,161,man,106,43,145,161,0,3,194,195,204,251,"(162, 195, 161, 194)","(145, 251, 161, 204)"
2355608.jpg,sitting on,table,31,498,300,1,pot,163,65,149,2,1,3,499,331,67,312,"(300, 331, 1, 499)","(149, 312, 2, 67)"
2368748.jpg,wearing,jeans,77,41,277,446,man,152,49,202,443,0,3,487,354,492,354,"(277, 354, 446, 487)","(202, 354, 443, 492)"
340.jpg,wearing,top,11,18,339,472,person,29,28,327,465,0,3,490,350,493,356,"(339, 350, 472, 490)","(327, 356, 465, 493)"
2399307.jpg,sitting on,table,111,464,370,18,cake,45,69,347,46,1,3,482,481,115,392,"(370, 481, 18, 482)","(347, 392, 46, 115)"
2374783.jpg,wearing,shirt,103,147,77,245,man,305,162,15,196,0,3,392,180,358,320,"(77, 180, 245, 392)","(15, 320, 196, 358)"
2331565.jpg,wearing,dress,173,84,205,44,woman,391,105,84,30,0,3,128,378,135,475,"(205, 378, 44, 128)","(84, 475, 30, 135)"
2361994.jpg,sitting on,bench,183,332,194,81,cat,98,124,169,278,1,3,413,377,402,267,"(194, 377, 81, 413)","(169, 267, 278, 402)"
2354688.jpg,sitting on,cart,353,498,1,2,items,158,229,71,20,1,3,500,354,249,229,"(1, 354, 2, 500)","(71, 229, 20, 249)"
2379256.jpg,wearing,glasses,12,20,254,35,woman,133,69,241,1,0,3,55,266,70,374,"(254, 266, 35, 55)","(241, 374, 1, 70)"
2391364.jpg,sitting on,chair,367,334,25,129,dog,192,212,117,228,1,3,463,392,440,309,"(25, 392, 129, 463)","(117, 309, 228, 440)"
2318755.jpg,sitting on,bench,39,150,25,58,spectator,34,30,22,78,1,3,208,64,108,56,"(25, 64, 58, 208)","(22, 56, 78, 108)"
2369907.jpg,wearing,shirt,31,22,69,247,woman,65,28,56,245,0,3,269,100,273,121,"(69, 100, 247, 269)","(56, 121, 245, 273)"
2318982.jpg,sitting on,track,47,177,452,17,train,429,297,71,2,1,3,194,499,299,500,"(452, 499, 17, 194)","(71, 500, 2, 299)"
2335601.jpg,wearing,pants,30,28,308,34,girl,63,45,280,25,0,3,62,338,70,343,"(308, 338, 34, 62)","(280, 343, 25, 70)"
2387127.jpg,watching,child,146,61,110,158,woman,133,62,27,35,0,3,219,256,97,160,"(110, 256, 158, 219)","(27, 160, 35, 97)"
2373354.jpg,sitting on,back,69,139,130,253,man,137,86,64,249,1,3,392,199,335,201,"(130, 199, 253, 392)","(64, 201, 249, 335)"
2406452.jpg,sitting on,table,74,100,108,319,hat,19,32,98,331,1,3,419,182,363,117,"(108, 182, 319, 419)","(98, 117, 331, 363)"
2417178.jpg,wearing,shirt,64,55,196,339,person,123,90,174,302,0,3,394,260,392,297,"(196, 260, 339, 394)","(174, 297, 302, 392)"
2345353.jpg,sitting on,elephant,90,316,204,38,person,106,65,127,185,1,3,354,294,250,233,"(204, 294, 38, 354)","(127, 233, 185, 250)"
2319434.jpg,wearing,wetsuit,60,68,232,96,man,101,98,116,200,0,3,164,292,298,217,"(232, 292, 96, 164)","(116, 217, 200, 298)"
2336974.jpg,sitting on,snow,267,477,0,8,ski,69,140,210,320,1,3,485,267,460,279,"(0, 267, 8, 485)","(210, 279, 320, 460)"
2354243.jpg,wearing,jeans,136,83,334,175,person,317,120,168,155,0,3,258,470,275,485,"(334, 470, 175, 258)","(168, 485, 155, 275)"
2394113.jpg,wearing,boots,25,20,141,302,woman,98,83,65,237,0,3,322,166,320,163,"(141, 166, 302, 322)","(65, 163, 237, 320)"
2407179.jpg,sitting on,counter,174,392,200,1,donuts,59,124,233,35,1,3,393,374,159,292,"(200, 374, 1, 393)","(233, 292, 35, 159)"
2411579.jpg,sitting on,counter,32,273,77,17,blender,15,7,62,256,1,3,290,109,263,77,"(77, 109, 17, 290)","(62, 77, 256, 263)"
2373415.jpg,sitting on,floor,140,496,192,2,suitcase,248,337,83,1,1,3,498,332,338,331,"(192, 332, 2, 498)","(83, 331, 1, 338)"
2405132.jpg,sitting on,peanuts,142,396,252,60,fruit,154,367,66,59,1,3,456,394,426,220,"(252, 394, 60, 456)","(66, 220, 59, 426)"
2360821.jpg,sitting on,steps,135,481,65,16,person,92,64,13,418,1,3,497,200,482,105,"(65, 200, 16, 497)","(13, 105, 418, 482)"
426.jpg,parked on,street,266,429,203,366,minivan,88,67,165,709,0,3,795,469,776,253,"(203, 469, 366, 795)","(165, 253, 709, 776)"
2354596.jpg,sitting on,steps,115,147,70,227,woman,34,25,83,226,1,3,374,185,251,117,"(70, 185, 227, 374)","(83, 117, 226, 251)"
2385133.jpg,wearing,shorts,20,18,210,58,man,80,28,175,52,0,3,76,230,80,255,"(210, 230, 58, 76)","(175, 255, 52, 80)"
2396121.jpg,wearing,black,28,32,0,119,shade,294,270,0,11,0,3,151,28,281,294,"(0, 28, 119, 151)","(0, 294, 11, 281)"
2397233.jpg,sitting on,ground,68,482,245,17,motorcycle,262,291,43,107,1,3,499,313,398,305,"(245, 313, 17, 499)","(43, 305, 107, 398)"
2396706.jpg,wearing,helmet,59,72,39,46,man,339,170,35,1,0,3,118,98,171,374,"(39, 98, 46, 118)","(35, 374, 1, 171)"
2409807.jpg,sitting on,surfboard,104,429,344,67,girl,431,303,7,58,1,3,496,448,361,438,"(344, 448, 67, 496)","(7, 438, 58, 361)"
2334662.jpg,wearing,jeans,112,63,233,127,boy,287,70,50,242,0,3,190,345,312,337,"(233, 345, 127, 190)","(50, 337, 242, 312)"
2343381.jpg,sitting on,ground,190,498,184,1,bird,13,13,260,65,1,3,499,374,78,273,"(184, 374, 1, 499)","(260, 273, 65, 78)"
309.jpg,wearing,skirt,34,34,378,263,woman,91,55,344,246,0,3,297,412,301,435,"(378, 412, 263, 297)","(344, 435, 246, 301)"
2401398.jpg,sitting on,beach,71,494,300,5,vehicle,9,30,304,86,1,3,499,371,116,313,"(300, 371, 5, 499)","(304, 313, 86, 116)"
2407736.jpg,eating,popsicle,19,21,177,29,woman,229,25,104,1,0,3,50,196,26,333,"(177, 196, 29, 50)","(104, 333, 1, 26)"
2350923.jpg,wearing,helmet,21,23,231,269,child,130,66,231,250,0,3,292,252,316,361,"(231, 252, 269, 292)","(231, 361, 250, 316)"
2410786.jpg,wearing,hat,35,33,45,308,person,130,121,43,220,0,3,341,80,341,173,"(45, 80, 308, 341)","(43, 173, 220, 341)"
2386414.jpg,sitting on,shelf,17,352,69,1,jar,50,26,20,316,1,3,353,86,342,70,"(69, 86, 1, 353)","(20, 70, 316, 342)"
150328.jpg,wearing,shirt,258,291,106,153,woman,755,397,12,49,0,3,444,364,446,767,"(106, 364, 153, 444)","(12, 767, 49, 446)"
2382906.jpg,eating,pizza,56,80,180,154,girl,497,310,1,2,0,3,234,236,312,498,"(180, 236, 154, 234)","(1, 498, 2, 312)"
2416060.jpg,sitting on,steps,69,499,228,0,man,60,37,222,367,1,3,499,297,404,282,"(228, 297, 0, 499)","(222, 282, 367, 404)"
2407441.jpg,wearing,shirt,72,73,76,186,lady,181,111,50,175,0,3,259,148,286,231,"(76, 148, 186, 259)","(50, 231, 175, 286)"
2378694.jpg,wearing,shorts,43,54,103,178,man,164,138,44,128,0,3,232,146,266,208,"(103, 146, 178, 232)","(44, 208, 128, 266)"
2319818.jpg,sitting on,barrel,128,220,228,123,man,425,245,18,33,1,3,343,356,278,443,"(228, 356, 123, 343)","(18, 443, 33, 278)"
2376128.jpg,sitting on,couch,192,257,267,3,man,155,125,258,1,1,3,260,459,126,413,"(267, 459, 3, 260)","(258, 413, 1, 126)"
2409590.jpg,wearing,jacket,108,129,383,215,man,490,159,5,215,0,3,344,491,374,495,"(383, 491, 215, 344)","(5, 495, 215, 374)"
2381402.jpg,wearing,jacket,38,43,139,261,woman,96,46,123,260,0,3,304,177,306,219,"(139, 177, 261, 304)","(123, 219, 260, 306)"
2378206.jpg,wearing,shirt,110,62,214,3,person,182,85,149,1,0,3,65,324,86,331,"(214, 324, 3, 65)","(149, 331, 1, 86)"
2352262.jpg,sitting on,table,70,110,208,128,silverware,20,50,209,175,1,3,238,278,225,229,"(208, 278, 128, 238)","(209, 229, 175, 225)"
2359996.jpg,sitting on,bench,30,30,264,0,person,70,34,242,0,1,3,30,294,34,312,"(264, 294, 0, 30)","(242, 312, 0, 34)"
2340946.jpg,sitting on,refrigerator,342,200,131,71,bowl,13,30,124,29,1,3,271,473,59,137,"(131, 473, 71, 271)","(124, 137, 29, 59)"
2331814.jpg,flying in,sky,353,353,1,2,kite,84,72,39,242,0,3,355,354,314,123,"(1, 354, 2, 355)","(39, 123, 242, 314)"
2366816.jpg,wearing,shirt,163,138,53,278,man,238,125,4,279,0,3,416,216,404,242,"(53, 216, 278, 416)","(4, 242, 279, 404)"
2386584.jpg,sitting on,ground,328,495,2,3,pigeon,26,16,84,320,1,3,498,330,336,110,"(2, 330, 3, 498)","(84, 110, 320, 336)"
2368453.jpg,walking in,snow,215,371,283,1,guy,85,66,278,239,0,3,372,498,305,363,"(283, 498, 1, 372)","(278, 363, 239, 305)"
2407682.jpg,wearing,jersey,138,93,236,406,player,205,176,169,324,0,3,499,374,500,374,"(236, 374, 406, 499)","(169, 374, 324, 500)"
713232.jpg,wearing,hat,35,42,52,343,man,188,122,52,306,0,3,385,87,428,240,"(52, 87, 343, 385)","(52, 240, 306, 428)"
2409964.jpg,sitting on,beach,74,358,426,2,debris,25,80,435,24,1,3,360,500,104,460,"(426, 500, 2, 360)","(435, 460, 24, 104)"
1365.jpg,sitting on,table,119,220,352,402,globe,78,74,260,469,1,3,622,471,543,338,"(352, 471, 402, 622)","(260, 338, 469, 543)"
2362410.jpg,sitting on,bench,77,240,168,148,man,115,92,121,150,1,3,388,245,242,236,"(168, 245, 148, 388)","(121, 236, 150, 242)"
2342752.jpg,sitting on,plank,129,330,235,0,lady,224,178,126,91,1,3,330,364,269,350,"(235, 364, 0, 330)","(126, 350, 91, 269)"
150331.jpg,parked on,road,288,361,477,115,car,32,41,459,336,0,3,476,765,377,491,"(477, 765, 115, 476)","(459, 491, 336, 377)"
2386807.jpg,wearing,headband,23,64,52,241,person,303,437,30,1,0,3,305,75,438,333,"(52, 75, 241, 305)","(30, 333, 1, 438)"
2325400.jpg,lying on,hill,120,320,1,1,boulder,8,13,61,57,0,3,321,121,70,69,"(1, 121, 1, 321)","(61, 69, 57, 70)"
2417854.jpg,wearing,glove,6,8,301,152,man,40,24,272,137,0,3,160,307,161,312,"(301, 307, 152, 160)","(272, 312, 137, 161)"
2392620.jpg,wearing,t-shirt,139,117,134,9,man,346,110,65,9,0,3,126,273,119,411,"(134, 273, 9, 126)","(65, 411, 9, 119)"
2373610.jpg,wearing,boots,34,54,369,104,man,267,88,133,101,0,3,158,403,189,400,"(369, 403, 104, 158)","(133, 400, 101, 189)"
2355571.jpg,wearing,glasses,42,76,74,164,man,321,238,11,58,0,3,240,116,296,332,"(74, 116, 164, 240)","(11, 332, 58, 296)"
2381040.jpg,sitting on,road,122,498,185,1,tire,99,85,200,268,1,3,499,307,353,299,"(185, 307, 1, 499)","(200, 299, 268, 353)"
2319959.jpg,sitting on,wall,45,259,452,142,man,95,42,394,329,1,3,401,497,371,489,"(452, 497, 142, 401)","(394, 489, 329, 371)"
2365461.jpg,wearing,belt,23,97,219,135,catcher,436,178,63,103,0,3,232,242,281,499,"(219, 242, 135, 232)","(63, 499, 103, 281)"
2386438.jpg,sitting on,rug,156,499,218,0,boy,222,139,82,108,1,3,499,374,247,304,"(218, 374, 0, 499)","(82, 304, 108, 247)"
2395702.jpg,wearing,wristband,13,18,155,251,man,230,223,77,86,0,3,269,168,309,307,"(155, 168, 251, 269)","(77, 307, 86, 309)"
2332788.jpg,wearing,skirt,39,37,341,133,girl,496,330,1,2,0,3,170,380,332,497,"(341, 380, 133, 170)","(1, 497, 2, 332)"
2353767.jpg,sitting on,turf,65,115,183,140,figurine,39,27,153,209,1,3,255,248,236,192,"(183, 248, 140, 255)","(153, 192, 209, 236)"
2395884.jpg,sitting on,beach,18,496,177,1,person,6,7,183,96,1,3,497,195,103,189,"(177, 195, 1, 497)","(183, 189, 96, 103)"
2405202.jpg,wearing,shoes,100,107,229,294,man,289,182,41,236,0,3,401,329,418,330,"(229, 329, 294, 401)","(41, 330, 236, 418)"
2365717.jpg,wearing,pants,77,98,255,270,man,293,141,39,266,0,3,368,332,407,332,"(255, 332, 270, 368)","(39, 332, 266, 407)"
2399982.jpg,sitting on,plate,177,474,197,22,chicken,213,483,8,16,1,3,496,374,499,221,"(197, 374, 22, 496)","(8, 221, 16, 499)"
2412358.jpg,wearing,trousers,236,328,213,30,man,412,345,36,8,0,3,358,449,353,448,"(213, 449, 30, 358)","(36, 448, 8, 353)"
2394647.jpg,sitting on,table,81,80,198,419,toys,49,48,220,439,1,3,499,279,487,269,"(198, 279, 419, 499)","(220, 269, 439, 487)"
2392702.jpg,sitting on,nightstand,66,120,209,376,lamp,127,65,107,429,1,3,496,275,494,234,"(209, 275, 376, 496)","(107, 234, 429, 494)"
2397102.jpg,wearing,shirt,296,335,78,156,man,436,325,3,160,0,3,491,374,485,439,"(78, 374, 156, 491)","(3, 439, 160, 485)"
2345167.jpg,sitting on,bench,118,465,123,32,girl,298,70,35,152,1,3,497,241,222,333,"(123, 241, 32, 497)","(35, 333, 152, 222)"
713559.jpg,wearing,cap,20,29,217,245,man,53,52,207,245,0,3,274,237,297,260,"(217, 237, 245, 274)","(207, 260, 245, 297)"
2358439.jpg,sitting on,table,291,500,77,0,lighter,11,40,224,45,1,3,500,368,85,235,"(77, 368, 0, 500)","(224, 235, 45, 85)"
2317821.jpg,wearing,hat,47,52,64,78,woman,383,182,66,28,0,3,130,111,210,449,"(64, 111, 78, 130)","(66, 449, 28, 210)"
2411844.jpg,standing on,log,8,7,61,432,bird,16,36,42,415,0,3,439,69,451,58,"(61, 69, 432, 439)","(42, 58, 415, 451)"
2381722.jpg,wearing,jacket,122,150,68,138,child,288,183,12,119,0,3,288,190,302,300,"(68, 190, 138, 288)","(12, 300, 119, 302)"
2376061.jpg,wearing,sneakers,10,26,228,453,boy,69,41,174,451,0,3,479,238,492,243,"(228, 238, 453, 479)","(174, 243, 451, 492)"
2337208.jpg,wearing,jeans,95,51,273,429,man,353,228,20,252,0,3,480,368,480,373,"(273, 368, 429, 480)","(20, 373, 252, 480)"
2403223.jpg,wearing,jeans,118,53,195,262,lady,262,78,46,243,0,3,315,313,321,308,"(195, 313, 262, 315)","(46, 308, 243, 321)"
2379282.jpg,walking on,sidewalk,162,129,211,1,person,43,17,204,7,0,3,130,373,24,247,"(211, 373, 1, 130)","(204, 247, 7, 24)"
2403037.jpg,sitting on,field,237,494,95,0,backpack,72,49,165,373,1,3,494,332,422,237,"(95, 332, 0, 494)","(165, 237, 373, 422)"
2371010.jpg,wearing,shirt,189,218,123,153,man,272,194,50,157,0,3,371,312,351,322,"(123, 312, 153, 371)","(50, 322, 157, 351)"
2408058.jpg,wearing,shirt,170,192,156,267,man,273,201,56,244,0,3,459,326,445,329,"(156, 326, 267, 459)","(56, 329, 244, 445)"
131.jpg,sitting on,bench,74,145,194,429,woman,150,56,143,311,1,3,574,268,367,293,"(194, 268, 429, 574)","(143, 293, 311, 367)"
2316723.jpg,sitting on,man,310,289,61,2,dog,210,167,164,274,1,3,291,371,441,374,"(61, 371, 2, 291)","(164, 374, 274, 441)"
2413605.jpg,sitting on,box,103,140,104,141,monitor,143,220,1,92,1,3,281,207,312,144,"(104, 207, 141, 281)","(1, 144, 92, 312)"
2353599.jpg,sitting on,table,186,368,146,1,glass,71,17,137,241,1,3,369,332,258,208,"(146, 332, 1, 369)","(137, 208, 241, 258)"
2340448.jpg,sitting on,plate,72,142,299,0,food,8,7,353,57,1,3,142,371,64,361,"(299, 371, 0, 142)","(353, 361, 57, 64)"
2356202.jpg,wearing,jacket,137,113,201,150,girl,298,139,135,124,0,3,263,338,263,433,"(201, 338, 150, 263)","(135, 433, 124, 263)"
2387635.jpg,sitting on,bench,27,40,471,2,man,36,34,459,5,1,3,42,498,39,495,"(471, 498, 2, 42)","(459, 495, 5, 39)"
2366557.jpg,sitting on,sand,233,372,265,2,child,41,28,257,335,1,3,374,498,363,298,"(265, 498, 2, 374)","(257, 298, 335, 363)"
2353808.jpg,sitting on,carpet,90,396,219,10,laptop,129,160,181,87,1,3,406,309,247,310,"(219, 309, 10, 406)","(181, 310, 87, 247)"
2375743.jpg,sitting on,table,150,444,222,2,laptop,175,227,198,174,1,3,446,372,401,373,"(222, 372, 2, 446)","(198, 373, 174, 401)"
1592377.jpg,sitting on,motorcycle,528,501,63,102,man,428,194,152,306,1,3,603,591,500,580,"(63, 591, 102, 603)","(152, 580, 306, 500)"
2361763.jpg,sitting on,tarmac,142,496,135,3,plane,172,441,32,26,1,3,499,277,467,204,"(135, 277, 3, 499)","(32, 204, 26, 467)"
2317181.jpg,sitting on,chair,43,29,201,98,man,56,38,196,85,1,3,127,244,123,252,"(201, 244, 98, 127)","(196, 252, 85, 123)"
2381657.jpg,sitting on,ground,376,450,123,2,box,78,66,92,70,1,3,452,499,136,170,"(123, 499, 2, 452)","(92, 170, 70, 136)"
2376104.jpg,hanging from,collar,51,45,230,179,tag,19,10,260,203,0,3,224,281,213,279,"(230, 281, 179, 224)","(260, 279, 203, 213)"
2405385.jpg,sitting on,seat,18,14,197,336,man,33,29,181,336,1,3,350,215,365,214,"(197, 215, 336, 350)","(181, 214, 336, 365)"
2371548.jpg,sitting on,shelf,199,349,175,35,book,61,12,221,258,1,3,384,374,270,282,"(175, 374, 35, 384)","(221, 282, 258, 270)"
2369525.jpg,walking in,street,143,200,356,1,man,68,23,310,42,0,3,201,499,65,378,"(356, 499, 1, 201)","(310, 378, 42, 65)"
2389528.jpg,painted on,train,152,499,75,0,letter,9,8,126,27,0,3,499,227,35,135,"(75, 227, 0, 499)","(126, 135, 27, 35)"
2410645.jpg,wearing,belt,18,25,192,279,man,26,45,155,288,0,3,304,210,333,181,"(192, 210, 279, 304)","(155, 181, 288, 333)"
2355131.jpg,riding,horse,131,53,149,267,man,106,48,120,260,0,3,320,280,308,226,"(149, 280, 267, 320)","(120, 226, 260, 308)"
2395491.jpg,wearing,jacket,178,90,116,79,man,381,119,102,49,0,3,169,294,168,483,"(116, 294, 79, 169)","(102, 483, 49, 168)"
2384715.jpg,wearing,shirt,25,16,101,260,man,69,31,90,255,0,3,276,126,286,159,"(101, 126, 260, 276)","(90, 159, 255, 286)"
2381061.jpg,sitting on,floor,212,376,162,96,laptop,79,103,291,330,1,3,472,374,433,370,"(162, 374, 96, 472)","(291, 370, 330, 433)"
2380991.jpg,sitting on,shelf,64,74,173,425,flower,18,22,128,471,1,3,499,237,493,146,"(173, 237, 425, 499)","(128, 146, 471, 493)"
2386325.jpg,sitting on,desk,253,347,120,142,laptop,284,253,91,5,1,3,489,373,258,375,"(120, 373, 142, 489)","(91, 375, 5, 258)"
2381644.jpg,wearing,shorts,68,62,328,178,man,431,138,52,103,0,3,240,396,241,483,"(328, 396, 178, 240)","(52, 483, 103, 241)"
2396723.jpg,sitting on,lap,68,267,250,50,cat,173,166,155,137,1,3,317,318,303,328,"(250, 318, 50, 317)","(155, 328, 137, 303)"
2367382.jpg,wearing,cap,24,34,147,127,man,108,87,147,128,0,3,161,171,215,255,"(147, 171, 127, 161)","(147, 255, 128, 215)"
2379561.jpg,riding,bicycle,20,15,272,473,person,22,13,252,470,0,3,488,292,483,274,"(272, 292, 473, 488)","(252, 274, 470, 483)"
1743.jpg,sitting on,desk,218,395,378,147,laptop,70,100,337,311,1,3,542,596,411,407,"(378, 596, 147, 542)","(337, 407, 311, 411)"
2401576.jpg,sitting on,desk,96,489,236,7,keyboard,57,237,203,34,1,3,496,332,271,260,"(236, 332, 7, 496)","(203, 260, 34, 271)"
2356255.jpg,sitting on,floor,76,221,343,65,bucket,139,137,280,235,1,3,286,419,372,419,"(343, 419, 65, 286)","(280, 419, 235, 372)"
2331855.jpg,wearing,coat,108,67,115,67,man,197,97,95,69,0,3,134,223,166,292,"(115, 223, 67, 134)","(95, 292, 69, 166)"
2320259.jpg,sitting on,counter,52,208,276,125,plant,148,121,154,193,1,3,333,328,314,302,"(276, 328, 125, 333)","(154, 302, 193, 314)"
2354071.jpg,sitting on,pizza,260,294,53,91,olive,22,24,127,126,1,3,385,313,150,149,"(53, 313, 91, 385)","(127, 149, 126, 150)"
2397389.jpg,wearing,shirt,165,209,208,72,girl,365,283,8,41,0,3,281,373,324,373,"(208, 373, 72, 281)","(8, 373, 41, 324)"
2394617.jpg,playing,tennis,74,145,64,169,man,392,135,12,177,0,3,314,138,312,404,"(64, 138, 169, 314)","(12, 404, 177, 312)"
2335362.jpg,sitting on,snow,81,149,292,2,man,350,414,0,24,1,3,151,373,438,350,"(292, 373, 2, 151)","(0, 350, 24, 438)"
2347641.jpg,wearing,jacket,141,114,83,88,snowboarder,211,172,75,74,0,3,202,224,246,286,"(83, 224, 88, 202)","(75, 286, 74, 246)"
2322536.jpg,mounted on,wall,80,377,141,1,sign,60,60,158,33,0,3,378,221,93,218,"(141, 221, 1, 378)","(158, 218, 33, 93)"
713753.jpg,sitting on,chair,46,41,710,463,man,77,39,677,456,1,3,504,756,495,754,"(710, 756, 463, 504)","(677, 754, 456, 495)"
2398950.jpg,sitting on,bed,153,268,274,4,pillow,77,96,273,167,1,3,272,427,263,350,"(274, 427, 4, 272)","(273, 350, 167, 263)"
2404976.jpg,sitting on,motorcycle,46,59,26,149,person,61,26,9,161,1,3,208,72,187,70,"(26, 72, 149, 208)","(9, 70, 161, 187)"
2366746.jpg,sitting on,beach,110,497,221,1,person,25,17,204,218,1,3,498,331,235,229,"(221, 331, 1, 498)","(204, 229, 218, 235)"
2335416.jpg,sitting on,shelf,340,213,157,4,box,152,75,296,45,1,3,217,497,120,448,"(157, 497, 4, 217)","(296, 448, 45, 120)"
2399616.jpg,flying in,formation,96,212,23,52,plane,42,55,77,210,0,3,264,119,265,119,"(23, 119, 52, 264)","(77, 119, 210, 265)"
2374858.jpg,sitting on,table,98,67,237,14,bag,100,60,255,0,1,3,81,335,60,355,"(237, 335, 14, 81)","(255, 355, 0, 60)"
2382819.jpg,sitting on,plate,373,499,1,0,mushroom,93,91,207,165,1,3,499,374,256,300,"(1, 374, 0, 499)","(207, 300, 165, 256)"
2355284.jpg,watching,tennis,284,246,124,148,people,140,241,82,53,0,3,394,408,294,222,"(124, 408, 148, 394)","(82, 222, 53, 294)"
2392281.jpg,wearing,scarf,55,77,132,87,snowboarder,332,227,42,4,0,3,164,187,231,374,"(132, 187, 87, 164)","(42, 374, 4, 231)"
2409126.jpg,sitting on,tray,27,37,147,350,hat,29,47,112,332,1,3,387,174,379,141,"(147, 174, 350, 387)","(112, 141, 332, 379)"
150496.jpg,sitting on,bench,74,150,386,817,man,399,141,167,691,1,3,967,460,832,566,"(386, 460, 817, 967)","(167, 566, 691, 832)"
2333863.jpg,painted on,sign,64,99,12,12,letter,14,8,51,24,0,3,111,76,32,65,"(12, 76, 12, 111)","(51, 65, 24, 32)"
2380135.jpg,sitting on,plate,301,500,74,0,donut,200,212,145,288,1,3,500,375,500,345,"(74, 375, 0, 500)","(145, 345, 288, 500)"
2338746.jpg,wearing,shirt,130,235,44,159,man,275,290,50,107,0,3,394,174,397,325,"(44, 174, 159, 394)","(50, 325, 107, 397)"
2377321.jpg,wearing,shirt,39,73,133,315,man,316,288,16,211,0,3,388,172,499,332,"(133, 172, 315, 388)","(16, 332, 211, 499)"
2335356.jpg,wearing,jersey,68,72,278,185,man,105,86,271,116,0,3,257,346,202,376,"(278, 346, 185, 257)","(271, 376, 116, 202)"
2390026.jpg,playing,frisbee,10,12,232,82,man,35,28,216,66,0,3,94,242,94,251,"(232, 242, 82, 94)","(216, 251, 66, 94)"
2364788.jpg,wearing,backpack,39,22,247,330,man,92,38,226,257,0,3,352,286,295,318,"(247, 286, 330, 352)","(226, 318, 257, 295)"
2325897.jpg,sitting on,chair,80,117,136,116,person,208,161,15,71,1,3,233,216,232,223,"(136, 216, 116, 233)","(15, 223, 71, 232)"
2356387.jpg,sitting on,branch,449,351,51,54,bird,202,165,149,173,1,3,405,500,338,351,"(51, 500, 54, 405)","(149, 351, 173, 338)"
2394245.jpg,sitting on,beach,93,485,235,10,bench,100,306,164,95,1,3,495,328,401,264,"(235, 328, 10, 495)","(164, 264, 95, 401)"
2390956.jpg,sitting on,desk,103,491,296,3,bottle,62,24,305,158,1,3,494,399,182,367,"(296, 399, 3, 494)","(305, 367, 158, 182)"
2355762.jpg,wearing,headband,37,45,60,178,girl,269,119,60,138,0,3,223,97,257,329,"(60, 97, 178, 223)","(60, 329, 138, 257)"
2329097.jpg,sitting on,bed,163,493,167,5,boy,222,117,107,212,1,3,498,330,329,329,"(167, 330, 5, 498)","(107, 329, 212, 329)"
2330374.jpg,sitting on,bench,75,241,251,13,person,69,53,231,197,1,3,254,326,250,300,"(251, 326, 13, 254)","(231, 300, 197, 250)"
2404924.jpg,wearing,pants,77,27,159,109,man,155,36,85,95,0,3,136,236,131,240,"(159, 236, 109, 136)","(85, 240, 95, 131)"
2411415.jpg,wearing,jacket,59,73,173,171,man,177,142,145,171,0,3,244,232,313,322,"(173, 232, 171, 244)","(145, 322, 171, 313)"
2380784.jpg,wearing,jersey,31,37,227,271,man,80,51,215,264,0,3,308,258,315,295,"(227, 258, 271, 308)","(215, 295, 264, 315)"
2391062.jpg,wearing,top,74,103,230,397,girl,381,247,14,252,0,3,500,304,499,395,"(230, 304, 397, 500)","(14, 395, 252, 499)"
2387612.jpg,sitting on,cloth,238,289,66,193,person,287,267,16,233,1,3,482,304,500,303,"(66, 304, 193, 482)","(16, 303, 233, 500)"
2356625.jpg,sitting on,ground,297,495,200,5,pocketbook,28,49,352,71,1,3,500,497,120,380,"(200, 497, 5, 500)","(352, 380, 71, 120)"
2409931.jpg,sitting on,counter,55,58,273,0,towel,33,36,285,0,1,3,58,328,36,318,"(273, 328, 0, 58)","(285, 318, 0, 36)"
2384657.jpg,sitting on,grass,245,499,82,1,cow,49,120,137,138,1,3,500,327,258,186,"(82, 327, 1, 500)","(137, 186, 138, 258)"
2347690.jpg,sitting on,car,366,496,6,3,bird,43,33,183,231,1,3,499,372,264,226,"(6, 372, 3, 499)","(183, 226, 231, 264)"
2385259.jpg,wearing,gloves,87,157,150,63,mannequin,150,120,27,91,0,3,220,237,211,177,"(150, 237, 63, 220)","(27, 177, 91, 211)"
2318472.jpg,sitting on,sidewalk,149,297,174,202,chair,65,45,175,358,1,3,499,323,403,240,"(174, 323, 202, 499)","(175, 240, 358, 403)"
2391390.jpg,sitting on,counter,48,165,60,172,toothbrush,19,8,40,310,1,3,337,108,318,59,"(60, 108, 172, 337)","(40, 59, 310, 318)"
2343415.jpg,riding,motorcycle,335,293,95,62,person,238,199,100,220,0,3,355,430,419,338,"(95, 430, 62, 355)","(100, 338, 220, 419)"
498388.jpg,walking on,sidewalk,94,1016,670,4,man,109,40,599,102,0,3,1020,764,142,708,"(670, 764, 4, 1020)","(599, 708, 102, 142)"
2374211.jpg,sitting on,desk,76,117,205,317,lamp,70,28,143,334,1,3,434,281,362,213,"(205, 281, 317, 434)","(143, 213, 334, 362)"
2348170.jpg,wearing,hoodie,108,177,264,224,man,166,168,206,228,0,3,401,372,396,372,"(264, 372, 224, 401)","(206, 372, 228, 396)"
2318959.jpg,sitting on,skateboard,19,82,261,122,child,63,48,200,163,1,3,204,280,211,263,"(261, 280, 122, 204)","(200, 263, 163, 211)"
2365164.jpg,sitting on,steps,137,140,181,162,woman,124,60,122,188,1,3,302,318,248,246,"(181, 318, 162, 302)","(122, 246, 188, 248)"
285940.jpg,hanging from,tree,364,184,5,802,leaf,9,11,40,884,0,3,986,369,895,49,"(5, 369, 802, 986)","(40, 49, 884, 895)"
2399891.jpg,sitting on,bench,51,72,90,381,woman,67,46,75,411,1,3,453,141,457,142,"(90, 141, 381, 453)","(75, 142, 411, 457)"
2367415.jpg,using,bicycle,94,144,260,222,man,140,97,191,234,0,3,366,354,331,331,"(260, 354, 222, 366)","(191, 331, 234, 331)"
2412450.jpg,wearing,pants,104,75,311,132,man,195,102,181,103,0,3,207,415,205,376,"(311, 415, 132, 207)","(181, 376, 103, 205)"
2351694.jpg,walking on,sand,184,497,145,2,cow,37,48,228,264,0,3,499,329,312,265,"(145, 329, 2, 499)","(228, 265, 264, 312)"
2344719.jpg,growing on,hill,115,252,15,244,tree,35,61,65,382,0,3,496,130,443,100,"(15, 130, 244, 496)","(65, 100, 382, 443)"
2411250.jpg,sitting on,ground,292,243,3,6,leaf,17,19,151,100,1,3,249,295,119,168,"(3, 295, 6, 249)","(151, 168, 100, 119)"
2387119.jpg,wearing,shoes,45,70,348,143,person,329,204,64,81,0,3,213,393,285,393,"(348, 393, 143, 213)","(64, 393, 81, 285)"
2401104.jpg,sitting on,bench,68,99,137,216,person,79,62,125,224,1,3,315,205,286,204,"(137, 205, 216, 315)","(125, 204, 224, 286)"
2368571.jpg,sitting on,cabinet,96,134,159,295,tv,52,58,113,293,1,3,429,255,351,165,"(159, 255, 295, 429)","(113, 165, 293, 351)"
2341317.jpg,sitting on,bench,166,128,157,263,guy,114,96,60,274,1,3,391,323,370,174,"(157, 323, 263, 391)","(60, 174, 274, 370)"
2358260.jpg,sitting on,ramp,45,255,185,6,boy,15,14,181,62,1,3,261,230,76,196,"(185, 230, 6, 261)","(181, 196, 62, 76)"
2347806.jpg,growing on,sidewalk,33,120,134,2,tree,159,169,0,26,0,3,122,167,195,159,"(134, 167, 2, 122)","(0, 159, 26, 195)"
2399346.jpg,sitting on,floor,106,499,268,1,dog,230,217,49,146,1,3,500,374,363,279,"(268, 374, 1, 500)","(49, 279, 146, 363)"
2360774.jpg,wearing,shirt,125,52,223,447,man,208,60,166,439,0,3,499,348,499,374,"(223, 348, 447, 499)","(166, 374, 439, 499)"
2366049.jpg,sitting on,bench,37,60,125,68,person,62,37,91,4,1,3,128,162,41,153,"(125, 162, 68, 128)","(91, 153, 4, 41)"
2354607.jpg,sitting on,sidewalk,18,49,332,0,plant,90,27,259,61,1,3,49,350,88,349,"(332, 350, 0, 49)","(259, 349, 61, 88)"
2319471.jpg,wearing,helmet,38,51,11,226,person,280,164,10,137,0,3,277,49,301,290,"(11, 49, 226, 277)","(10, 290, 137, 301)"
2374415.jpg,wearing,shoe,27,22,136,296,man,124,96,39,269,0,3,318,163,365,163,"(136, 163, 296, 318)","(39, 163, 269, 365)"
2341765.jpg,sitting on,ground,115,498,216,0,plane,195,110,31,389,1,3,498,331,499,226,"(216, 331, 0, 498)","(31, 226, 389, 499)"
2319558.jpg,sitting on,table,72,352,301,106,mug,73,192,300,243,1,3,458,373,435,373,"(301, 373, 106, 458)","(300, 373, 243, 435)"
2384962.jpg,sitting on,pavement,122,497,253,2,bus,53,108,204,391,1,3,499,375,499,257,"(253, 375, 2, 499)","(204, 257, 391, 499)"
2374600.jpg,sitting on,table,357,417,100,42,food,220,415,166,31,1,3,459,457,446,386,"(100, 457, 42, 459)","(166, 386, 31, 446)"
2333636.jpg,sitting on,counter,100,498,231,0,glass,82,40,195,285,1,3,498,331,325,277,"(231, 331, 0, 498)","(195, 277, 285, 325)"
2340730.jpg,standing on,dock,87,248,286,235,pole,66,25,307,357,0,3,483,373,382,373,"(286, 373, 235, 483)","(307, 373, 357, 382)"
2379687.jpg,sitting on,grass,359,355,140,1,bag,45,35,288,299,1,3,356,499,334,333,"(140, 499, 1, 356)","(288, 333, 299, 334)"
2417188.jpg,wearing,shirt,15,11,165,203,man,50,27,152,198,0,3,214,180,225,202,"(165, 180, 203, 214)","(152, 202, 198, 225)"
2378164.jpg,sitting on,couch,89,90,204,163,woman,285,242,88,236,1,3,253,293,478,373,"(204, 293, 163, 253)","(88, 373, 236, 478)"
2354196.jpg,sitting on,shelf,33,144,125,154,cup,40,18,100,232,1,3,298,158,250,140,"(125, 158, 154, 298)","(100, 140, 232, 250)"
2380262.jpg,wearing,jacket,147,97,17,197,man,306,97,16,195,0,3,294,164,292,322,"(17, 164, 197, 294)","(16, 322, 195, 292)"
2345207.jpg,walking on,trail,87,397,242,101,horses,142,134,187,5,0,3,498,329,139,329,"(242, 329, 101, 498)","(187, 329, 5, 139)"
150442.jpg,riding,bike,219,212,323,327,person,171,117,269,366,0,3,539,542,483,440,"(323, 542, 327, 539)","(269, 440, 366, 483)"
2375091.jpg,wearing,shirt,77,50,202,0,woman,171,64,160,0,0,3,50,279,64,331,"(202, 279, 0, 50)","(160, 331, 0, 64)"
2416156.jpg,sitting on,girl,294,287,71,2,girl,224,191,39,307,1,3,289,365,498,263,"(71, 365, 2, 289)","(39, 263, 307, 498)"
2352815.jpg,wearing,glasses,9,15,128,316,man,275,48,107,283,0,3,331,137,331,382,"(128, 137, 316, 331)","(107, 382, 283, 331)"
2318139.jpg,sitting on,bench,202,270,297,0,girl,271,121,229,93,1,3,270,499,214,500,"(297, 499, 0, 270)","(229, 500, 93, 214)"
2403785.jpg,sitting on,desk,158,494,210,2,cat,223,234,83,224,1,3,496,368,458,306,"(210, 368, 2, 496)","(83, 306, 224, 458)"
3636.jpg,sitting on,hand,58,71,278,132,parrot,143,54,220,130,1,3,203,336,184,363,"(278, 336, 132, 203)","(220, 363, 130, 184)"
2346021.jpg,wearing,shoe,27,31,227,447,woman,207,68,44,417,0,3,478,254,485,251,"(227, 254, 447, 478)","(44, 251, 417, 485)"
2393240.jpg,sitting on,table,311,493,10,6,book,116,261,144,17,1,3,499,321,278,260,"(10, 321, 6, 499)","(144, 260, 17, 278)"
2370037.jpg,sitting on,chair,456,403,33,3,bear,271,171,190,22,1,3,406,489,193,461,"(33, 489, 3, 406)","(190, 461, 22, 193)"
2398549.jpg,wearing,shorts,39,64,143,148,man,124,91,88,148,0,3,212,182,239,212,"(143, 182, 148, 212)","(88, 212, 148, 239)"
2327170.jpg,wearing,jacket,142,214,152,14,man,277,280,23,5,0,3,228,294,285,300,"(152, 294, 14, 228)","(23, 300, 5, 285)"
2350212.jpg,sitting on,couch,226,373,40,106,man,238,103,53,254,1,3,479,266,357,291,"(40, 266, 106, 479)","(53, 291, 254, 357)"
2346507.jpg,sitting on,suitcase,272,404,101,47,cat,197,227,17,117,1,3,451,373,344,214,"(101, 373, 47, 451)","(17, 214, 117, 344)"
2357908.jpg,sitting on,desk,85,186,245,305,remote,27,71,262,353,1,3,491,330,424,289,"(245, 330, 305, 491)","(262, 289, 353, 424)"
2412746.jpg,wearing,skirt,31,45,193,37,woman,284,62,38,21,0,3,82,224,83,322,"(193, 224, 37, 82)","(38, 322, 21, 83)"
2375787.jpg,sitting on,ground,80,445,220,23,man,85,70,159,409,1,3,468,300,479,244,"(220, 300, 23, 468)","(159, 244, 409, 479)"
2385375.jpg,sitting on,plate,261,489,71,0,toast,158,199,72,131,1,3,489,332,330,230,"(71, 332, 0, 489)","(72, 230, 131, 330)"
2341317.jpg,sitting on,bench,166,128,157,263,guy,206,168,112,185,1,3,391,323,353,318,"(157, 323, 263, 391)","(112, 318, 185, 353)"
2393153.jpg,sitting on,grass,216,499,5,1,flock,54,112,65,387,1,3,500,221,499,119,"(5, 221, 1, 500)","(65, 119, 387, 499)"
2341980.jpg,sitting on,wire,69,478,16,15,bird,29,17,26,186,1,3,493,85,203,55,"(16, 85, 15, 493)","(26, 55, 186, 203)"
2405438.jpg,sitting on,desk,370,426,0,25,ball,62,63,210,350,1,3,451,370,413,272,"(0, 370, 25, 451)","(210, 272, 350, 413)"
2346035.jpg,sitting on,table,35,75,225,193,lamp,57,32,171,199,1,3,268,260,231,228,"(225, 260, 193, 268)","(171, 228, 199, 231)"
2390046.jpg,wearing,shorts,78,114,297,276,man,270,182,104,205,0,3,390,375,387,374,"(297, 375, 276, 390)","(104, 374, 205, 387)"
2414787.jpg,wearing,sweater,157,133,195,82,woman,259,202,115,80,0,3,215,352,282,374,"(195, 352, 82, 215)","(115, 374, 80, 282)"
2396926.jpg,lying on,ground,121,421,250,63,debris,44,132,247,80,0,3,484,371,212,291,"(250, 371, 63, 484)","(247, 291, 80, 212)"
2378318.jpg,sitting on,terrain,291,497,2,2,rock,21,21,229,15,1,3,499,293,36,250,"(2, 293, 2, 499)","(229, 250, 15, 36)"
2369500.jpg,sitting on,train,51,183,201,77,people,11,130,228,86,1,3,260,252,216,239,"(201, 252, 77, 260)","(228, 239, 86, 216)"
2321882.jpg,sitting on,ground,300,483,1,1,cone,10,9,33,162,1,3,484,301,171,43,"(1, 301, 1, 484)","(33, 43, 162, 171)"
2346244.jpg,sitting on,bench,46,92,382,210,man,69,36,355,222,1,3,302,428,258,424,"(382, 428, 210, 302)","(355, 424, 222, 258)"
2393046.jpg,wearing,cap,16,36,26,176,man,46,110,0,114,0,3,212,42,224,46,"(26, 42, 176, 212)","(0, 46, 114, 224)"
4854.jpg,sitting on,table,260,357,232,3,bouquet,116,175,27,69,1,3,360,492,244,143,"(232, 492, 3, 360)","(27, 143, 69, 244)"
2400433.jpg,riding,skateboard,36,229,251,187,girl,262,139,5,235,0,3,416,287,374,267,"(251, 287, 187, 416)","(5, 267, 235, 374)"
1159345.jpg,wearing,plaid,29,36,876,258,person,33,41,853,250,0,3,294,905,291,886,"(876, 905, 258, 294)","(853, 886, 250, 291)"
2399948.jpg,parked on,road,129,191,168,0,cars,97,215,170,10,0,3,191,297,225,267,"(168, 297, 0, 191)","(170, 267, 10, 225)"
2322591.jpg,sitting on,ground,82,456,247,34,rocks,31,134,299,6,1,3,490,329,140,330,"(247, 329, 34, 490)","(299, 330, 6, 140)"
2390351.jpg,sitting on,fence,32,151,121,23,man,65,22,83,0,1,3,174,153,22,148,"(121, 153, 23, 174)","(83, 148, 0, 22)"
2386603.jpg,wearing,glasses,25,80,151,214,man,243,343,87,48,0,3,294,176,391,330,"(151, 176, 214, 294)","(87, 330, 48, 391)"
2409321.jpg,wearing,glasses,19,45,118,155,man,239,123,79,122,0,3,200,137,245,318,"(118, 137, 155, 200)","(79, 318, 122, 245)"
2410579.jpg,wearing,shoe,31,38,382,116,woman,361,108,53,72,0,3,154,413,180,414,"(382, 413, 116, 154)","(53, 414, 72, 180)"
2325491.jpg,wearing,jeans,25,24,138,72,he,24,36,137,60,0,3,96,163,96,161,"(138, 163, 72, 96)","(137, 161, 60, 96)"
2405624.jpg,sitting on,chair,129,184,245,67,dog,202,185,67,68,1,3,251,374,253,269,"(245, 374, 67, 251)","(67, 269, 68, 253)"
73.jpg,wearing,necklace,19,14,286,375,woman,347,249,173,245,0,3,389,305,494,520,"(286, 305, 375, 389)","(173, 520, 245, 494)"
2399455.jpg,wearing,shoe,16,12,334,140,man,182,71,173,138,0,3,152,350,209,355,"(334, 350, 140, 152)","(173, 355, 138, 209)"
2364939.jpg,sitting on,passenger,45,33,222,400,passenger,47,30,221,437,1,3,433,267,467,268,"(222, 267, 400, 433)","(221, 268, 437, 467)"
2383551.jpg,wearing,shirt,146,202,228,257,man,250,202,124,255,0,3,459,374,457,374,"(228, 374, 257, 459)","(124, 374, 255, 457)"
2412763.jpg,wearing,shirt,124,167,98,290,man,175,229,54,231,0,3,457,222,460,229,"(98, 222, 290, 457)","(54, 229, 231, 460)"
2398516.jpg,sitting on,crate,63,61,225,103,person,58,44,180,64,1,3,164,288,108,238,"(225, 288, 103, 164)","(180, 238, 64, 108)"
2410888.jpg,using,phone,87,50,28,28,woman,310,166,21,0,0,3,78,115,166,331,"(28, 115, 28, 78)","(21, 331, 0, 166)"
2409132.jpg,wearing,skirt,38,45,89,36,mannequin,209,79,1,30,0,3,81,127,109,210,"(89, 127, 36, 81)","(1, 210, 30, 109)"
2319957.jpg,wearing,pants,42,26,138,274,person,82,36,104,267,0,3,300,180,303,186,"(138, 180, 274, 300)","(104, 186, 267, 303)"
2332372.jpg,sitting on,table,173,405,157,92,plate,71,116,209,284,1,3,497,330,400,280,"(157, 330, 92, 497)","(209, 280, 284, 400)"
2329930.jpg,sitting on,rack,365,495,5,2,food,296,396,48,41,1,3,497,370,437,344,"(5, 370, 2, 497)","(48, 344, 41, 437)"
2376067.jpg,wearing,shorts,17,31,206,248,men,37,91,186,72,0,3,279,223,163,223,"(206, 223, 248, 279)","(186, 223, 72, 163)"
2357688.jpg,wearing,wetsuit,67,77,162,165,surfer,94,116,147,143,0,3,242,229,259,241,"(162, 229, 165, 242)","(147, 241, 143, 259)"
2341373.jpg,sitting on,hill,199,357,118,137,man,155,157,112,232,1,3,494,317,389,267,"(118, 317, 137, 494)","(112, 267, 232, 389)"
2387872.jpg,walking in,water,365,487,10,12,bird,49,71,255,301,0,3,499,375,372,304,"(10, 375, 12, 499)","(255, 304, 301, 372)"
4972.jpg,sitting on,bench,36,93,346,474,people,37,43,343,526,1,3,567,382,569,380,"(346, 382, 474, 567)","(343, 380, 526, 569)"
2399778.jpg,sitting on,bed,331,497,12,2,dog,251,208,4,186,1,3,499,343,394,255,"(12, 343, 2, 499)","(4, 255, 186, 394)"
2367418.jpg,sitting on,building,265,247,66,186,pigeon,91,91,79,92,1,3,433,331,183,170,"(66, 331, 186, 433)","(79, 170, 92, 183)"
2317278.jpg,wearing,shoe,43,65,417,4,man,398,250,67,4,0,3,69,460,254,465,"(417, 460, 4, 69)","(67, 465, 4, 254)"
2328198.jpg,wearing,t-shirt,89,75,119,88,man,252,141,63,75,0,3,163,208,216,315,"(119, 208, 88, 163)","(63, 315, 75, 216)"
2356138.jpg,covered in,snow,281,499,94,0,ground,280,499,94,0,0,3,499,375,499,374,"(94, 375, 0, 499)","(94, 374, 0, 499)"
2371985.jpg,sitting on,motorcycle,110,164,144,232,man,146,75,94,278,1,3,396,254,353,240,"(144, 254, 232, 396)","(94, 240, 278, 353)"
2379505.jpg,sitting on,couch,254,317,77,182,man,329,266,38,207,1,3,499,331,473,367,"(77, 331, 182, 499)","(38, 367, 207, 473)"
2412599.jpg,sitting on,platform,256,373,243,1,monkey,406,244,86,33,1,3,374,499,277,492,"(243, 499, 1, 374)","(86, 492, 33, 277)"
2381428.jpg,sitting on,bags,112,498,146,1,apple,89,147,88,202,1,3,499,258,349,177,"(146, 258, 1, 499)","(88, 177, 202, 349)"
2382819.jpg,sitting on,plate,373,499,1,0,cucumber,40,66,80,385,1,3,499,374,451,120,"(1, 374, 0, 499)","(80, 120, 385, 451)"
2322612.jpg,sitting on,snow,32,20,468,237,duck,49,63,437,260,1,3,257,500,323,486,"(468, 500, 237, 257)","(437, 486, 260, 323)"
2408090.jpg,wearing,shirt,75,54,147,248,girl,225,54,106,247,0,3,302,222,301,331,"(147, 222, 248, 302)","(106, 331, 247, 301)"
2347788.jpg,sitting on,bench,130,98,197,402,girl,130,54,112,409,1,3,500,327,463,242,"(197, 327, 402, 500)","(112, 242, 409, 463)"
2392144.jpg,sitting on,stool,257,192,211,76,man,445,265,29,43,1,3,268,468,308,474,"(211, 468, 76, 268)","(29, 474, 43, 308)"
2371424.jpg,says,dell,13,27,294,237,keyboard,84,319,288,23,0,3,264,307,342,372,"(294, 307, 237, 264)","(288, 372, 23, 342)"
2384025.jpg,wearing,shoe,22,25,301,124,man,209,91,107,109,0,3,149,323,200,316,"(301, 323, 124, 149)","(107, 316, 109, 200)"
2340024.jpg,covered in,cats,160,371,23,0,couch,118,313,72,10,0,3,371,183,323,190,"(23, 183, 0, 371)","(72, 190, 10, 323)"
2337218.jpg,sitting on,sofa,314,284,138,215,man,325,284,23,216,1,3,499,452,500,348,"(138, 452, 215, 499)","(23, 348, 216, 500)"
2316904.jpg,sitting on,bench,279,493,105,5,woman,377,288,2,3,1,3,498,384,291,379,"(105, 384, 5, 498)","(2, 379, 3, 291)"
2325083.jpg,sitting on,desk,75,499,256,0,keyboard,154,335,179,1,1,3,499,331,336,333,"(256, 331, 0, 499)","(179, 333, 1, 336)"
2414939.jpg,wearing,shirt,259,160,104,165,man,283,90,52,164,0,3,325,363,254,335,"(104, 363, 165, 325)","(52, 335, 164, 254)"
2371841.jpg,sitting on,man,373,258,1,242,woman,373,319,1,1,1,3,500,374,320,374,"(1, 374, 242, 500)","(1, 374, 1, 320)"
4057.jpg,wearing,vest,52,38,183,187,worker,91,52,172,174,0,3,225,235,226,263,"(183, 235, 187, 225)","(172, 263, 174, 226)"
236.jpg,covered in,windows,40,153,189,375,building,464,491,13,306,0,3,528,229,797,477,"(189, 229, 375, 528)","(13, 477, 306, 797)"
2342864.jpg,sitting on,table,210,373,289,0,vase,140,68,229,245,1,3,373,499,313,369,"(289, 499, 0, 373)","(229, 369, 245, 313)"
2354697.jpg,covered in,stickers,17,45,105,132,skateboard,20,65,103,120,0,3,177,122,185,123,"(105, 122, 132, 177)","(103, 123, 120, 185)"
2333202.jpg,wearing,top,50,58,65,225,woman,199,220,34,150,0,3,283,115,370,233,"(65, 115, 225, 283)","(34, 233, 150, 370)"
2373064.jpg,wearing,shorts,32,52,205,2,woman,143,71,93,1,0,3,54,237,72,236,"(205, 237, 2, 54)","(93, 236, 1, 72)"
2358518.jpg,carrying,man,57,51,93,204,elephant,233,124,139,157,0,3,255,150,281,372,"(93, 150, 204, 255)","(139, 372, 157, 281)"
2390840.jpg,wearing,shirt,25,19,110,207,man,423,299,50,88,0,3,226,135,387,473,"(110, 135, 207, 226)","(50, 473, 88, 387)"
2360962.jpg,sitting on,couch,126,258,175,1,paperwork,22,42,236,114,1,3,259,301,156,258,"(175, 301, 1, 259)","(236, 258, 114, 156)"
2333393.jpg,sitting on,hill,147,262,139,0,truck,15,25,137,93,1,3,262,286,118,152,"(139, 286, 0, 262)","(137, 152, 93, 118)"
2358865.jpg,sitting on,bench,28,91,221,323,woman,42,22,208,354,1,3,414,249,376,250,"(221, 249, 323, 414)","(208, 250, 354, 376)"
2407844.jpg,wearing,shirt,10,13,184,374,man,68,22,168,368,0,3,387,194,390,236,"(184, 194, 374, 387)","(168, 236, 368, 390)"
2367409.jpg,wearing,ring,8,8,255,338,woman,174,374,217,0,0,3,346,263,374,391,"(255, 263, 338, 346)","(217, 391, 0, 374)"
2413998.jpg,wearing,helmet,25,34,40,245,policeman,110,59,39,236,0,3,279,65,295,149,"(40, 65, 245, 279)","(39, 149, 236, 295)"
2409201.jpg,wearing,hat,25,41,197,137,man,179,96,195,106,0,3,178,222,202,374,"(197, 222, 137, 178)","(195, 374, 106, 202)"
2320320.jpg,wearing,glove,21,23,127,315,man,281,160,31,180,0,3,338,148,340,312,"(127, 148, 315, 338)","(31, 312, 180, 340)"
2362426.jpg,sitting on,snow,374,492,0,6,people,69,86,136,1,1,3,498,374,87,205,"(0, 374, 6, 498)","(136, 205, 1, 87)"
2363486.jpg,sitting on,carpet,110,495,220,2,dog,73,120,188,7,1,3,497,330,127,261,"(220, 330, 2, 497)","(188, 261, 7, 127)"
2346444.jpg,carrying,surfboard,38,165,162,24,boy,147,77,131,181,0,3,189,200,258,278,"(162, 200, 24, 189)","(131, 278, 181, 258)"
2355495.jpg,wearing,cap,60,89,52,176,guy,307,247,65,28,0,3,265,112,275,372,"(52, 112, 176, 265)","(65, 372, 28, 275)"
2337830.jpg,sitting on,train,99,403,165,3,man,95,71,128,241,1,3,406,264,312,223,"(165, 264, 3, 406)","(128, 223, 241, 312)"
2375664.jpg,covering,hooves,11,149,252,272,grass,138,494,195,1,0,3,421,263,495,333,"(252, 263, 272, 421)","(195, 333, 1, 495)"
1383.jpg,walking on,sidewalk,253,797,341,1,shirt,27,23,328,548,0,3,798,594,571,355,"(341, 594, 1, 798)","(328, 355, 548, 571)"
2402806.jpg,sitting on,track,56,85,224,100,man,35,22,185,68,1,3,185,280,90,220,"(224, 280, 100, 185)","(185, 220, 68, 90)"
2381270.jpg,standing on,grass,374,498,0,0,bear,210,357,61,1,0,3,498,374,358,271,"(0, 374, 0, 498)","(61, 271, 1, 358)"
2381142.jpg,sitting on,counter,49,142,209,206,kettle,48,41,194,256,1,3,348,258,297,242,"(209, 258, 206, 348)","(194, 242, 256, 297)"
2213.jpg,sitting on,desk,278,244,466,0,keyboard,36,78,477,123,1,3,244,744,201,513,"(466, 744, 0, 244)","(477, 513, 123, 201)"
2409866.jpg,sitting on,bench,20,57,80,39,person,38,16,59,75,1,3,96,100,91,97,"(80, 100, 39, 96)","(59, 97, 75, 91)"
2327057.jpg,sitting on,ground,247,494,123,4,man,34,29,134,461,1,3,498,370,490,168,"(123, 370, 4, 498)","(134, 168, 461, 490)"
2344146.jpg,sitting on,sidewalk,163,376,167,4,man,177,45,18,1,1,3,380,330,46,195,"(167, 330, 4, 380)","(18, 195, 1, 46)"
2345164.jpg,sitting on,shelf,30,326,273,65,statue,34,26,256,242,1,3,391,303,268,290,"(273, 303, 65, 391)","(256, 290, 242, 268)"
2340448.jpg,sitting on,table,352,497,20,1,cup,62,40,53,197,1,3,498,372,237,115,"(20, 372, 1, 498)","(53, 115, 197, 237)"
2345905.jpg,wearing,dress,89,45,136,367,girl,210,84,88,358,0,3,412,225,442,298,"(136, 225, 367, 412)","(88, 298, 358, 442)"
2391588.jpg,sitting on,toilet,130,83,168,165,stuff,44,67,128,170,1,3,248,298,237,172,"(168, 298, 165, 248)","(128, 172, 170, 237)"
2390049.jpg,sitting on,chair,373,319,125,14,boy,380,275,119,28,1,3,333,498,303,499,"(125, 498, 14, 333)","(119, 499, 28, 303)"
2326262.jpg,sitting on,desk,114,275,127,0,computer,33,36,75,409,1,3,275,241,445,108,"(127, 241, 0, 275)","(75, 108, 409, 445)"
2355231.jpg,standing on,snowboard,69,325,415,3,boy,424,198,49,56,0,3,328,484,254,473,"(415, 484, 3, 328)","(49, 473, 56, 254)"
2338249.jpg,sitting on,log,34,40,204,6,man,83,45,142,6,1,3,46,238,51,225,"(204, 238, 6, 46)","(142, 225, 6, 51)"
2402277.jpg,sitting on,bench,102,188,162,234,person,129,87,151,321,1,3,422,264,408,280,"(162, 264, 234, 422)","(151, 280, 321, 408)"
2399374.jpg,sitting on,bench,31,278,198,208,player,99,49,129,302,1,3,486,229,351,228,"(198, 229, 208, 486)","(129, 228, 302, 351)"
2350386.jpg,wearing,shirt,162,129,250,144,man,467,395,32,0,0,3,273,412,395,499,"(250, 412, 144, 273)","(32, 499, 0, 395)"
2334189.jpg,sitting on,ground,22,41,189,0,chair,42,42,170,9,1,3,41,211,51,212,"(189, 211, 0, 41)","(170, 212, 9, 51)"
2396468.jpg,sitting on,table,229,396,141,18,bowl,106,206,155,99,1,3,414,370,305,261,"(141, 370, 18, 414)","(155, 261, 99, 305)"
2405990.jpg,sitting on,chair,28,25,83,183,person,66,39,48,181,1,3,208,111,220,114,"(83, 111, 183, 208)","(48, 114, 181, 220)"
3984.jpg,wearing,pants,63,158,535,110,man,524,261,75,96,0,3,268,598,357,599,"(535, 598, 110, 268)","(75, 599, 96, 357)"
2387760.jpg,covering,eye,28,31,214,253,hair,137,130,140,223,0,3,284,242,353,277,"(214, 242, 253, 284)","(140, 277, 223, 353)"
2416762.jpg,sitting on,table,77,172,251,184,newspaper,21,50,262,244,1,3,356,328,294,283,"(251, 328, 184, 356)","(262, 283, 244, 294)"
2380844.jpg,sitting on,table,328,500,4,0,cup,101,100,59,225,1,3,500,332,325,160,"(4, 332, 0, 500)","(59, 160, 225, 325)"
2372418.jpg,sitting on,bench,157,174,195,23,man,242,150,112,41,1,3,197,352,191,354,"(195, 352, 23, 197)","(112, 354, 41, 191)"
2383202.jpg,wearing,shirt,50,39,261,100,girl,201,224,36,264,0,3,139,311,488,237,"(261, 311, 100, 139)","(36, 237, 264, 488)"
2389664.jpg,wearing,sneaker,28,17,390,275,woman,290,324,145,134,0,3,292,418,458,435,"(390, 418, 275, 292)","(145, 435, 134, 458)"
2341041.jpg,standing on,hill,113,483,121,1,tree,23,28,163,259,0,3,484,234,287,186,"(121, 234, 1, 484)","(163, 186, 259, 287)"
2368659.jpg,sitting on,player,95,64,0,32,player,102,74,0,195,1,3,96,95,269,102,"(0, 95, 32, 96)","(0, 102, 195, 269)"
2400959.jpg,sitting on,bleachers,167,499,0,0,person,36,38,38,8,1,3,499,167,46,74,"(0, 167, 0, 499)","(38, 74, 8, 46)"
2389925.jpg,wearing,jeans,88,142,412,120,man,421,315,78,17,0,3,262,500,332,499,"(412, 500, 120, 262)","(78, 499, 17, 332)"
2408562.jpg,wearing,collar,9,52,153,228,dog,197,206,126,165,0,3,280,162,371,323,"(153, 162, 228, 280)","(126, 323, 165, 371)"
2410910.jpg,sitting on,plate,60,154,270,33,cake,35,54,286,69,1,3,187,330,123,321,"(270, 330, 33, 187)","(286, 321, 69, 123)"
2381010.jpg,sitting on,table,217,499,1,1,plate,335,499,39,0,1,3,500,218,499,374,"(1, 218, 1, 500)","(39, 374, 0, 499)"
2327293.jpg,sitting on,bench,212,272,99,227,girl,309,206,3,93,1,3,499,311,299,312,"(99, 311, 227, 499)","(3, 312, 93, 299)"
2315865.jpg,sitting on,skateboard,55,311,297,185,kid,132,115,179,249,1,3,496,352,364,311,"(297, 352, 185, 496)","(179, 311, 249, 364)"
2319032.jpg,sitting on,steps,253,310,195,1,people,410,332,2,1,1,3,311,448,333,412,"(195, 448, 1, 311)","(2, 412, 1, 333)"
2372776.jpg,wearing,glasses,25,38,29,226,person,314,160,14,164,0,3,264,54,324,328,"(29, 54, 226, 264)","(14, 328, 164, 324)"
2393532.jpg,sitting on,ground,132,496,199,1,elephant,259,218,40,170,1,3,497,331,388,299,"(199, 331, 1, 497)","(40, 299, 170, 388)"
2405272.jpg,wearing,vest,116,165,55,66,person,241,332,25,50,0,3,231,171,382,266,"(55, 171, 66, 231)","(25, 266, 50, 382)"
286044.jpg,wearing,sweatshirt,251,342,368,250,man,245,279,297,200,0,3,592,619,479,542,"(368, 619, 250, 592)","(297, 542, 200, 479)"
1160084.jpg,wearing,glasses,29,77,73,322,woman,267,347,25,205,0,3,399,102,552,292,"(73, 102, 322, 399)","(25, 292, 205, 552)"
2393100.jpg,sitting on,table,498,331,2,0,bowl,228,215,225,117,1,3,331,500,332,453,"(2, 500, 0, 331)","(225, 453, 117, 332)"
2339660.jpg,sitting on,shelf,82,248,384,66,basket,46,41,369,197,1,3,314,466,238,415,"(384, 466, 66, 314)","(369, 415, 197, 238)"
2380614.jpg,sitting on,plate,246,303,116,7,donut,96,118,107,168,1,3,310,362,286,203,"(116, 362, 7, 310)","(107, 203, 168, 286)"
2389522.jpg,sitting on,mantle,254,74,107,425,photo,41,32,63,450,1,3,499,361,482,104,"(107, 361, 425, 499)","(63, 104, 450, 482)"
2406769.jpg,sitting on,elephant,175,165,195,2,person,116,45,145,35,1,3,167,370,80,261,"(195, 370, 2, 167)","(145, 261, 35, 80)"
2390521.jpg,wearing,pants,155,60,200,366,batter,292,87,75,348,0,3,426,355,435,367,"(200, 355, 366, 426)","(75, 367, 348, 435)"
2355633.jpg,wearing,shirt,122,159,108,29,lady,222,153,14,47,0,3,188,230,200,236,"(108, 230, 29, 188)","(14, 236, 47, 200)"
2369701.jpg,walking on,sidewalk,169,143,201,2,person,74,38,201,12,0,3,145,370,50,275,"(201, 370, 2, 145)","(201, 275, 12, 50)"
2250.jpg,sitting on,face,40,30,516,59,glasses,17,21,525,67,1,3,89,556,88,542,"(516, 556, 59, 89)","(525, 542, 67, 88)"
2410375.jpg,wearing,shirt,148,242,181,252,girl,266,253,59,245,0,3,494,329,498,325,"(181, 329, 252, 494)","(59, 325, 245, 498)"
2347518.jpg,sitting on,tv,150,160,166,155,bird,57,36,121,227,1,3,315,316,263,178,"(166, 316, 155, 315)","(121, 178, 227, 263)"
1591827.jpg,sitting on,television,256,275,341,727,hat,105,127,256,728,1,3,1002,597,855,361,"(341, 597, 727, 1002)","(256, 361, 728, 855)"
2347133.jpg,sitting on,bench,27,40,269,267,man,79,65,217,266,1,3,307,296,331,296,"(269, 296, 267, 307)","(217, 296, 266, 331)"
2334713.jpg,wearing,clothes,64,20,142,475,man,83,36,130,462,0,3,495,206,498,213,"(142, 206, 475, 495)","(130, 213, 462, 498)"
2374157.jpg,covering,mountain,356,434,3,60,snow,110,123,100,376,0,3,494,359,499,210,"(3, 359, 60, 494)","(100, 210, 376, 499)"
2401314.jpg,riding,horse,85,51,149,231,man,49,35,101,235,0,3,282,234,270,150,"(149, 234, 231, 282)","(101, 150, 235, 270)"
2364161.jpg,sitting on,train,34,95,167,142,family,29,35,154,194,1,3,237,201,229,183,"(167, 201, 142, 237)","(154, 183, 194, 229)"
1193.jpg,standing on,beach,217,595,183,3,person,30,20,196,179,0,3,598,400,199,226,"(183, 400, 3, 598)","(196, 226, 179, 199)"
2369418.jpg,sitting on,bleachers,50,145,124,349,man,44,29,118,398,1,3,494,174,427,162,"(124, 174, 349, 494)","(118, 162, 398, 427)"
2365437.jpg,wearing,bridle,242,73,188,40,horse,329,266,169,33,0,3,113,430,299,498,"(188, 430, 40, 113)","(169, 498, 33, 299)"
2354261.jpg,sitting on,elephant,185,176,136,86,person,89,36,77,117,1,3,262,321,153,166,"(136, 321, 86, 262)","(77, 166, 117, 153)"
2402845.jpg,using,tables,16,17,109,191,people,16,29,97,231,0,3,208,125,260,113,"(109, 125, 191, 208)","(97, 113, 231, 260)"
2391990.jpg,sitting on,table,73,97,180,63,flowers,47,35,142,94,1,3,160,253,129,189,"(180, 253, 63, 160)","(142, 189, 94, 129)"
2396275.jpg,sitting on,shelf,14,50,176,1,plant,35,33,49,8,1,3,51,190,41,84,"(176, 190, 1, 51)","(49, 84, 8, 41)"
2318071.jpg,sitting on,horse,117,145,101,98,man,134,73,49,120,1,3,243,218,193,183,"(101, 218, 98, 243)","(49, 183, 120, 193)"
2355094.jpg,sitting on,floor,359,434,14,66,baby,171,137,106,255,1,3,500,373,392,277,"(14, 373, 66, 500)","(106, 277, 255, 392)"
2336277.jpg,covering,ground,210,300,288,0,dirt,208,302,291,0,0,3,300,498,302,499,"(288, 498, 0, 300)","(291, 499, 0, 302)"
2402280.jpg,hanging from,magnet,19,103,29,214,knives,34,91,36,209,0,3,317,48,300,70,"(29, 48, 214, 317)","(36, 70, 209, 300)"
2323546.jpg,carrying,surfboard,202,372,103,69,person,150,57,120,271,0,3,441,305,328,270,"(103, 305, 69, 441)","(120, 270, 271, 328)"
2388704.jpg,sitting on,stairs,30,490,321,9,man,23,24,304,51,1,3,499,351,75,327,"(321, 351, 9, 499)","(304, 327, 51, 75)"
2401685.jpg,wearing,pants,121,70,125,299,person,229,87,26,292,0,3,369,246,379,255,"(125, 246, 299, 369)","(26, 255, 292, 379)"
2363859.jpg,sitting on,pizza,347,290,67,142,chicken,50,59,320,334,1,3,432,414,393,370,"(67, 414, 142, 432)","(320, 370, 334, 393)"
2385092.jpg,wearing,jeans,37,57,147,291,woman,136,79,48,271,0,3,348,184,350,184,"(147, 184, 291, 348)","(48, 184, 271, 350)"
2358398.jpg,sitting on,sidewalk,34,304,330,186,trashcans,21,87,330,210,1,3,490,364,297,351,"(330, 364, 186, 490)","(330, 351, 210, 297)"
2337478.jpg,sitting on,table,182,495,190,2,watermelon,50,75,103,121,1,3,497,372,196,153,"(190, 372, 2, 497)","(103, 153, 121, 196)"
2334966.jpg,sitting on,couch,300,161,1,162,man,255,115,1,206,1,3,323,301,321,256,"(1, 301, 162, 323)","(1, 256, 206, 321)"
2315950.jpg,flying in,sky,155,494,2,4,kite,60,110,23,111,0,3,498,157,221,83,"(2, 157, 4, 498)","(23, 83, 111, 221)"
2385964.jpg,riding,waves,374,419,0,78,man,202,98,114,210,0,3,497,374,308,316,"(0, 374, 78, 497)","(114, 316, 210, 308)"
2381142.jpg,sitting on,counter,52,55,209,0,bottle,31,14,168,22,1,3,55,261,36,199,"(209, 261, 0, 55)","(168, 199, 22, 36)"
2390877.jpg,wearing,sheepskin,293,315,37,185,baby,325,490,3,4,0,3,500,330,494,328,"(37, 330, 185, 500)","(3, 328, 4, 494)"
2416597.jpg,parked on,street,107,498,223,0,buses,115,167,120,134,0,3,498,330,301,235,"(223, 330, 0, 498)","(120, 235, 134, 301)"
2394593.jpg,standing on,field,319,499,0,0,horse,291,163,0,171,0,3,499,319,334,291,"(0, 319, 0, 499)","(0, 291, 171, 334)"
2409930.jpg,wearing,shirt,11,18,185,481,man,29,16,177,480,0,3,499,196,496,206,"(185, 196, 481, 499)","(177, 206, 480, 496)"
2339916.jpg,sitting on,table,292,466,79,1,boxes,72,29,171,177,1,3,467,371,206,243,"(79, 371, 1, 467)","(171, 243, 177, 206)"
2334215.jpg,sitting on,chair,468,370,2,0,tv,220,263,43,51,1,3,370,470,314,263,"(2, 470, 0, 370)","(43, 263, 51, 314)"
2354177.jpg,hanging from,ceiling,27,488,1,0,light,11,20,52,398,0,3,488,28,418,63,"(1, 28, 0, 488)","(52, 63, 398, 418)"
2377427.jpg,sitting on,bar,155,61,177,0,bottle,38,20,152,34,1,3,61,332,54,190,"(177, 332, 0, 61)","(152, 190, 34, 54)"
2414395.jpg,wearing,shirt,78,66,135,433,man,140,59,102,432,0,3,499,213,491,242,"(135, 213, 433, 499)","(102, 242, 432, 491)"
2322532.jpg,sitting on,bed,208,255,290,118,tray,66,145,207,152,1,3,373,498,297,273,"(290, 498, 118, 373)","(207, 273, 152, 297)"
2330777.jpg,sitting on,ground,497,374,2,0,bag,214,205,286,57,1,3,374,499,262,500,"(2, 499, 0, 374)","(286, 500, 57, 262)"
2373566.jpg,wearing,shirt,44,21,173,223,man,168,118,141,167,0,3,244,217,285,309,"(173, 217, 223, 244)","(141, 309, 167, 285)"
2403234.jpg,eating,hen,41,44,28,156,fox,41,44,24,18,0,3,200,69,62,65,"(28, 69, 156, 200)","(24, 65, 18, 62)"
2401188.jpg,wearing,shoes,44,82,245,255,boy,135,109,130,238,0,3,337,289,347,265,"(245, 289, 255, 337)","(130, 265, 238, 347)"
2323312.jpg,sitting on,road,61,496,114,2,bird,7,6,132,20,1,3,498,175,26,139,"(114, 175, 2, 498)","(132, 139, 20, 26)"
3571.jpg,parked on,street,39,797,377,0,vehicle,70,240,340,0,0,3,797,416,240,410,"(377, 416, 0, 797)","(340, 410, 0, 240)"
2381839.jpg,wearing,shirt,20,22,85,107,man,34,40,84,100,0,3,129,105,140,118,"(85, 105, 107, 129)","(84, 118, 100, 140)"
2409620.jpg,sitting on,plate,431,488,60,8,cabbage,249,197,235,61,1,3,496,491,258,484,"(60, 491, 8, 496)","(235, 484, 61, 258)"
2334106.jpg,riding,motorbike,106,157,123,37,person,154,71,78,101,0,3,194,229,172,232,"(123, 229, 37, 194)","(78, 232, 101, 172)"
2362379.jpg,sitting on,bench,70,64,212,307,person,70,33,196,248,1,3,371,282,281,266,"(212, 282, 307, 371)","(196, 266, 248, 281)"
2417225.jpg,walking on,road,280,290,219,40,cow,99,37,323,155,0,3,330,499,192,422,"(219, 499, 40, 330)","(323, 422, 155, 192)"
2333471.jpg,sitting on,table,355,477,10,4,knife,107,119,47,379,1,3,481,365,498,154,"(10, 365, 4, 481)","(47, 154, 379, 498)"
2398204.jpg,sitting on,carpet,357,499,1,0,cat,350,426,0,73,1,3,499,358,499,350,"(1, 358, 0, 499)","(0, 350, 73, 499)"
2345359.jpg,wearing,helmet,34,51,10,293,catcher,141,136,142,35,0,3,344,44,171,283,"(10, 44, 293, 344)","(142, 283, 35, 171)"
1160075.jpg,sitting on,motorcycle,424,337,255,620,man,491,184,169,824,1,3,957,679,1008,660,"(255, 679, 620, 957)","(169, 660, 824, 1008)"
2410323.jpg,wearing,jacket,138,253,194,81,woman,183,244,148,84,0,3,334,332,328,331,"(194, 332, 81, 334)","(148, 331, 84, 328)"
2417690.jpg,sitting on,horse,104,50,193,241,man,128,73,123,231,1,3,291,297,304,251,"(193, 297, 241, 291)","(123, 251, 231, 304)"
2400626.jpg,wearing,hat,35,58,1,177,man,237,198,0,70,0,3,235,36,268,237,"(1, 36, 177, 235)","(0, 237, 70, 268)"
2339501.jpg,watching,man,72,27,82,214,man,66,27,37,288,0,3,241,154,315,103,"(82, 154, 214, 241)","(37, 103, 288, 315)"
2408575.jpg,sitting on,counter,73,130,215,370,microwave,83,65,177,434,1,3,500,288,499,260,"(215, 288, 370, 500)","(177, 260, 434, 499)"
2409620.jpg,sitting on,plate,431,488,60,8,pickle,71,73,212,45,1,3,496,491,118,283,"(60, 491, 8, 496)","(212, 283, 45, 118)"
2354458.jpg,sitting on,shore,43,477,285,8,boats,177,280,35,0,1,3,485,328,280,212,"(285, 328, 8, 485)","(35, 212, 0, 280)"
2338531.jpg,wearing,shirt,28,14,86,482,person,69,17,76,481,0,3,496,114,498,145,"(86, 114, 482, 496)","(76, 145, 481, 498)"
2321129.jpg,covering,top,21,146,222,170,cheese,20,140,222,176,0,3,316,243,316,242,"(222, 243, 170, 316)","(222, 242, 176, 316)"
2342663.jpg,flying in,sky,197,496,1,1,kite,13,16,136,327,0,3,497,198,343,149,"(1, 198, 1, 497)","(136, 149, 327, 343)"
2337176.jpg,wearing,pants,71,126,150,229,man,174,182,59,204,0,3,355,221,386,233,"(150, 221, 229, 355)","(59, 233, 204, 386)"
2365422.jpg,sitting on,bench,54,195,271,0,man,31,28,249,16,1,3,195,325,44,280,"(271, 325, 0, 195)","(249, 280, 16, 44)"
2389961.jpg,sitting on,table,152,498,1,1,cup,111,54,2,445,1,3,499,153,499,113,"(1, 153, 1, 499)","(2, 113, 445, 499)"
2354224.jpg,sitting on,platform,92,499,234,0,bag,26,87,266,99,1,3,499,326,186,292,"(234, 326, 0, 499)","(266, 292, 99, 186)"
2369700.jpg,sitting on,table,475,478,13,11,mug,195,164,11,328,1,3,489,488,492,206,"(13, 488, 11, 489)","(11, 206, 328, 492)"
2374995.jpg,sitting on,ledge,132,130,198,368,cup,57,40,211,419,1,3,498,330,459,268,"(198, 330, 368, 498)","(211, 268, 419, 459)"
2413141.jpg,sitting on,table,87,79,242,418,snacks,331,499,0,0,1,3,497,329,499,331,"(242, 329, 418, 497)","(0, 331, 0, 499)"
2390985.jpg,sitting on,shelf,250,163,0,336,blender,89,43,94,392,1,3,499,250,435,183,"(0, 250, 336, 499)","(94, 183, 392, 435)"
2393688.jpg,standing on,hay,191,184,146,95,cow,123,103,15,2,0,3,279,337,105,138,"(146, 337, 95, 279)","(15, 138, 2, 105)"
2319411.jpg,sitting on,seat,42,82,148,91,driver,93,67,106,103,1,3,173,190,170,199,"(148, 190, 91, 173)","(106, 199, 103, 170)"
2386393.jpg,sitting on,dessert,66,77,221,225,cherry,21,23,243,243,1,3,302,287,266,264,"(221, 287, 225, 302)","(243, 264, 243, 266)"
713344.jpg,standing on,snow,253,1012,512,5,person,76,62,689,877,0,3,1017,765,939,765,"(512, 765, 5, 1017)","(689, 765, 877, 939)"
1598.jpg,sitting on,desk,21,109,432,444,telephone,91,109,361,508,1,3,553,453,617,452,"(432, 453, 444, 553)","(361, 452, 508, 617)"
2354694.jpg,wearing,shirt,64,102,89,110,man,247,348,71,7,0,3,212,153,355,318,"(89, 153, 110, 212)","(71, 318, 7, 355)"
1592866.jpg,sitting on,motorcycle,336,598,292,3,man,533,251,105,185,1,3,601,628,436,638,"(292, 628, 3, 601)","(105, 638, 185, 436)"
2364371.jpg,sitting on,bench,36,48,173,288,man,104,85,109,278,1,3,336,209,363,213,"(173, 209, 288, 336)","(109, 213, 278, 363)"
2346286.jpg,wearing,glasses,17,40,109,232,woman,196,63,121,129,0,3,272,126,192,317,"(109, 126, 232, 272)","(121, 317, 129, 192)"
2345907.jpg,watching,boy,297,129,74,75,people,54,77,136,3,0,3,204,371,80,190,"(74, 371, 75, 204)","(136, 190, 3, 80)"
2369408.jpg,wearing,cap,17,18,101,157,man,123,51,100,147,0,3,175,118,198,223,"(101, 118, 157, 175)","(100, 223, 147, 198)"
2390093.jpg,sitting on,floor,135,495,197,0,tower,157,93,165,29,1,3,495,332,122,322,"(197, 332, 0, 495)","(165, 322, 29, 122)"
2355060.jpg,playing,music,128,167,203,133,woman,366,316,117,2,0,3,300,331,318,483,"(203, 331, 133, 300)","(117, 483, 2, 318)"
2374633.jpg,wearing,shoes,19,32,280,145,man,188,104,110,74,0,3,177,299,178,298,"(280, 299, 145, 177)","(110, 298, 74, 178)"
2365860.jpg,wearing,glove,24,12,216,288,person,138,80,181,286,0,3,300,240,366,319,"(216, 240, 288, 300)","(181, 319, 286, 366)"
2408253.jpg,sitting on,bench,68,249,209,3,man,170,74,118,164,1,3,252,277,238,288,"(209, 277, 3, 252)","(118, 288, 164, 238)"
2364588.jpg,parked on,street,329,331,170,0,car,31,67,159,202,0,3,331,499,269,190,"(170, 499, 0, 331)","(159, 190, 202, 269)"
2355258.jpg,lying on,cover,185,497,186,0,cat,282,433,6,50,0,3,497,371,483,288,"(186, 371, 0, 497)","(6, 288, 50, 483)"
2386056.jpg,sitting on,table,374,346,0,154,laptop,374,278,0,0,1,3,500,374,278,374,"(0, 374, 154, 500)","(0, 374, 0, 278)"
2356069.jpg,sitting on,paper,193,279,24,173,pen,104,80,68,320,1,3,452,217,400,172,"(24, 217, 173, 452)","(68, 172, 320, 400)"
2323753.jpg,wearing,shirt,30,15,243,372,person,93,42,227,361,0,3,387,273,403,320,"(243, 273, 372, 387)","(227, 320, 361, 403)"
2383890.jpg,wearing,goggles,15,17,134,152,woman,171,83,108,126,0,3,169,149,209,279,"(134, 149, 152, 169)","(108, 279, 126, 209)"
2366481.jpg,wearing,bag,277,156,178,193,man,391,248,105,102,0,3,349,455,350,496,"(178, 455, 193, 349)","(105, 496, 102, 350)"
2388681.jpg,sitting on,skateboard,14,27,219,143,boy,49,40,185,155,1,3,170,233,195,234,"(219, 233, 143, 170)","(185, 234, 155, 195)"
2409607.jpg,sitting on,horse,188,97,116,302,lady,138,82,62,328,1,3,399,304,410,200,"(116, 304, 302, 399)","(62, 200, 328, 410)"
2384968.jpg,wearing,necklace,52,74,179,219,woman,286,233,69,137,0,3,293,231,370,355,"(179, 231, 219, 293)","(69, 355, 137, 370)"
2384099.jpg,wearing,sunglasses,21,29,133,123,girl,276,141,119,47,0,3,152,154,188,395,"(133, 154, 123, 152)","(119, 395, 47, 188)"
2365129.jpg,sitting on,table,150,497,220,2,vase,130,91,210,312,1,3,499,370,403,340,"(220, 370, 2, 499)","(210, 340, 312, 403)"
2334025.jpg,wearing,jacket,66,103,141,20,person,235,164,87,13,0,3,123,207,177,322,"(141, 207, 20, 123)","(87, 322, 13, 177)"
2327644.jpg,eating,grass,57,154,245,332,horse,130,200,145,220,0,3,486,302,420,275,"(245, 302, 332, 486)","(145, 275, 220, 420)"
2370617.jpg,sitting on,bus,136,366,86,132,driver,23,20,147,162,1,3,498,222,182,170,"(86, 222, 132, 498)","(147, 170, 162, 182)"
2315845.jpg,wearing,sandal,28,33,377,19,boy,260,123,170,19,0,3,52,405,142,430,"(377, 405, 19, 52)","(170, 430, 19, 142)"
2380579.jpg,wearing,jacket,23,26,220,24,girl,39,24,215,25,0,3,50,243,49,254,"(220, 243, 24, 50)","(215, 254, 25, 49)"
1159599.jpg,sitting on,shelf,39,362,371,76,trophy,172,180,278,142,1,3,438,410,322,450,"(371, 410, 76, 438)","(278, 450, 142, 322)"
2407302.jpg,wearing,glasses,20,82,87,85,man,299,252,34,11,0,3,167,107,263,333,"(87, 107, 85, 167)","(34, 333, 11, 263)"
2351292.jpg,sitting on,table,17,37,97,370,pot,16,21,84,380,1,3,407,114,401,100,"(97, 114, 370, 407)","(84, 100, 380, 401)"
2416092.jpg,sitting on,floor,94,141,403,294,woman,175,166,245,213,1,3,435,497,379,420,"(403, 497, 294, 435)","(245, 420, 213, 379)"
2392514.jpg,wearing,jeans,92,131,282,46,man,374,283,1,0,0,3,177,374,283,375,"(282, 374, 46, 177)","(1, 375, 0, 283)"
2411950.jpg,sitting on,motherboard,173,126,83,16,monkey,166,115,8,0,1,3,142,256,115,174,"(83, 256, 16, 142)","(8, 174, 0, 115)"
2366162.jpg,sitting on,table,371,499,1,0,apple,123,170,95,191,1,3,499,372,361,218,"(1, 372, 0, 499)","(95, 218, 191, 361)"
2331888.jpg,wearing,sunglasses,10,23,64,300,man,246,100,38,280,0,3,323,74,380,284,"(64, 74, 300, 323)","(38, 284, 280, 380)"
2348814.jpg,wearing,hat,15,28,161,207,man,121,59,158,196,0,3,235,176,255,279,"(161, 176, 207, 235)","(158, 279, 196, 255)"
2357529.jpg,mounted on,building,325,144,127,56,spire,35,12,184,145,0,3,200,452,157,219,"(127, 452, 56, 200)","(184, 219, 145, 157)"
2393002.jpg,eating,food,56,90,152,210,person,296,370,47,2,0,3,300,208,372,343,"(152, 208, 210, 300)","(47, 343, 2, 372)"
2366318.jpg,sitting on,wall,130,337,201,2,man,295,169,31,40,1,3,339,331,209,326,"(201, 331, 2, 339)","(31, 326, 40, 209)"
2407518.jpg,watching,tennis,103,80,42,302,girl,149,43,205,150,0,3,382,145,193,354,"(42, 145, 302, 382)","(205, 354, 150, 193)"
2405046.jpg,wearing,strap,16,40,167,324,man,86,106,67,142,0,3,364,183,248,153,"(167, 183, 324, 364)","(67, 153, 142, 248)"
2381147.jpg,walking on,sidewalk,259,495,238,3,person,75,32,215,439,0,3,498,497,471,290,"(238, 497, 3, 498)","(215, 290, 439, 471)"
2380881.jpg,watching,elephant,133,75,149,259,people,222,478,41,0,0,3,334,282,478,263,"(149, 282, 259, 334)","(41, 263, 0, 478)"
2394627.jpg,sitting on,shelf,10,179,213,49,books,52,60,167,51,1,3,228,223,111,219,"(213, 223, 49, 228)","(167, 219, 51, 111)"
1159442.jpg,riding,bike,137,106,83,433,person,100,89,97,443,0,3,539,220,532,197,"(83, 220, 433, 539)","(97, 197, 443, 532)"
2335478.jpg,wearing,gear,17,20,198,200,jockey,77,50,200,183,0,3,220,215,233,277,"(198, 215, 200, 220)","(200, 277, 183, 233)"
2402488.jpg,sitting on,plate,313,499,45,1,bean,18,16,229,416,1,3,500,358,432,247,"(45, 358, 1, 500)","(229, 247, 416, 432)"
2317930.jpg,watching,tennis,116,78,115,210,person,28,25,44,90,0,3,288,231,115,72,"(115, 231, 210, 288)","(44, 72, 90, 115)"
2322617.jpg,wearing,sock,24,17,312,306,man,202,33,149,298,0,3,323,336,331,351,"(312, 336, 306, 323)","(149, 351, 298, 331)"
1592922.jpg,sitting on,couch,121,87,446,471,guy,573,268,50,456,1,3,558,567,724,623,"(446, 567, 471, 558)","(50, 623, 456, 724)"
2390528.jpg,sitting on,floor,285,332,215,0,hat,51,75,394,178,1,3,332,500,253,445,"(215, 500, 0, 332)","(394, 445, 178, 253)"
2377932.jpg,sitting on,bench,34,128,192,66,man,181,164,19,266,1,3,194,226,430,200,"(192, 226, 66, 194)","(19, 200, 266, 430)"
2320626.jpg,sitting on,chair,25,33,80,128,person,62,49,46,122,1,3,161,105,171,108,"(80, 105, 128, 161)","(46, 108, 122, 171)"
1592103.jpg,sitting on,couch,301,502,167,352,person,180,176,147,473,1,3,854,468,649,327,"(167, 468, 352, 854)","(147, 327, 473, 649)"
2318326.jpg,sitting on,ground,173,135,325,20,person,106,61,323,312,1,3,155,498,373,429,"(325, 498, 20, 155)","(323, 429, 312, 373)"
2375498.jpg,wearing,sneakers,112,81,387,136,kid,121,91,37,130,0,3,217,499,221,158,"(387, 499, 136, 217)","(37, 158, 130, 221)"
2372999.jpg,sitting on,saucer,114,212,246,223,cup,104,174,202,221,1,3,435,360,395,306,"(246, 360, 223, 435)","(202, 306, 221, 395)"
2361201.jpg,riding,horse,237,386,117,94,woman,212,82,26,217,0,3,480,354,299,238,"(117, 354, 94, 480)","(26, 238, 217, 299)"
2368041.jpg,sitting on,wall,39,486,128,13,man,109,46,45,255,1,3,499,167,301,154,"(128, 167, 13, 499)","(45, 154, 255, 301)"
2375002.jpg,wearing,pants,34,14,286,2,person,66,11,251,1,0,3,16,320,12,317,"(286, 320, 2, 16)","(251, 317, 1, 12)"
2404882.jpg,riding,surfboard,69,105,110,227,man,116,117,49,207,0,3,332,179,324,165,"(110, 179, 227, 332)","(49, 165, 207, 324)"
2407532.jpg,sitting on,floor,149,429,206,56,dog,83,63,185,61,1,3,485,355,124,268,"(206, 355, 56, 485)","(185, 268, 61, 124)"
2376257.jpg,wearing,jacket,60,47,74,131,girl,118,75,35,117,0,3,178,134,192,153,"(74, 134, 131, 178)","(35, 153, 117, 192)"
2385826.jpg,wearing,jeans,104,74,375,205,man,307,119,188,185,0,3,279,479,304,495,"(375, 479, 205, 279)","(188, 495, 185, 304)"
2336073.jpg,growing on,tree,168,41,105,83,leaf,7,9,117,84,0,3,124,273,93,124,"(105, 273, 83, 124)","(117, 124, 84, 93)"
2334714.jpg,mounted on,support,96,28,276,277,bench,313,375,59,62,0,3,305,372,437,372,"(276, 372, 277, 305)","(59, 372, 62, 437)"
2356099.jpg,sitting on,shelf,8,47,137,235,book,29,4,111,254,1,3,282,145,258,140,"(137, 145, 235, 282)","(111, 140, 254, 258)"
2348962.jpg,wearing,jacket,51,32,295,256,man,118,51,280,248,0,3,288,346,299,398,"(295, 346, 256, 288)","(280, 398, 248, 299)"
2363982.jpg,sitting on,ground,154,499,221,0,ski,14,131,298,37,1,3,499,375,168,312,"(221, 375, 0, 499)","(298, 312, 37, 168)"
2417671.jpg,sitting on,stand,31,33,195,123,mirror,15,19,199,128,1,3,156,226,147,214,"(195, 226, 123, 156)","(199, 214, 128, 147)"
2317611.jpg,sitting on,snow,247,475,64,5,man,91,106,124,187,1,3,480,311,293,215,"(64, 311, 5, 480)","(124, 215, 187, 293)"
2333917.jpg,wearing,hat,58,78,115,252,girl,384,194,113,172,0,3,330,173,366,497,"(115, 173, 252, 330)","(113, 497, 172, 366)"
2382399.jpg,sitting on,grass,109,126,247,14,people,241,490,33,9,1,3,140,356,499,274,"(247, 356, 14, 140)","(33, 274, 9, 499)"
2374737.jpg,sitting on,bed,100,127,217,100,girl,225,180,71,251,1,3,227,317,431,296,"(217, 317, 100, 227)","(71, 296, 251, 431)"
2330590.jpg,sitting on,flower,30,34,434,101,bee,24,27,456,118,1,3,135,464,145,480,"(434, 464, 101, 135)","(456, 480, 118, 145)"
2340216.jpg,standing on,grass,31,27,7,433,dog,145,136,187,306,0,3,460,38,442,332,"(7, 38, 433, 460)","(187, 332, 306, 442)"
2365121.jpg,mounted on,oven,332,495,0,4,hook,23,112,47,197,0,3,499,332,309,70,"(0, 332, 4, 499)","(47, 70, 197, 309)"
2342227.jpg,walking in,grass,107,115,242,364,giraffe,250,182,100,0,0,3,479,349,182,350,"(242, 349, 364, 479)","(100, 350, 0, 182)"
2324675.jpg,sitting on,beach,329,493,0,1,chair,158,100,170,399,1,3,494,329,499,328,"(0, 329, 1, 494)","(170, 328, 399, 499)"
2317850.jpg,sitting on,bench,62,126,196,332,ladies,115,126,140,350,1,3,458,258,476,255,"(196, 258, 332, 458)","(140, 255, 350, 476)"
2383773.jpg,sitting on,table,55,90,212,300,tv,68,71,152,321,1,3,390,267,392,220,"(212, 267, 300, 390)","(152, 220, 321, 392)"
2358483.jpg,wearing,sunglasses,5,17,176,249,woman,141,79,160,225,0,3,266,181,304,301,"(176, 181, 249, 266)","(160, 301, 225, 304)"
2320901.jpg,sitting on,cabinets,134,110,40,383,board,48,54,3,396,1,3,493,174,450,51,"(40, 174, 383, 493)","(3, 51, 396, 450)"
591.jpg,wearing,tie,67,13,404,63,man,263,111,367,15,0,3,76,471,126,630,"(404, 471, 63, 76)","(367, 630, 15, 126)"
2330002.jpg,sitting on,desk,240,498,134,1,cat,223,267,76,71,1,3,499,374,338,299,"(134, 374, 1, 499)","(76, 299, 71, 338)"
1159260.jpg,wearing,pants,70,188,383,444,man,513,476,143,47,0,3,632,453,523,656,"(383, 453, 444, 632)","(143, 656, 47, 523)"
713189.jpg,sitting on,stool,27,59,525,591,man,235,128,342,526,1,3,650,552,654,577,"(525, 552, 591, 650)","(342, 577, 526, 654)"
2399044.jpg,sitting on,platform,237,142,9,285,referee,67,69,1,323,1,3,427,246,392,68,"(9, 246, 285, 427)","(1, 68, 323, 392)"
2385823.jpg,sitting on,motorcycle,290,480,42,20,officer,297,214,0,132,1,3,500,332,346,297,"(42, 332, 20, 500)","(0, 297, 132, 346)"
2379631.jpg,covered in,snow,13,19,9,402,trees,97,174,2,318,0,3,421,22,492,99,"(9, 22, 402, 421)","(2, 99, 318, 492)"
2412619.jpg,wearing,hat,10,27,41,149,man,88,27,39,145,0,3,176,51,172,127,"(41, 51, 149, 176)","(39, 127, 145, 172)"
2383502.jpg,sitting on,ground,221,499,110,0,man,171,115,149,331,1,3,499,331,446,320,"(110, 331, 0, 499)","(149, 320, 331, 446)"
2379111.jpg,sitting on,bedspread,208,349,292,32,quilt,189,293,296,76,1,3,381,500,369,485,"(292, 500, 32, 381)","(296, 485, 76, 369)"
2411579.jpg,sitting on,counter,38,49,79,382,bottle,25,10,67,414,1,3,431,117,424,92,"(79, 117, 382, 431)","(67, 92, 414, 424)"
2384788.jpg,sitting on,motorcycle,101,194,166,232,man,98,55,122,334,1,3,426,267,389,220,"(166, 267, 232, 426)","(122, 220, 334, 389)"
2345308.jpg,covering,floor,219,423,112,50,tile,7,13,272,325,0,3,473,331,338,279,"(112, 331, 50, 473)","(272, 279, 325, 338)"
2363837.jpg,sitting on,surfboard,12,18,152,237,man,10,32,151,251,1,3,255,164,283,161,"(152, 164, 237, 255)","(151, 161, 251, 283)"
2344438.jpg,sitting on,shelf,94,476,186,6,vase,105,56,97,399,1,3,482,280,455,202,"(186, 280, 6, 482)","(97, 202, 399, 455)"
2362551.jpg,sitting on,desk,170,496,199,2,monitor,182,179,55,300,1,3,498,369,479,237,"(199, 369, 2, 498)","(55, 237, 300, 479)"
2413506.jpg,flying in,sky,281,499,0,0,jet,69,272,103,112,0,3,499,281,384,172,"(0, 281, 0, 499)","(103, 172, 112, 384)"
2343907.jpg,sitting on,shelves,3,50,65,139,kitchenware,19,17,38,158,1,3,189,68,175,57,"(65, 68, 139, 189)","(38, 57, 158, 175)"
2341333.jpg,sitting on,slab,106,473,393,0,elephant,462,370,7,57,1,3,473,499,427,469,"(393, 499, 0, 473)","(7, 469, 57, 427)"
2397554.jpg,wearing,shirt,16,12,171,138,rider,43,24,160,134,0,3,150,187,158,203,"(171, 187, 138, 150)","(160, 203, 134, 158)"
2393163.jpg,sitting on,table,296,499,33,0,parsley,154,286,96,78,1,3,499,329,364,250,"(33, 329, 0, 499)","(96, 250, 78, 364)"
2328720.jpg,sitting on,seat,41,211,327,234,dog,259,222,114,230,1,3,445,368,452,373,"(327, 368, 234, 445)","(114, 373, 230, 452)"
2375170.jpg,wearing,shorts,10,21,118,62,man,58,42,94,56,0,3,83,128,98,152,"(118, 128, 62, 83)","(94, 152, 56, 98)"
1592783.jpg,sitting on,stairs,201,970,372,19,man,240,219,240,713,1,3,989,573,932,480,"(372, 573, 19, 989)","(240, 480, 713, 932)"
2342372.jpg,playing,wii,50,48,244,25,man,372,260,0,1,0,3,73,294,261,372,"(244, 294, 25, 73)","(0, 372, 1, 261)"
2328174.jpg,sitting on,sidewalk,349,332,151,0,umbrella,243,244,218,0,1,3,332,500,244,461,"(151, 500, 0, 332)","(218, 461, 0, 244)"
2356545.jpg,says,exit,7,16,35,392,sign,16,36,28,381,0,3,408,42,417,44,"(35, 42, 392, 408)","(28, 44, 381, 417)"
2374483.jpg,walking on,sidewalk,85,185,413,189,woman,214,93,255,231,0,3,374,498,324,469,"(413, 498, 189, 374)","(255, 469, 231, 324)"
2381002.jpg,riding,bike,23,42,127,432,person,38,20,113,442,0,3,474,150,462,151,"(127, 150, 432, 474)","(113, 151, 442, 462)"
2409723.jpg,sitting on,deck,107,37,183,460,chair,93,37,123,460,1,3,497,290,497,216,"(183, 290, 460, 497)","(123, 216, 460, 497)"
2352496.jpg,wearing,shorts,54,55,145,438,man,230,89,36,410,0,3,493,199,499,266,"(145, 199, 438, 493)","(36, 266, 410, 499)"
2406764.jpg,sitting on,counter,22,498,127,1,microwave,105,170,42,173,1,3,499,149,343,147,"(127, 149, 1, 499)","(42, 147, 173, 343)"
633.jpg,walking on,street,176,790,422,5,woman,147,67,417,470,0,3,795,598,537,564,"(422, 598, 5, 795)","(417, 564, 470, 537)"
2378023.jpg,sitting on,couch,100,299,149,1,man,102,78,76,54,1,3,300,249,132,178,"(149, 249, 1, 300)","(76, 178, 54, 132)"
2399537.jpg,playing,frisbee,41,38,151,295,woman,228,219,104,48,0,3,333,192,267,332,"(151, 192, 295, 333)","(104, 332, 48, 267)"
2411774.jpg,wearing,shirt,21,37,3,220,person,66,47,3,214,0,3,257,24,261,69,"(3, 24, 220, 257)","(3, 69, 214, 261)"
2364206.jpg,sitting on,table,125,375,374,0,glass,108,73,383,235,1,3,375,499,308,491,"(374, 499, 0, 375)","(383, 491, 235, 308)"
2414589.jpg,wearing,pants,38,23,218,248,person,80,24,193,247,0,3,271,256,271,273,"(218, 256, 248, 271)","(193, 273, 247, 271)"
2383818.jpg,parked on,sidewalk,189,497,185,3,bike,266,412,52,49,0,3,500,374,461,318,"(185, 374, 3, 500)","(52, 318, 49, 461)"
273.jpg,wearing,shirt,59,62,394,735,woman,184,62,374,735,0,3,797,453,797,558,"(394, 453, 735, 797)","(374, 558, 735, 797)"
2378510.jpg,sitting on,sink,130,205,138,177,soap,33,45,160,202,1,3,382,268,247,193,"(138, 268, 177, 382)","(160, 193, 202, 247)"
2343506.jpg,sitting on,table,89,171,285,256,wii,50,30,269,323,1,3,427,374,353,319,"(285, 374, 256, 427)","(269, 319, 323, 353)"
2317825.jpg,playing,game,120,192,27,48,girl,126,145,153,263,0,3,240,147,408,279,"(27, 147, 48, 240)","(153, 279, 263, 408)"
2377525.jpg,wearing,shirt,12,7,166,100,man,20,12,159,99,0,3,107,178,111,179,"(166, 178, 100, 107)","(159, 179, 99, 111)"
2318630.jpg,sitting on,elephant,184,304,146,187,person,99,30,90,334,1,3,491,330,364,189,"(146, 330, 187, 491)","(90, 189, 334, 364)"
2392382.jpg,sitting on,stairs,78,281,234,40,people,45,151,220,146,1,3,321,312,297,265,"(234, 312, 40, 321)","(220, 265, 146, 297)"
2383952.jpg,carrying,toy,66,51,268,259,man,135,123,193,158,0,3,310,334,281,328,"(268, 334, 259, 310)","(193, 328, 158, 281)"
2413299.jpg,carrying,purse,85,44,160,45,woman,233,90,99,78,0,3,89,245,168,332,"(160, 245, 45, 89)","(99, 332, 78, 168)"
2408191.jpg,wearing,jeans,36,23,223,164,woman,77,32,193,159,0,3,187,259,191,270,"(223, 259, 164, 187)","(193, 270, 159, 191)"
2396777.jpg,wearing,glasses,20,75,171,181,man,369,231,130,91,0,3,256,191,322,499,"(171, 191, 181, 256)","(130, 499, 91, 322)"
2353456.jpg,sitting on,couch,325,354,4,3,girl,356,196,38,60,1,3,357,329,256,394,"(4, 329, 3, 357)","(38, 394, 60, 256)"
2380322.jpg,standing on,beach,39,497,335,3,person,16,10,323,488,0,3,500,374,498,339,"(335, 374, 3, 500)","(323, 339, 488, 498)"
2402733.jpg,wearing,shoe,20,20,256,159,person,180,54,94,152,0,3,179,276,206,274,"(256, 276, 159, 179)","(94, 274, 152, 206)"
2405438.jpg,sitting on,desk,370,426,0,25,cat,159,153,53,75,1,3,451,370,228,212,"(0, 370, 25, 451)","(53, 212, 75, 228)"
2333096.jpg,wearing,pants,24,16,197,453,person,54,25,165,449,0,3,469,221,474,219,"(197, 221, 453, 469)","(165, 219, 449, 474)"
2417238.jpg,sitting on,sidewalk,218,465,110,12,duck,147,178,168,230,1,3,477,328,408,315,"(110, 328, 12, 477)","(168, 315, 230, 408)"
2326796.jpg,sitting on,stoop,31,150,205,16,person,32,32,185,139,1,3,166,236,171,217,"(205, 236, 16, 166)","(185, 217, 139, 171)"
2359596.jpg,sitting on,road,56,352,222,140,truck,77,139,160,220,1,3,492,278,359,237,"(222, 278, 140, 492)","(160, 237, 220, 359)"
2373018.jpg,wearing,vest,125,91,90,206,girl,240,200,25,163,0,3,297,215,363,265,"(90, 215, 206, 297)","(25, 265, 163, 363)"
2379626.jpg,sitting on,table,205,498,170,1,beer,172,122,160,169,1,3,499,375,291,332,"(170, 375, 1, 499)","(160, 332, 169, 291)"
2345650.jpg,hanging from,vase,208,116,273,132,bead,12,9,329,233,0,3,248,481,242,341,"(273, 481, 132, 248)","(329, 341, 233, 242)"
414.jpg,wearing,jeans,130,148,124,74,woman,239,206,15,39,0,3,222,254,245,254,"(124, 254, 74, 222)","(15, 254, 39, 245)"
2400629.jpg,wearing,shirt,23,15,176,368,woman,59,20,166,363,0,3,383,199,383,225,"(176, 199, 368, 383)","(166, 225, 363, 383)"
2326806.jpg,wearing,jacket,75,47,35,166,person,90,40,97,201,0,3,213,110,241,187,"(35, 110, 166, 213)","(97, 187, 201, 241)"
2348758.jpg,wearing,shirt,61,57,161,151,woman,189,66,139,146,0,3,208,222,212,328,"(161, 222, 151, 208)","(139, 328, 146, 212)"
2383449.jpg,wearing,skirt,26,70,182,51,woman,271,127,50,21,0,3,121,208,148,321,"(182, 208, 51, 121)","(50, 321, 21, 148)"
2379372.jpg,sitting on,stairs,73,31,291,343,man,134,81,236,293,1,3,374,364,374,370,"(291, 364, 343, 374)","(236, 370, 293, 374)"
2393277.jpg,sitting on,ground,193,178,305,195,bench,238,105,72,269,1,3,373,498,374,310,"(305, 498, 195, 373)","(72, 310, 269, 374)"
2389541.jpg,wearing,wetsuit,65,66,126,247,man,83,77,121,245,0,3,313,191,322,204,"(126, 191, 247, 313)","(121, 204, 245, 322)"
2379804.jpg,sitting on,bench,65,64,265,230,woman,243,132,88,194,1,3,294,330,326,331,"(265, 330, 230, 294)","(88, 331, 194, 326)"
2333429.jpg,sitting on,ground,253,495,119,2,bucket,31,33,138,162,1,3,497,372,195,169,"(119, 372, 2, 497)","(138, 169, 162, 195)"
2405784.jpg,sitting on,runway,97,498,112,1,plane,108,313,54,53,1,3,499,209,366,162,"(112, 209, 1, 499)","(54, 162, 53, 366)"
2394539.jpg,sitting on,plate,86,103,322,227,pizza,64,81,320,249,1,3,330,408,330,384,"(322, 408, 227, 330)","(320, 384, 249, 330)"
2384849.jpg,wearing,hat,27,23,222,197,person,215,82,223,165,0,3,220,249,247,438,"(222, 249, 197, 220)","(223, 438, 165, 247)"
2416716.jpg,wearing,shirt,89,90,85,111,child,241,127,23,97,0,3,201,174,224,264,"(85, 174, 111, 201)","(23, 264, 97, 224)"
2386509.jpg,sitting on,table,69,142,45,343,purse,44,55,53,327,1,3,485,114,382,97,"(45, 114, 343, 485)","(53, 97, 327, 382)"
2316761.jpg,sitting on,bench,93,322,280,1,man,373,367,1,3,1,3,323,373,370,374,"(280, 373, 1, 323)","(1, 374, 3, 370)"
1902.jpg,standing on,boat,510,516,4,190,woman,40,26,350,555,0,3,706,514,581,390,"(4, 514, 190, 706)","(350, 390, 555, 581)"
2365164.jpg,wearing,leash,20,17,334,424,dog,59,52,313,403,0,3,441,354,455,372,"(334, 354, 424, 441)","(313, 372, 403, 455)"
2360596.jpg,wearing,jeans,48,22,212,94,woman,95,26,166,94,0,3,116,260,120,261,"(212, 260, 94, 116)","(166, 261, 94, 120)"
2358481.jpg,sitting on,table,331,499,1,0,glass,123,93,0,308,1,3,499,332,401,123,"(1, 332, 0, 499)","(0, 123, 308, 401)"
2416222.jpg,sitting on,lid,16,183,118,68,container,130,210,5,56,1,3,251,134,266,135,"(118, 134, 68, 251)","(5, 135, 56, 266)"
2407275.jpg,hanging from,wall,168,118,31,2,picture,72,41,83,19,0,3,120,199,60,155,"(31, 199, 2, 120)","(83, 155, 19, 60)"
2375457.jpg,wearing,shirt,334,217,160,105,man,493,223,5,109,0,3,322,494,332,498,"(160, 494, 105, 322)","(5, 498, 109, 332)"
2365821.jpg,sitting on,snow,87,280,286,0,grill,74,91,219,28,1,3,280,373,119,293,"(286, 373, 0, 280)","(219, 293, 28, 119)"
2374059.jpg,eating,pizza,136,250,339,20,man,308,249,64,60,0,3,270,475,309,372,"(339, 475, 20, 270)","(64, 372, 60, 309)"
2397511.jpg,wearing,shorts,63,57,349,231,boy,274,130,205,194,0,3,288,412,324,479,"(349, 412, 231, 288)","(205, 479, 194, 324)"
2404598.jpg,sitting on,rocks,136,496,195,2,bear,307,358,14,103,1,3,498,331,461,321,"(195, 331, 2, 498)","(14, 321, 103, 461)"
2348613.jpg,wearing,pad,47,35,171,301,woman,277,171,6,270,0,3,336,218,441,283,"(171, 218, 301, 336)","(6, 283, 270, 441)"
2320144.jpg,sitting on,ground,112,498,220,0,person,70,53,206,284,1,3,498,332,337,276,"(220, 332, 0, 498)","(206, 276, 284, 337)"
285802.jpg,wearing,pants,155,73,345,741,man,314,115,206,701,0,3,814,500,816,520,"(345, 500, 741, 814)","(206, 520, 701, 816)"
2389152.jpg,wearing,shirt,55,17,154,232,woman,162,66,125,205,0,3,249,209,271,287,"(154, 209, 232, 249)","(125, 287, 205, 271)"
2348184.jpg,standing on,leg,65,50,180,29,zebra,166,245,17,168,0,3,79,245,413,183,"(180, 245, 29, 79)","(17, 183, 168, 413)"
2381884.jpg,wearing,mask,121,92,49,87,man,442,167,57,43,0,3,179,170,210,499,"(49, 170, 87, 179)","(57, 499, 43, 210)"
2349718.jpg,wearing,hat,17,23,62,445,man,230,46,35,438,0,3,468,79,484,265,"(62, 79, 445, 468)","(35, 265, 438, 484)"
2399048.jpg,wearing,shirt,125,115,114,212,man,309,122,66,205,0,3,327,239,327,375,"(114, 239, 212, 327)","(66, 375, 205, 327)"
2392815.jpg,sitting on,bed,374,499,0,0,band-aid,64,69,226,309,1,3,499,374,378,290,"(0, 374, 0, 499)","(226, 290, 309, 378)"
2318330.jpg,wearing,watch,37,20,290,340,woman,284,334,46,145,0,3,360,327,479,330,"(290, 327, 340, 360)","(46, 330, 145, 479)"
2335891.jpg,sitting on,table,328,371,167,0,orange,92,98,88,24,1,3,371,495,122,180,"(167, 495, 0, 371)","(88, 180, 24, 122)"
2404075.jpg,lying on,blanket,118,395,171,1,dog,235,250,82,116,0,3,396,289,366,317,"(171, 289, 1, 396)","(82, 317, 116, 366)"
2361371.jpg,wearing,shirt,133,305,132,77,man,322,313,52,91,0,3,382,265,404,374,"(132, 265, 77, 382)","(52, 374, 91, 404)"
2322794.jpg,standing on,tracks,261,498,86,0,man,27,15,120,97,0,3,498,347,112,147,"(86, 347, 0, 498)","(120, 147, 97, 112)"
2373490.jpg,wearing,pants,132,115,366,136,man,406,168,92,99,0,3,251,498,267,498,"(366, 498, 136, 251)","(92, 498, 99, 267)"
2345966.jpg,riding,skateboard,25,43,270,219,boy,153,108,146,185,0,3,262,295,293,299,"(270, 295, 219, 262)","(146, 299, 185, 293)"
2407982.jpg,sitting on,man,306,168,27,130,pigeon,53,37,140,211,1,3,298,333,248,193,"(27, 333, 130, 298)","(140, 193, 211, 248)"
2381924.jpg,wearing,glasses,33,81,90,134,man,217,234,57,28,0,3,215,123,262,274,"(90, 123, 134, 215)","(57, 274, 28, 262)"
2326133.jpg,parked on,sidewalk,42,90,391,182,scooters,61,56,279,161,0,3,272,433,217,340,"(391, 433, 182, 272)","(279, 340, 161, 217)"
2369228.jpg,says,thai,18,44,58,163,sign,54,120,39,135,0,3,207,76,255,93,"(58, 76, 163, 207)","(39, 93, 135, 255)"
2376229.jpg,painted on,pavement,48,401,423,0,arrow,11,38,452,250,0,3,401,471,288,463,"(423, 471, 0, 401)","(452, 463, 250, 288)"
2387815.jpg,wearing,glasses,11,29,289,163,man,58,35,272,157,0,3,192,300,192,330,"(289, 300, 163, 192)","(272, 330, 157, 192)"
2381823.jpg,sitting on,human,256,413,5,15,cat,274,366,54,11,1,3,428,261,377,328,"(5, 261, 15, 428)","(54, 328, 11, 377)"
2365380.jpg,sitting on,horse,424,256,75,133,girl,308,85,2,221,1,3,389,499,306,310,"(75, 499, 133, 389)","(2, 310, 221, 306)"
2373849.jpg,wearing,helmet,10,25,130,229,bicyclist,89,69,132,206,0,3,254,140,275,221,"(130, 140, 229, 254)","(132, 221, 206, 275)"
2327841.jpg,wearing,black,49,39,302,32,person,99,52,250,25,0,3,71,351,77,349,"(302, 351, 32, 71)","(250, 349, 25, 77)"
2349199.jpg,lying on,wall,82,499,289,0,bear,61,90,258,247,0,3,499,371,337,319,"(289, 371, 0, 499)","(258, 319, 247, 337)"
2323161.jpg,sitting on,ground,87,480,36,18,people,43,28,46,257,1,3,498,123,285,89,"(36, 123, 18, 498)","(46, 89, 257, 285)"
2347842.jpg,sitting on,bicycle,58,32,105,244,person,74,37,66,240,1,3,276,163,277,140,"(105, 163, 244, 276)","(66, 140, 240, 277)"
2359731.jpg,sitting on,refrigerator,385,153,99,126,microwave,110,160,0,130,1,3,279,484,290,110,"(99, 484, 126, 279)","(0, 110, 130, 290)"
2413616.jpg,wearing,cap,24,23,114,250,man,245,135,97,143,0,3,273,138,278,342,"(114, 138, 250, 273)","(97, 342, 143, 278)"
2416953.jpg,wearing,cap,29,21,37,131,man,166,122,20,125,0,3,152,66,247,186,"(37, 66, 131, 152)","(20, 186, 125, 247)"
2348039.jpg,standing on,boat,215,329,91,102,woman,82,62,81,231,0,3,431,306,293,163,"(91, 306, 102, 431)","(81, 163, 231, 293)"
2412354.jpg,wearing,glasses,31,10,270,43,man,164,58,256,12,0,3,53,301,70,420,"(270, 301, 43, 53)","(256, 420, 12, 70)"
2326315.jpg,sitting on,sand,31,45,428,244,bucket,30,38,461,62,1,3,289,459,100,491,"(428, 459, 244, 289)","(461, 491, 62, 100)"
2342729.jpg,using,laptop,135,187,208,68,man,400,337,47,0,0,3,255,343,337,447,"(208, 343, 68, 255)","(47, 447, 0, 337)"
2385673.jpg,sitting on,stove,371,498,0,2,pot,301,373,73,62,1,3,500,371,435,374,"(0, 371, 2, 500)","(73, 374, 62, 435)"
2343951.jpg,sitting on,desk,177,496,156,2,plant,63,53,84,134,1,3,498,333,187,147,"(156, 333, 2, 498)","(84, 147, 134, 187)"
2358281.jpg,sitting on,bedspread,85,498,289,1,mouse,39,38,314,391,1,3,499,374,429,353,"(289, 374, 1, 499)","(314, 353, 391, 429)"
2360174.jpg,sitting on,horse,125,73,134,277,man,82,52,75,277,1,3,350,259,329,157,"(134, 259, 277, 350)","(75, 157, 277, 329)"
2315941.jpg,sitting on,plate,340,496,69,2,peach,292,287,18,56,1,3,498,409,343,310,"(69, 409, 2, 498)","(18, 310, 56, 343)"
2342833.jpg,flying in,sky,403,371,4,0,bird,7,8,60,152,0,3,371,407,160,67,"(4, 407, 0, 371)","(60, 67, 152, 160)"
2411193.jpg,sitting on,bench,255,332,244,0,girl,432,230,67,40,1,3,332,499,270,499,"(244, 499, 0, 332)","(67, 499, 40, 270)"
2361354.jpg,sitting on,bus,203,415,95,45,passenger,35,18,146,190,1,3,460,298,208,181,"(95, 298, 45, 460)","(146, 181, 190, 208)"
2396725.jpg,sitting on,shelf,51,195,43,37,board,83,126,2,31,1,3,232,94,157,85,"(43, 94, 37, 232)","(2, 85, 31, 157)"
2412863.jpg,covering,fence,57,224,19,260,netting,40,227,19,257,0,3,484,76,484,59,"(19, 76, 260, 484)","(19, 59, 257, 484)"
2395309.jpg,wearing,smiling,9,33,133,273,woman,433,203,64,232,0,3,306,142,435,497,"(133, 142, 273, 306)","(64, 497, 232, 435)"
2391707.jpg,sitting on,branch,424,332,74,0,owl,247,151,79,142,1,3,332,498,293,326,"(74, 498, 0, 332)","(79, 326, 142, 293)"
2320837.jpg,growing on,plant,64,57,434,41,leaf,14,23,437,39,0,3,98,498,62,451,"(434, 498, 41, 98)","(437, 451, 39, 62)"
2364116.jpg,wearing,coat,5,4,187,380,person,10,9,185,376,0,3,384,192,385,195,"(187, 192, 380, 384)","(185, 195, 376, 385)"
2374114.jpg,wearing,sweater,17,17,36,343,woman,32,20,34,340,0,3,360,53,360,66,"(36, 53, 343, 360)","(34, 66, 340, 360)"
2390930.jpg,sitting on,plate,151,264,171,134,meat,61,178,269,183,1,3,398,322,361,330,"(171, 322, 134, 398)","(269, 330, 183, 361)"
2355324.jpg,wearing,skirt,39,70,132,349,girl,255,73,10,338,0,3,419,171,411,265,"(132, 171, 349, 419)","(10, 265, 338, 411)"
2350180.jpg,sitting on,bed,152,207,158,75,book,13,48,216,171,1,3,282,310,219,229,"(158, 310, 75, 282)","(216, 229, 171, 219)"
2406321.jpg,sitting on,chair,189,498,185,1,cat,232,419,55,0,1,3,499,374,419,287,"(185, 374, 1, 499)","(55, 287, 0, 419)"
2340448.jpg,sitting on,plate,92,107,150,272,food,87,101,156,278,1,3,379,242,379,243,"(150, 242, 272, 379)","(156, 243, 278, 379)"
2323027.jpg,using,kitchen,371,497,2,2,man,370,247,3,224,0,3,499,373,471,373,"(2, 373, 2, 499)","(3, 373, 224, 471)"
2401728.jpg,sitting on,runway,10,407,210,92,plane,119,358,90,54,1,3,499,220,412,209,"(210, 220, 92, 499)","(90, 209, 54, 412)"
2382244.jpg,sitting on,sofa,113,45,351,30,woman,186,59,307,1,1,3,75,464,60,493,"(351, 464, 30, 75)","(307, 493, 1, 60)"
2318807.jpg,parked on,road,68,99,184,400,truck,63,31,147,362,0,3,499,252,393,210,"(184, 252, 400, 499)","(147, 210, 362, 393)"
2389876.jpg,wearing,belt,11,31,158,117,man,288,81,37,74,0,3,148,169,155,325,"(158, 169, 117, 148)","(37, 325, 74, 155)"
2392467.jpg,hanging from,doorway,32,104,15,230,garland,19,15,31,250,0,3,334,47,265,50,"(15, 47, 230, 334)","(31, 50, 250, 265)"
2402869.jpg,wearing,shirt,66,58,207,21,woman,72,27,155,221,0,3,79,273,248,227,"(207, 273, 21, 79)","(155, 227, 221, 248)"
4794.jpg,sitting on,table,262,498,50,0,glass,99,51,24,281,1,3,498,312,332,123,"(50, 312, 0, 498)","(24, 123, 281, 332)"
2363010.jpg,wearing,headband,73,114,23,195,man,371,320,2,69,0,3,309,96,389,373,"(23, 96, 195, 309)","(2, 373, 69, 389)"
2354983.jpg,wearing,shirt,51,50,196,252,man,157,103,107,208,0,3,302,247,311,264,"(196, 247, 252, 302)","(107, 264, 208, 311)"
2387811.jpg,sitting on,bench,81,184,383,135,couple,85,97,351,173,1,3,319,464,270,436,"(383, 464, 135, 319)","(351, 436, 173, 270)"
2412087.jpg,wearing,hat,18,18,348,314,man,27,23,347,313,0,3,332,366,336,374,"(348, 366, 314, 332)","(347, 374, 313, 336)"
1784.jpg,sitting on,bench,58,51,462,613,people,39,31,437,584,1,3,664,520,615,476,"(462, 520, 613, 664)","(437, 476, 584, 615)"
2349823.jpg,sitting on,bench,73,499,95,0,player,76,64,21,141,1,3,499,168,205,97,"(95, 168, 0, 499)","(21, 97, 141, 205)"
2365461.jpg,wearing,cleats,29,96,470,122,catcher,436,178,63,103,0,3,218,499,281,499,"(470, 499, 122, 218)","(63, 499, 103, 281)"
2369485.jpg,wearing,jeans,54,162,445,69,girl,479,243,20,34,0,3,231,499,277,499,"(445, 499, 69, 231)","(20, 499, 34, 277)"
2386932.jpg,wearing,shirt,187,221,187,218,man,310,224,64,218,0,3,439,374,442,374,"(187, 374, 218, 439)","(64, 374, 218, 442)"
2358954.jpg,wearing,kneepads,70,59,200,269,man,287,233,9,160,0,3,328,270,393,296,"(200, 270, 269, 328)","(9, 296, 160, 393)"
2356490.jpg,mounted on,truck,119,197,97,284,headlight,17,17,185,284,0,3,481,216,301,202,"(97, 216, 284, 481)","(185, 202, 284, 301)"
2355029.jpg,sitting on,ground,30,492,344,3,dog,54,74,299,97,1,3,495,374,171,353,"(344, 374, 3, 495)","(299, 353, 97, 171)"
2346296.jpg,sitting on,ground,105,332,229,0,people,54,41,180,272,1,3,332,334,313,234,"(229, 334, 0, 332)","(180, 234, 272, 313)"
2341976.jpg,wearing,sandal,40,74,253,364,foot,29,30,253,369,0,3,438,293,399,282,"(253, 293, 364, 438)","(253, 282, 369, 399)"
2382077.jpg,parked on,road,5,27,213,121,car,9,28,207,34,0,3,148,218,62,216,"(213, 218, 121, 148)","(207, 216, 34, 62)"
2351811.jpg,sitting on,bench,48,76,196,172,person,95,48,179,218,1,3,248,244,266,274,"(196, 244, 172, 248)","(179, 274, 218, 266)"
2407814.jpg,wearing,jeans,114,68,289,162,person,270,74,160,165,0,3,230,403,239,430,"(289, 403, 162, 230)","(160, 430, 165, 239)"
2393513.jpg,sitting on,horse,73,90,185,189,man,40,38,165,216,1,3,279,258,254,205,"(185, 258, 189, 279)","(165, 205, 216, 254)"
2354074.jpg,sitting on,bike,37,30,219,203,person,52,19,195,211,1,3,233,256,230,247,"(219, 256, 203, 233)","(195, 247, 211, 230)"
2399477.jpg,wearing,tie,21,30,143,89,person,122,108,86,39,0,3,119,164,147,208,"(143, 164, 89, 119)","(86, 208, 39, 147)"
2332533.jpg,wearing,shirt,202,91,110,270,guy,280,156,50,206,0,3,361,312,362,330,"(110, 312, 270, 361)","(50, 330, 206, 362)"
4686.jpg,wearing,jacket,31,23,77,315,man,60,21,64,316,0,3,338,108,337,124,"(77, 108, 315, 338)","(64, 124, 316, 337)"
2343361.jpg,sitting on,ground,76,219,158,43,girl,49,45,413,272,1,3,262,234,317,462,"(158, 234, 43, 262)","(413, 462, 272, 317)"
2326098.jpg,wearing,dress,35,20,269,118,figurine,47,21,256,119,0,3,138,304,140,303,"(269, 304, 118, 138)","(256, 303, 119, 140)"
2360566.jpg,sitting on,bench,38,85,117,25,player,82,21,97,26,1,3,110,155,47,179,"(117, 155, 25, 110)","(97, 179, 26, 47)"
2325585.jpg,playing,soccer,140,271,82,115,person,47,20,155,341,0,3,386,222,361,202,"(82, 222, 115, 386)","(155, 202, 341, 361)"
2389226.jpg,wearing,boot,10,16,148,345,woman,72,102,88,258,0,3,361,158,360,160,"(148, 158, 345, 361)","(88, 160, 258, 360)"
2380143.jpg,sitting on,plate,499,499,1,1,noodle,49,8,57,240,1,3,500,500,248,106,"(1, 500, 1, 500)","(57, 106, 240, 248)"
2392019.jpg,sitting on,couch,178,414,154,76,woman,170,211,138,232,1,3,490,332,443,308,"(154, 332, 76, 490)","(138, 308, 232, 443)"
2378449.jpg,wearing,armband,41,40,192,163,man,286,159,67,110,0,3,203,233,269,353,"(192, 233, 163, 203)","(67, 353, 110, 269)"
2392621.jpg,parked on,road,85,488,237,11,bus,259,429,36,23,0,3,499,322,452,295,"(237, 322, 11, 499)","(36, 295, 23, 452)"
61551.jpg,wearing,cap,45,68,308,554,man,438,354,309,433,0,3,622,353,787,747,"(308, 353, 554, 622)","(309, 747, 433, 787)"
1159826.jpg,wearing,pants,245,245,446,766,man,570,453,94,569,0,3,1011,691,1022,664,"(446, 691, 766, 1011)","(94, 664, 569, 1022)"
2359923.jpg,wearing,shirt,148,90,186,170,man,451,255,30,71,0,3,260,334,326,481,"(186, 334, 170, 260)","(30, 481, 71, 326)"
2330100.jpg,sitting on,ledge,107,364,264,134,bird,154,111,123,151,1,3,498,371,262,277,"(264, 371, 134, 498)","(123, 277, 151, 262)"
2402756.jpg,sitting on,couch,278,459,95,11,man,320,251,51,18,1,3,470,373,269,371,"(95, 373, 11, 470)","(51, 371, 18, 269)"
1592494.jpg,sitting on,ground,229,351,396,108,lady,193,215,29,220,1,3,459,625,435,222,"(396, 625, 108, 459)","(29, 222, 220, 435)"
2378165.jpg,wearing,jeans,80,140,278,207,man,311,239,47,144,0,3,347,358,383,358,"(278, 358, 207, 347)","(47, 358, 144, 383)"
2386626.jpg,sitting on,doily,58,57,245,304,glass,238,131,45,243,1,3,361,303,374,283,"(245, 303, 304, 361)","(45, 283, 243, 374)"
2330551.jpg,riding,tracks,37,148,221,350,train,60,280,171,127,0,3,498,258,407,231,"(221, 258, 350, 498)","(171, 231, 127, 407)"
2382167.jpg,sitting on,windowsill,97,482,386,16,cat,361,230,122,29,1,3,498,483,259,483,"(386, 483, 16, 498)","(122, 483, 29, 259)"
2340827.jpg,wearing,helmet,73,74,28,73,man,450,169,29,24,0,3,147,101,193,479,"(28, 101, 73, 147)","(29, 479, 24, 193)"
2379273.jpg,wearing,glasses,16,49,159,173,woman,366,202,133,129,0,3,222,175,331,499,"(159, 175, 173, 222)","(133, 499, 129, 331)"
2319038.jpg,sitting on,toilet,368,270,130,19,dog,340,214,89,75,1,3,289,498,289,429,"(130, 498, 19, 289)","(89, 429, 75, 289)"
2380857.jpg,eating,hay,95,360,224,61,elephant,283,407,0,92,0,3,421,319,499,283,"(224, 319, 61, 421)","(0, 283, 92, 499)"
2358223.jpg,wearing,beanie,38,65,67,168,woman,169,116,67,134,0,3,233,105,250,236,"(67, 105, 168, 233)","(67, 236, 134, 250)"
2356922.jpg,wearing,necklace,24,67,87,255,woman,346,287,8,74,0,3,322,111,361,354,"(87, 111, 255, 322)","(8, 354, 74, 361)"
2368237.jpg,wearing,glasses,27,90,147,208,man,245,262,86,107,0,3,298,174,369,331,"(147, 174, 208, 298)","(86, 331, 107, 369)"
2339543.jpg,sitting on,bench,154,367,344,18,man,75,41,200,344,1,3,385,498,385,275,"(344, 498, 18, 385)","(200, 275, 344, 385)"
2358072.jpg,wearing,hat,98,145,87,221,guy,237,261,87,222,0,3,366,185,483,324,"(87, 185, 221, 366)","(87, 324, 222, 483)"
713858.jpg,wearing,shirt,72,55,273,621,person,145,115,225,577,0,3,676,345,692,370,"(273, 345, 621, 676)","(225, 370, 577, 692)"
2350134.jpg,sitting on,fence,196,493,133,4,man,208,104,114,388,1,3,497,329,492,322,"(133, 329, 4, 497)","(114, 322, 388, 492)"
2413189.jpg,wearing,sneakers,15,33,250,5,man,242,86,25,5,0,3,38,265,91,267,"(250, 265, 5, 38)","(25, 267, 5, 91)"
2342324.jpg,riding,bike,79,35,378,140,man,116,36,340,139,0,3,175,457,175,456,"(378, 457, 140, 175)","(340, 456, 139, 175)"
2322813.jpg,growing on,hill,255,499,72,0,bush,11,12,141,194,0,3,499,327,206,152,"(72, 327, 0, 499)","(141, 152, 194, 206)"
2367681.jpg,carrying,people,20,27,148,363,boat,9,69,169,333,0,3,390,168,402,178,"(148, 168, 363, 390)","(169, 178, 333, 402)"
2359767.jpg,covering,ground,150,468,178,17,snow,104,347,216,69,0,3,485,328,416,320,"(178, 328, 17, 485)","(216, 320, 69, 416)"
2379021.jpg,sitting on,couch,125,392,249,108,man,136,224,215,38,1,3,500,374,262,351,"(249, 374, 108, 500)","(215, 351, 38, 262)"
2343461.jpg,carrying,girl,83,46,67,351,man,184,71,56,344,0,3,397,150,415,240,"(67, 150, 351, 397)","(56, 240, 344, 415)"
2392048.jpg,wearing,hat,161,163,6,103,man,492,316,7,16,0,3,266,167,332,499,"(6, 167, 103, 266)","(7, 499, 16, 332)"
2414129.jpg,wearing,cap,23,46,222,254,man,97,97,218,215,0,3,300,245,312,315,"(222, 245, 254, 300)","(218, 315, 215, 312)"
2380870.jpg,sitting on,bed,66,179,164,249,pillow,26,44,144,252,1,3,428,230,296,170,"(164, 230, 249, 428)","(144, 170, 252, 296)"
3683.jpg,sitting on,desk,280,786,319,4,computer,316,285,168,245,1,3,790,599,530,484,"(319, 599, 4, 790)","(168, 484, 245, 530)"
2375958.jpg,covering,boy,130,136,112,233,blanket,153,255,124,4,0,3,369,242,259,277,"(112, 242, 233, 369)","(124, 277, 4, 259)"
285838.jpg,wearing,ring,32,38,415,198,man,433,442,40,32,0,3,236,447,474,473,"(415, 447, 198, 236)","(40, 473, 32, 474)"
2343300.jpg,wearing,earring,4,7,139,265,woman,275,189,97,217,0,3,272,143,406,372,"(139, 143, 265, 272)","(97, 372, 217, 406)"
2371190.jpg,wearing,jeans,69,44,269,114,man,156,66,189,108,0,3,158,338,174,345,"(269, 338, 114, 158)","(189, 345, 108, 174)"
2341395.jpg,sitting on,dish,278,495,0,2,blueberry,31,29,220,45,1,3,497,278,74,251,"(0, 278, 2, 497)","(220, 251, 45, 74)"
2318500.jpg,standing on,street,154,494,175,4,person,66,30,142,380,0,3,498,329,410,208,"(175, 329, 4, 498)","(142, 208, 380, 410)"
2391364.jpg,sitting on,table,248,495,250,1,plate,218,336,273,83,1,3,496,498,419,491,"(250, 498, 1, 496)","(273, 491, 83, 419)"
2327295.jpg,carrying,bananas,62,84,182,189,monkey,153,215,90,203,0,3,273,244,418,243,"(182, 244, 189, 273)","(90, 243, 203, 418)"
2316067.jpg,wearing,uniform,141,72,189,378,uniform,141,86,187,199,0,3,450,330,285,328,"(189, 330, 378, 450)","(187, 328, 199, 285)"
2315606.jpg,wearing,hat,30,41,105,235,man,216,75,104,202,0,3,276,135,277,320,"(105, 135, 235, 276)","(104, 320, 202, 277)"
2357600.jpg,covered in,sand,149,475,182,5,beach,158,492,168,0,0,3,480,331,492,326,"(182, 331, 5, 480)","(168, 326, 0, 492)"
2374340.jpg,wearing,helmet,22,27,89,240,guy,95,110,89,213,0,3,267,111,323,184,"(89, 111, 240, 267)","(89, 184, 213, 323)"
2378182.jpg,sitting on,person,33,129,1,228,person,39,60,1,31,1,3,357,34,91,40,"(1, 34, 228, 357)","(1, 40, 31, 91)"
2411099.jpg,sitting on,table,90,142,212,126,mouse,25,49,221,197,1,3,268,302,246,246,"(212, 302, 126, 268)","(221, 246, 197, 246)"
2370109.jpg,sitting on,leaf,142,136,103,281,watch,156,109,49,198,1,3,417,245,307,205,"(103, 245, 281, 417)","(49, 205, 198, 307)"
2395895.jpg,wearing,sneaker,61,42,416,78,woman,434,224,58,79,0,3,120,477,303,492,"(416, 477, 78, 120)","(58, 492, 79, 303)"
1673.jpg,sitting on,desk,213,555,284,80,system,413,523,99,88,1,3,635,497,611,512,"(284, 497, 80, 635)","(99, 512, 88, 611)"
2376577.jpg,sitting on,table,116,330,383,1,bottles,431,330,45,2,1,3,331,499,332,476,"(383, 499, 1, 331)","(45, 476, 2, 332)"
2342335.jpg,sitting on,branch,20,246,178,102,bird,147,95,115,194,1,3,348,198,289,262,"(178, 198, 102, 348)","(115, 262, 194, 289)"
2352622.jpg,wearing,shorts,128,122,200,102,man,398,291,13,3,0,3,224,328,294,411,"(200, 328, 102, 224)","(13, 411, 3, 294)"
2377192.jpg,sitting on,table,345,496,28,2,breadbasket,152,354,42,78,1,3,498,373,432,194,"(28, 373, 2, 498)","(42, 194, 78, 432)"
2365309.jpg,standing on,ground,253,490,119,9,elephant,375,393,0,55,0,3,499,372,448,375,"(119, 372, 9, 499)","(0, 375, 55, 448)"
2349428.jpg,eating,grass,91,499,154,1,horse,74,102,121,288,0,3,500,245,390,195,"(154, 245, 1, 500)","(121, 195, 288, 390)"
2411148.jpg,wearing,shirt,183,203,146,141,boy,462,243,37,99,0,3,344,329,342,499,"(146, 329, 141, 344)","(37, 499, 99, 342)"
2393277.jpg,sitting on,bench,238,105,72,269,woman,499,210,0,164,1,3,374,310,374,499,"(72, 310, 269, 374)","(0, 499, 164, 374)"
2403048.jpg,sitting on,bench,202,452,199,1,man,394,269,23,36,1,3,453,401,305,417,"(199, 401, 1, 453)","(23, 417, 36, 305)"
2401741.jpg,sitting on,motorcycle,290,380,37,8,police,221,127,38,164,1,3,388,327,291,259,"(37, 327, 8, 388)","(38, 259, 164, 291)"
2372792.jpg,sitting on,chair,37,10,223,383,guy,85,60,178,381,1,3,393,260,441,263,"(223, 260, 383, 393)","(178, 263, 381, 441)"
2351176.jpg,wearing,shorts,100,51,249,57,boy,438,88,20,32,0,3,108,349,120,458,"(249, 349, 57, 108)","(20, 458, 32, 120)"
2406142.jpg,wearing,shirt,17,15,311,149,woman,49,16,302,148,0,3,164,328,164,351,"(311, 328, 149, 164)","(302, 351, 148, 164)"
2405646.jpg,sitting on,dirt,23,138,260,276,bench,75,152,206,257,1,3,414,283,409,281,"(260, 283, 276, 414)","(206, 281, 257, 409)"
2373855.jpg,sitting on,grass,246,396,252,1,kid,57,51,322,38,1,3,397,498,89,379,"(252, 498, 1, 397)","(322, 379, 38, 89)"
2374751.jpg,sitting on,couch,332,493,33,5,woman,350,318,24,71,1,3,498,365,389,374,"(33, 365, 5, 498)","(24, 374, 71, 389)"
2338478.jpg,wearing,shirt,40,58,78,280,man,100,57,46,278,0,3,338,118,335,146,"(78, 118, 280, 338)","(46, 146, 278, 335)"
2344845.jpg,sitting on,ground,107,473,211,2,woman,90,59,149,177,1,3,475,318,236,239,"(211, 318, 2, 475)","(149, 239, 177, 236)"
1592840.jpg,sitting on,chair,72,50,580,261,person,206,155,441,152,1,3,311,652,307,647,"(580, 652, 261, 311)","(441, 647, 152, 307)"
2343722.jpg,sitting on,ledge,70,35,239,329,container,30,14,213,337,1,3,364,309,351,243,"(239, 309, 329, 364)","(213, 243, 337, 351)"
2317013.jpg,walking in,rain,330,500,0,0,person,169,75,147,312,0,3,500,330,387,316,"(0, 330, 0, 500)","(147, 316, 312, 387)"
2409140.jpg,sitting on,motorcycle,297,403,66,59,person,336,161,7,216,1,3,462,363,377,343,"(66, 363, 59, 462)","(7, 343, 216, 377)"
2319411.jpg,covering,hooves,70,252,310,170,hair,80,269,297,156,0,3,422,380,425,377,"(310, 380, 170, 422)","(297, 377, 156, 425)"
2411017.jpg,sitting on,seesaw,41,56,64,3,child,40,24,72,39,1,3,59,105,63,112,"(64, 105, 3, 59)","(72, 112, 39, 63)"
2350810.jpg,hanging from,building,266,137,14,17,banner,77,36,123,24,0,3,154,280,60,200,"(14, 280, 17, 154)","(123, 200, 24, 60)"
2392046.jpg,wearing,visor,42,34,143,136,female,360,187,100,85,0,3,170,185,272,460,"(143, 185, 136, 170)","(100, 460, 85, 272)"
2403355.jpg,sitting on,couch,157,226,174,274,man,82,126,161,298,1,3,500,331,424,243,"(174, 331, 274, 500)","(161, 243, 298, 424)"
2369155.jpg,sitting on,grass,80,374,419,0,person,13,11,429,202,1,3,374,499,213,442,"(419, 499, 0, 374)","(429, 442, 202, 213)"
2328713.jpg,sitting on,counter,43,296,192,66,case,134,120,89,75,1,3,362,235,195,223,"(192, 235, 66, 362)","(89, 223, 75, 195)"
2356099.jpg,sitting on,shelf,12,42,186,331,book,29,4,162,337,1,3,373,198,341,191,"(186, 198, 331, 373)","(162, 191, 337, 341)"
2320780.jpg,standing on,grass,259,332,237,0,elephant,445,330,10,2,0,3,332,496,332,455,"(237, 496, 0, 332)","(10, 455, 2, 332)"
2409506.jpg,sitting on,motorcycle,271,248,35,209,headlight,47,52,75,354,1,3,457,306,406,122,"(35, 306, 209, 457)","(75, 122, 354, 406)"
2348611.jpg,sitting on,bleachers,47,314,293,93,player,130,51,199,242,1,3,407,340,293,329,"(293, 340, 93, 407)","(199, 329, 242, 293)"
2319061.jpg,sitting on,couch,156,358,138,15,backpack,47,63,174,204,1,3,373,294,267,221,"(138, 294, 15, 373)","(174, 221, 204, 267)"
2357703.jpg,wearing,earrings,22,9,138,288,player,226,186,99,149,0,3,297,160,335,325,"(138, 160, 288, 297)","(99, 325, 149, 335)"
198.jpg,sitting on,roof,95,307,54,38,chimney,43,36,54,186,1,3,345,149,222,97,"(54, 149, 38, 345)","(54, 97, 186, 222)"
2326204.jpg,eating,food,41,50,161,322,boy,478,369,20,130,0,3,372,202,499,498,"(161, 202, 322, 372)","(20, 498, 130, 499)"
2359109.jpg,sitting on,grass,295,401,8,18,people,304,488,2,10,1,3,419,303,498,306,"(8, 303, 18, 419)","(2, 306, 10, 498)"
2334756.jpg,wearing,clothing,34,10,182,382,woman,60,12,172,381,0,3,392,216,393,232,"(182, 216, 382, 392)","(172, 232, 381, 393)"
2335072.jpg,sitting on,table,178,142,264,231,cup,23,17,265,312,1,3,373,442,329,288,"(264, 442, 231, 373)","(265, 288, 312, 329)"
2358518.jpg,sitting on,elephant,233,124,139,157,man,57,51,93,204,1,3,281,372,255,150,"(139, 372, 157, 281)","(93, 150, 204, 255)"
2415617.jpg,sitting on,bench,259,496,70,2,dog,226,140,72,66,1,3,498,329,206,298,"(70, 329, 2, 498)","(72, 298, 66, 206)"
2374977.jpg,sitting on,table,141,68,203,4,can,50,33,138,197,1,3,72,344,230,188,"(203, 344, 4, 72)","(138, 188, 197, 230)"
2380091.jpg,wearing,shirt,29,22,281,30,man,84,28,270,31,0,3,52,310,59,354,"(281, 310, 30, 52)","(270, 354, 31, 59)"
2393425.jpg,wearing,uniform,107,111,169,337,umpire,145,144,153,330,0,3,448,276,474,298,"(169, 276, 337, 448)","(153, 298, 330, 474)"
2363412.jpg,wearing,jacket,40,43,101,200,person,105,45,90,199,0,3,243,141,244,195,"(101, 141, 200, 243)","(90, 195, 199, 244)"
2381102.jpg,sitting on,floor,73,300,225,179,vase,29,28,253,260,1,3,479,298,288,282,"(225, 298, 179, 479)","(253, 282, 260, 288)"
2345923.jpg,wearing,shirt,231,357,261,0,man,231,357,261,0,0,3,357,492,357,492,"(261, 492, 0, 357)","(261, 492, 0, 357)"
2367186.jpg,sitting on,bench,173,368,134,35,dog,79,64,139,253,1,3,403,307,317,218,"(134, 307, 35, 403)","(139, 218, 253, 317)"
2367527.jpg,sitting on,table,332,499,0,1,cake,298,277,1,1,1,3,500,332,278,299,"(0, 332, 1, 500)","(1, 299, 1, 278)"
2384773.jpg,sitting on,mantle,58,124,108,242,decorations,54,137,98,225,1,3,366,166,362,152,"(108, 166, 242, 366)","(98, 152, 225, 362)"
2364052.jpg,sitting on,bench,248,458,109,15,man,277,207,68,131,1,3,473,357,338,345,"(109, 357, 15, 473)","(68, 345, 131, 338)"
2409145.jpg,wearing,jacket,176,77,198,348,man,226,92,148,332,0,3,425,374,424,374,"(198, 374, 348, 425)","(148, 374, 332, 424)"
2396949.jpg,sitting on,shelf,82,161,205,107,basket,41,97,225,136,1,3,268,287,233,266,"(205, 287, 107, 268)","(225, 266, 136, 233)"
2384386.jpg,wearing,sunglasses,6,10,31,298,man,47,28,26,297,0,3,308,37,325,73,"(31, 37, 298, 308)","(26, 73, 297, 325)"
2359464.jpg,sitting on,couch,174,376,131,120,guy,85,104,128,255,1,3,496,305,359,213,"(131, 305, 120, 496)","(128, 213, 255, 359)"
2353100.jpg,sitting on,bench,138,419,159,32,girl,185,76,120,59,1,3,451,297,135,305,"(159, 297, 32, 451)","(120, 305, 59, 135)"
2322535.jpg,wearing,sock,14,21,362,152,woman,204,103,185,153,0,3,173,376,256,389,"(362, 376, 152, 173)","(185, 389, 153, 256)"
2337283.jpg,wearing,hat,13,14,92,63,man,132,46,93,48,0,3,77,105,94,225,"(92, 105, 63, 77)","(93, 225, 48, 94)"
2354596.jpg,sitting on,steps,115,147,70,227,person,35,21,43,323,1,3,374,185,344,78,"(70, 185, 227, 374)","(43, 78, 323, 344)"
497998.jpg,wearing,pants,80,55,431,323,man,145,67,372,314,0,3,378,511,381,517,"(431, 511, 323, 378)","(372, 517, 314, 381)"
2364731.jpg,wearing,cap,29,31,248,4,player,110,27,245,1,0,3,35,277,28,355,"(248, 277, 4, 35)","(245, 355, 1, 28)"
2354189.jpg,riding,horse,144,346,229,141,child,276,134,98,300,0,3,487,373,434,374,"(229, 373, 141, 487)","(98, 374, 300, 434)"
2347000.jpg,wearing,boots,97,175,268,273,man,209,64,150,352,0,3,448,365,416,359,"(268, 365, 273, 448)","(150, 359, 352, 416)"
2322798.jpg,wearing,pants,79,115,253,381,man,334,328,0,171,0,3,496,332,499,334,"(253, 332, 381, 496)","(0, 334, 171, 499)"
2410476.jpg,wearing,sunglasses,8,18,109,310,girl,239,70,93,273,0,3,328,117,343,332,"(109, 117, 310, 328)","(93, 332, 273, 343)"
2385198.jpg,sitting on,desk,238,463,136,33,printer,97,149,88,351,1,3,496,374,500,185,"(136, 374, 33, 496)","(88, 185, 351, 500)"
2390403.jpg,says,barcelona,142,483,164,11,sign,144,480,163,10,0,3,494,306,490,307,"(164, 306, 11, 494)","(163, 307, 10, 490)"
2382665.jpg,sitting on,couch,240,321,91,1,person,331,410,1,89,1,3,322,331,499,332,"(91, 331, 1, 322)","(1, 332, 89, 499)"
2407649.jpg,sitting on,beach,247,288,127,211,man,45,37,123,457,1,3,499,374,494,168,"(127, 374, 211, 499)","(123, 168, 457, 494)"
2349103.jpg,sitting on,bench,19,89,152,380,kids,39,33,134,409,1,3,469,171,442,173,"(152, 171, 380, 469)","(134, 173, 409, 442)"
2371005.jpg,wearing,jeans,190,160,28,47,person,210,178,0,58,0,3,207,218,236,210,"(28, 218, 47, 207)","(0, 210, 58, 236)"
2365985.jpg,sitting on,carriage,177,357,76,23,person,103,74,34,46,1,3,380,253,120,137,"(76, 253, 23, 380)","(34, 137, 46, 120)"
2355392.jpg,watching,pitcher,359,282,76,60,man,295,112,9,379,0,3,342,435,491,304,"(76, 435, 60, 342)","(9, 304, 379, 491)"
2375387.jpg,sitting on,bench,80,148,179,13,person,80,46,151,89,1,3,161,259,135,231,"(179, 259, 13, 161)","(151, 231, 89, 135)"
2326522.jpg,standing on,grass,48,363,149,135,cow,12,15,176,247,0,3,498,197,262,188,"(149, 197, 135, 498)","(176, 188, 247, 262)"
2403183.jpg,wearing,hat,10,13,171,430,person,122,45,172,410,0,3,443,181,455,294,"(171, 181, 430, 443)","(172, 294, 410, 455)"
2324528.jpg,sitting on,table,322,483,6,5,napkin,234,275,94,4,1,3,488,328,279,328,"(6, 328, 5, 488)","(94, 328, 4, 279)"
2345822.jpg,sitting on,seat,81,188,293,226,woman,258,89,22,297,1,3,414,374,386,280,"(293, 374, 226, 414)","(22, 280, 297, 386)"
2366821.jpg,sitting on,table,225,371,219,2,glass,198,73,168,243,1,3,373,444,316,366,"(219, 444, 2, 373)","(168, 366, 243, 316)"
2381621.jpg,wearing,slippers,78,49,392,194,boy,257,196,218,47,0,3,243,470,243,475,"(392, 470, 194, 243)","(218, 475, 47, 243)"
2325274.jpg,wearing,hat,22,38,147,39,woman,182,77,147,10,0,3,77,169,87,329,"(147, 169, 39, 77)","(147, 329, 10, 87)"
2400145.jpg,flying in,sky,436,477,10,11,airplane,36,48,151,205,0,3,488,446,253,187,"(10, 446, 11, 488)","(151, 187, 205, 253)"
2403233.jpg,sitting on,stand,19,122,235,254,computer,119,116,127,252,1,3,376,254,368,246,"(235, 254, 254, 376)","(127, 246, 252, 368)"
2388010.jpg,sitting on,car,188,415,122,14,cat,34,32,139,309,1,3,429,310,341,173,"(122, 310, 14, 429)","(139, 173, 309, 341)"
2373848.jpg,sitting on,shelf,68,495,306,1,sign,270,350,86,80,1,3,496,374,430,356,"(306, 374, 1, 496)","(86, 356, 80, 430)"
2326796.jpg,sitting on,bench,34,80,254,350,female,21,21,242,374,1,3,430,288,395,263,"(254, 288, 350, 430)","(242, 263, 374, 395)"
2402548.jpg,sitting on,shelf,14,82,64,417,canisters,10,21,59,450,1,3,499,78,471,69,"(64, 78, 417, 499)","(59, 69, 450, 471)"
2374131.jpg,sitting on,desk,141,200,99,109,book,47,75,107,262,1,3,309,240,337,154,"(99, 240, 109, 309)","(107, 154, 262, 337)"
2353308.jpg,walking in,city,334,499,0,0,person,35,11,269,138,0,3,499,334,149,304,"(0, 334, 0, 499)","(269, 304, 138, 149)"
2323007.jpg,sitting on,sidewalk,30,498,265,0,person,28,19,256,289,1,3,498,295,308,284,"(265, 295, 0, 498)","(256, 284, 289, 308)"
2393800.jpg,sitting on,couch,155,177,137,45,dog,76,46,132,118,1,3,222,292,164,208,"(137, 292, 45, 222)","(132, 208, 118, 164)"
2412288.jpg,carrying,backpack,8,4,131,68,man,54,35,123,56,0,3,72,139,91,177,"(131, 139, 68, 72)","(123, 177, 56, 91)"
2380237.jpg,sitting on,grass,221,499,112,0,person,97,56,9,444,1,3,499,333,500,106,"(112, 333, 0, 499)","(9, 106, 444, 500)"
2400288.jpg,sitting on,counter,145,346,240,0,lotion,21,13,246,235,1,3,346,385,248,267,"(240, 385, 0, 346)","(246, 267, 235, 248)"
2403417.jpg,wearing,belt,12,54,380,227,catcher,162,146,278,192,0,3,281,392,338,440,"(380, 392, 227, 281)","(278, 440, 192, 338)"
115.jpg,sitting on,leather,75,255,93,1,woman,155,74,15,134,1,3,256,168,208,170,"(93, 168, 1, 256)","(15, 170, 134, 208)"
2371579.jpg,wearing,pants,39,21,437,238,man,78,28,404,236,0,3,259,476,264,482,"(437, 476, 238, 259)","(404, 482, 236, 264)"
2404394.jpg,wearing,hoodie,64,43,48,72,person,125,41,51,71,0,3,115,112,112,176,"(48, 112, 72, 115)","(51, 176, 71, 112)"
2364657.jpg,standing on,rock,182,496,190,2,bird,52,48,158,261,0,3,498,372,309,210,"(190, 372, 2, 498)","(158, 210, 261, 309)"
2349744.jpg,sitting on,ground,92,126,220,358,spectator,29,23,195,405,1,3,484,312,428,224,"(220, 312, 358, 484)","(195, 224, 405, 428)"
2344807.jpg,wearing,backpack,27,39,87,28,man,128,64,70,17,0,3,67,114,81,198,"(87, 114, 28, 67)","(70, 198, 17, 81)"
2316707.jpg,sitting on,bleacher,42,332,90,163,person,100,46,31,312,1,3,495,132,358,131,"(90, 132, 163, 495)","(31, 131, 312, 358)"
2330758.jpg,painted on,boat,234,257,98,24,letters,21,12,272,82,0,3,281,332,94,293,"(98, 332, 24, 281)","(272, 293, 82, 94)"
2370427.jpg,wearing,wetsuit,52,85,129,249,kid,102,130,65,235,0,3,334,181,365,167,"(129, 181, 249, 334)","(65, 167, 235, 365)"
2414571.jpg,watching,boys,300,266,78,118,people,134,69,128,3,0,3,384,378,72,262,"(78, 378, 118, 384)","(128, 262, 3, 72)"
2407738.jpg,sitting on,horse,364,133,136,111,woman,300,188,43,73,1,3,244,500,261,343,"(136, 500, 111, 244)","(43, 343, 73, 261)"
3153.jpg,sitting on,bench,36,90,385,588,couple,101,126,337,560,1,3,678,421,686,438,"(385, 421, 588, 678)","(337, 438, 560, 686)"
2354738.jpg,wearing,goggles,10,25,118,309,man,188,92,109,272,0,3,334,128,364,297,"(118, 128, 309, 334)","(109, 297, 272, 364)"
2386393.jpg,sitting on,doily,86,127,377,134,dessert,56,94,392,153,1,3,261,463,247,448,"(377, 463, 134, 261)","(392, 448, 153, 247)"
2326536.jpg,sitting on,table,230,499,1,0,magazine,104,110,0,0,1,3,499,231,110,104,"(1, 231, 0, 499)","(0, 104, 0, 110)"
2362186.jpg,riding,motorcycle,87,62,159,290,person,44,30,135,354,0,3,352,246,384,179,"(159, 246, 290, 352)","(135, 179, 354, 384)"
2385548.jpg,playing,hockey,126,209,213,167,men,338,498,103,0,0,3,376,339,498,441,"(213, 339, 167, 376)","(103, 441, 0, 498)"
2335460.jpg,wearing,dress,240,157,141,102,girl,368,290,91,70,0,3,259,381,360,459,"(141, 381, 102, 259)","(91, 459, 70, 360)"
2388316.jpg,sitting on,refrigerator,104,316,227,43,cat,127,90,122,216,1,3,359,331,306,249,"(227, 331, 43, 359)","(122, 249, 216, 306)"
86.jpg,sitting on,train,302,358,23,58,person,91,102,167,79,1,3,416,325,181,258,"(23, 325, 58, 416)","(167, 258, 79, 181)"
2404578.jpg,eating,grass,150,370,224,53,elephant,205,295,41,26,0,3,423,374,321,246,"(224, 374, 53, 423)","(41, 246, 26, 321)"
2384232.jpg,flying in,sky,483,357,4,4,planes,99,176,235,106,0,3,361,487,282,334,"(4, 487, 4, 361)","(235, 334, 106, 282)"
587.jpg,wearing,brown,214,147,286,635,woman,270,93,308,650,0,3,782,500,743,578,"(286, 500, 635, 782)","(308, 578, 650, 743)"
2373440.jpg,covering,people,177,52,57,217,umbrella,34,52,40,91,0,3,269,234,143,74,"(57, 234, 217, 269)","(40, 74, 91, 143)"
2335243.jpg,sitting on,rug,110,380,263,0,chair,156,113,158,23,1,3,380,373,136,314,"(263, 373, 0, 380)","(158, 314, 23, 136)"
2321684.jpg,wearing,helmet,14,15,120,99,man,86,62,122,94,0,3,114,134,156,208,"(120, 134, 99, 114)","(122, 208, 94, 156)"
2352764.jpg,sitting on,rock,105,302,393,24,backpack,68,153,430,138,1,3,326,498,291,498,"(393, 498, 24, 326)","(430, 498, 138, 291)"
2386798.jpg,covered in,snow,110,496,137,1,bushes,22,170,119,1,0,3,497,247,171,141,"(137, 247, 1, 497)","(119, 141, 1, 171)"
2404381.jpg,sitting on,desk,221,495,3,5,paper,117,122,80,298,1,3,500,224,420,197,"(3, 224, 5, 500)","(80, 197, 298, 420)"
2373902.jpg,wearing,tie,134,25,125,134,man,453,151,40,80,0,3,159,259,231,493,"(125, 259, 134, 159)","(40, 493, 80, 231)"
2335623.jpg,sitting on,bed,212,418,159,79,boy,119,72,101,123,1,3,497,371,195,220,"(159, 371, 79, 497)","(101, 220, 123, 195)"
2366154.jpg,wearing,hat,20,40,121,353,person,132,82,186,318,0,3,393,141,400,318,"(121, 141, 353, 393)","(186, 318, 318, 400)"
2364909.jpg,covering,floor,87,372,411,0,tile,43,90,454,159,0,3,372,498,249,497,"(411, 498, 0, 372)","(454, 497, 159, 249)"
2385656.jpg,wearing,shirt,40,25,99,411,man,104,27,84,411,0,3,436,139,438,188,"(99, 139, 411, 436)","(84, 188, 411, 438)"
2382381.jpg,wearing,shoes,26,111,279,210,man,297,121,7,206,0,3,321,305,327,304,"(279, 305, 210, 321)","(7, 304, 206, 327)"
2359264.jpg,wearing,shoe,26,21,148,199,person,98,118,74,102,0,3,220,174,220,172,"(148, 174, 199, 220)","(74, 172, 102, 220)"
2334622.jpg,sitting on,ground,84,357,275,60,boy,178,228,113,18,1,3,417,359,246,291,"(275, 359, 60, 417)","(113, 291, 18, 246)"
2413043.jpg,sitting on,snow,178,202,151,296,boy,52,60,169,167,1,3,498,329,227,221,"(151, 329, 296, 498)","(169, 221, 167, 227)"
2408253.jpg,sitting on,bench,68,249,209,3,lady,169,54,116,64,1,3,252,277,118,285,"(209, 277, 3, 252)","(116, 285, 64, 118)"
2370209.jpg,sitting on,shelf,37,205,98,0,object,27,56,78,63,1,3,205,135,119,105,"(98, 135, 0, 205)","(78, 105, 63, 119)"
2395398.jpg,sitting on,table,41,46,106,194,plates,23,27,175,82,1,3,240,147,109,198,"(106, 147, 194, 240)","(175, 198, 82, 109)"
2399588.jpg,sitting on,cabinet,214,114,162,253,microwave,70,71,125,254,1,3,367,376,325,195,"(162, 376, 253, 367)","(125, 195, 254, 325)"
2398827.jpg,sitting on,nightstand,58,76,171,3,book,14,47,180,3,1,3,79,229,50,194,"(171, 229, 3, 79)","(180, 194, 3, 50)"
2335219.jpg,wearing,shirt,49,27,156,470,man,105,53,142,442,0,3,497,205,495,247,"(156, 205, 470, 497)","(142, 247, 442, 495)"
2406003.jpg,sitting on,counter,212,133,146,122,cat,96,53,88,123,1,3,255,358,176,184,"(146, 358, 122, 255)","(88, 184, 123, 176)"
2378331.jpg,wearing,shoe,29,51,380,248,man,400,116,21,181,0,3,299,409,297,421,"(380, 409, 248, 299)","(21, 421, 181, 297)"
2342228.jpg,sitting on,pole,174,140,198,318,bird,49,53,2,145,1,3,458,372,198,51,"(198, 372, 318, 458)","(2, 51, 145, 198)"
713660.jpg,wearing,shorts,32,35,490,841,person,156,59,427,828,0,3,876,522,887,583,"(490, 522, 841, 876)","(427, 583, 828, 887)"
2318121.jpg,sitting on,table,77,92,122,56,lamp,82,49,49,76,1,3,148,199,125,131,"(122, 199, 56, 148)","(49, 131, 76, 125)"
2405583.jpg,growing on,hillside,233,498,2,1,bushes,165,355,74,77,0,3,499,235,432,239,"(2, 235, 1, 499)","(74, 239, 77, 432)"
2322880.jpg,sitting on,bench,42,122,229,150,person,68,33,204,195,1,3,272,271,228,272,"(229, 271, 150, 272)","(204, 272, 195, 228)"
2409130.jpg,wearing,helmet,52,61,132,204,player,334,257,134,74,0,3,265,184,331,468,"(132, 184, 204, 265)","(134, 468, 74, 331)"
2417943.jpg,sitting on,motorcycle,222,359,87,99,man,273,158,53,211,1,3,458,309,369,326,"(87, 309, 99, 458)","(53, 326, 211, 369)"
2384272.jpg,sitting on,shelf,33,113,204,1,cup,25,23,193,17,1,3,114,237,40,218,"(204, 237, 1, 114)","(193, 218, 17, 40)"
2348098.jpg,sitting on,table,79,486,294,12,glass,67,62,307,312,1,3,498,373,374,374,"(294, 373, 12, 498)","(307, 374, 312, 374)"
2390488.jpg,wearing,shirt,168,172,186,190,girl,300,193,72,184,0,3,362,354,377,372,"(186, 354, 190, 362)","(72, 372, 184, 377)"
2352285.jpg,sitting on,ground,147,402,207,95,people,270,477,75,13,1,3,497,354,490,345,"(207, 354, 95, 497)","(75, 345, 13, 490)"
2148.jpg,sitting on,rack,500,197,86,154,bowl,32,139,277,183,1,3,351,586,322,309,"(86, 586, 154, 351)","(277, 309, 183, 322)"
2369193.jpg,sitting on,bench,164,190,185,188,couple,232,193,121,141,1,3,378,349,334,353,"(185, 349, 188, 378)","(121, 353, 141, 334)"
2353406.jpg,walking in,road,45,394,282,2,person,43,14,220,57,0,3,396,327,71,263,"(282, 327, 2, 396)","(220, 263, 57, 71)"
2368662.jpg,riding,elephant,219,286,112,88,tourist,111,92,30,230,0,3,374,331,322,141,"(112, 331, 88, 374)","(30, 141, 230, 322)"
2359087.jpg,hanging from,ceiling,64,499,0,0,light,37,44,85,113,0,3,499,64,157,122,"(0, 64, 0, 499)","(85, 122, 113, 157)"
2350860.jpg,sitting on,chair,77,153,28,336,bag,105,135,50,308,1,3,489,105,443,155,"(28, 105, 336, 489)","(50, 155, 308, 443)"
2377480.jpg,mounted on,wall,297,280,0,0,fixture,22,49,0,117,0,3,280,297,166,22,"(0, 297, 0, 280)","(0, 22, 117, 166)"
2368659.jpg,sitting on,player,102,92,0,118,player,102,74,0,195,1,3,210,102,269,102,"(0, 102, 118, 210)","(0, 102, 195, 269)"
2362477.jpg,sitting on,floor,195,364,136,4,person,253,220,65,222,1,3,368,331,442,318,"(136, 331, 4, 368)","(65, 318, 222, 442)"
2328173.jpg,covered in,snow,308,497,65,0,trees,95,306,3,192,0,3,497,373,498,98,"(65, 373, 0, 497)","(3, 98, 192, 498)"
2336148.jpg,sitting on,elephant,315,293,183,54,couple,194,147,35,155,1,3,347,498,302,229,"(183, 498, 54, 347)","(35, 229, 155, 302)"
2402197.jpg,wearing,cap,25,30,45,35,man,297,137,32,183,0,3,65,70,320,329,"(45, 70, 35, 65)","(32, 329, 183, 320)"
2395327.jpg,walking in,road,119,374,56,0,cow,57,42,89,237,0,3,374,175,279,146,"(56, 175, 0, 374)","(89, 146, 237, 279)"
2350249.jpg,sitting on,counter,54,113,278,284,cookbook,36,30,242,327,1,3,397,332,357,278,"(278, 332, 284, 397)","(242, 278, 327, 357)"
2366672.jpg,sitting on,chair,65,50,185,333,person,85,73,161,302,1,3,383,250,375,246,"(185, 250, 333, 383)","(161, 246, 302, 375)"
2343359.jpg,wearing,eyeglasses,27,86,124,118,guy,241,366,89,105,0,3,204,151,471,330,"(124, 151, 118, 204)","(89, 330, 105, 471)"
2337401.jpg,sitting on,bench,102,192,159,3,person,42,27,131,161,1,3,195,261,188,173,"(159, 261, 3, 195)","(131, 173, 161, 188)"
2370742.jpg,sitting on,table,50,87,198,47,lamp,118,59,116,78,1,3,134,248,137,234,"(198, 248, 47, 134)","(116, 234, 78, 137)"
2318322.jpg,sitting on,bleachers,17,191,184,0,people,79,166,133,7,1,3,191,201,173,212,"(184, 201, 0, 191)","(133, 212, 7, 173)"
2365594.jpg,wearing,hat,69,64,24,301,man,295,223,29,229,0,3,365,93,452,324,"(24, 93, 301, 365)","(29, 324, 229, 452)"
2383135.jpg,wearing,jacket,33,37,184,256,snowboarder,105,59,171,246,0,3,293,217,305,276,"(184, 217, 256, 293)","(171, 276, 246, 305)"
2392957.jpg,sitting on,saucer,50,90,302,175,mug,303,270,30,42,1,3,265,352,312,333,"(302, 352, 175, 265)","(30, 333, 42, 312)"
2351982.jpg,says,phoenix,34,117,165,248,sign,245,282,22,207,0,3,365,199,489,267,"(165, 199, 248, 365)","(22, 267, 207, 489)"
2369439.jpg,sitting on,tire,45,132,214,128,person,68,114,167,132,1,3,260,259,246,235,"(214, 259, 128, 260)","(167, 235, 132, 246)"
2358537.jpg,sitting on,shelf,22,29,278,408,blender,50,32,237,413,1,3,437,300,445,287,"(278, 300, 408, 437)","(237, 287, 413, 445)"
2380525.jpg,sitting on,chair,54,24,137,345,referee,30,21,121,352,1,3,369,191,373,151,"(137, 191, 345, 369)","(121, 151, 352, 373)"
2415221.jpg,sitting on,book,112,152,98,0,cat,248,466,23,32,1,3,152,210,498,271,"(98, 210, 0, 152)","(23, 271, 32, 498)"
2405287.jpg,wearing,jeans,18,13,412,400,boy,47,16,387,398,0,3,413,430,414,434,"(412, 430, 400, 413)","(387, 434, 398, 414)"
2417725.jpg,riding,horse,62,39,187,65,woman,65,30,156,76,0,3,104,249,106,221,"(187, 249, 65, 104)","(156, 221, 76, 106)"
2393425.jpg,wearing,shirt,62,56,118,100,batter,196,120,98,67,0,3,156,180,187,294,"(118, 180, 100, 156)","(98, 294, 67, 187)"
2402219.jpg,sitting on,table,41,157,371,334,bowl,17,40,372,391,1,3,491,412,431,389,"(371, 412, 334, 491)","(372, 389, 391, 431)"
2407231.jpg,sitting on,elephant,90,85,116,182,people,30,59,73,194,1,3,267,206,253,103,"(116, 206, 182, 267)","(73, 103, 194, 253)"
2374758.jpg,parked on,grass,75,120,242,310,bicycle,71,54,160,394,0,3,430,317,448,231,"(242, 317, 310, 430)","(160, 231, 394, 448)"
2354688.jpg,sitting on,cart,353,498,1,2,luggage,156,227,73,22,1,3,500,354,249,229,"(1, 354, 2, 500)","(73, 229, 22, 249)"
2399755.jpg,using,phone,15,15,38,256,woman,302,85,12,205,0,3,271,53,290,314,"(38, 53, 256, 271)","(12, 314, 205, 290)"
2328318.jpg,wearing,tie,85,64,309,227,man,495,438,3,28,0,3,291,394,466,498,"(309, 394, 227, 291)","(3, 498, 28, 466)"
2366842.jpg,wearing,shirt,112,114,149,159,boy,386,207,77,78,0,3,273,261,285,463,"(149, 261, 159, 273)","(77, 463, 78, 285)"
2387988.jpg,sitting on,bench,178,367,274,2,women,125,187,156,138,1,3,369,452,325,281,"(274, 452, 2, 369)","(156, 281, 138, 325)"
2354531.jpg,wearing,pants,26,28,132,201,man,107,67,95,190,0,3,229,158,257,202,"(132, 158, 201, 229)","(95, 202, 190, 257)"
