source_img,predicate,object_category,object_h,object_w,object_y,object_x,subject_category,subject_h,subject_w,subject_y,subject_x,y,channels,object_x_max,object_y_max,subject_x_max,subject_y_max,object_bbox,subject_bbox
2345906.jpg,wearing,vest,100,63,72,103,person,185,63,58,101,0,3,166,172,164,243,"(72, 172, 103, 166)","(58, 243, 101, 164)"
2395670.jpg,wearing,ribbon,52,74,151,115,dog,266,333,76,78,0,3,189,203,411,342,"(151, 203, 115, 189)","(76, 342, 78, 411)"
2366510.jpg,walking on,street,57,178,142,292,person,131,62,15,309,0,3,470,199,371,146,"(142, 199, 292, 470)","(15, 146, 309, 371)"
2395924.jpg,wearing,socks,38,78,460,77,child,462,151,35,41,0,3,155,498,192,497,"(460, 498, 77, 155)","(35, 497, 41, 192)"
2396479.jpg,sitting on,furniture,114,111,251,388,person,161,110,94,388,1,3,499,365,498,255,"(251, 365, 388, 499)","(94, 255, 388, 498)"
2381670.jpg,sitting on,ground,27,86,306,200,woman,91,64,229,227,1,3,286,333,291,320,"(306, 333, 200, 286)","(229, 320, 227, 291)"
2395486.jpg,wearing,suit,59,90,55,207,woman,101,92,11,208,0,3,297,114,300,112,"(55, 114, 207, 297)","(11, 112, 208, 300)"
2406303.jpg,watching,snowboarder,78,89,106,174,bystander,69,105,263,7,0,3,263,184,112,332,"(106, 184, 174, 263)","(263, 332, 7, 112)"
2404967.jpg,playing,frisbee,23,64,175,159,man,302,104,44,145,0,3,223,198,249,346,"(175, 198, 159, 223)","(44, 346, 145, 249)"
2394800.jpg,sitting on,beach,38,498,226,1,people,13,26,247,100,1,3,499,264,126,260,"(226, 264, 1, 499)","(247, 260, 100, 126)"
2355433.jpg,covering,building,180,127,40,243,tree,209,98,13,325,0,3,370,220,423,222,"(40, 220, 243, 370)","(13, 222, 325, 423)"
2412839.jpg,using,laptop,123,162,136,48,man,223,130,18,1,0,3,210,259,131,241,"(136, 259, 48, 210)","(18, 241, 1, 131)"
2386903.jpg,sitting on,bench,92,110,173,46,woman,123,109,146,49,1,3,156,265,158,269,"(173, 265, 46, 156)","(146, 269, 49, 158)"
2340745.jpg,sitting on,floor,143,331,230,145,woman,340,294,34,103,1,3,476,373,397,374,"(230, 373, 145, 476)","(34, 374, 103, 397)"
2370212.jpg,sitting on,bed,316,333,180,0,dog,133,138,186,87,1,3,333,496,225,319,"(180, 496, 0, 333)","(186, 319, 87, 225)"
2320604.jpg,covering,sidewalk,131,240,109,216,block,22,37,190,319,0,3,456,240,356,212,"(109, 240, 216, 456)","(190, 212, 319, 356)"
2364052.jpg,wearing,boot,55,52,286,156,man,277,207,68,131,0,3,208,341,338,345,"(286, 341, 156, 208)","(68, 345, 131, 338)"
4914.jpg,sitting on,floor,66,347,184,1,table,104,136,147,49,1,3,348,250,185,251,"(184, 250, 1, 348)","(147, 251, 49, 185)"
2316043.jpg,riding,skateboard,16,95,156,28,man,107,78,74,45,0,3,123,172,123,181,"(156, 172, 28, 123)","(74, 181, 45, 123)"
2380957.jpg,wearing,ski,48,114,147,165,skier,77,78,100,192,0,3,279,195,270,177,"(147, 195, 165, 279)","(100, 177, 192, 270)"
2393671.jpg,sitting on,ledge,210,372,217,2,cat,189,185,215,157,1,3,374,427,342,404,"(217, 427, 2, 374)","(215, 404, 157, 342)"
285649.jpg,sitting on,napkin,65,76,872,195,spoon,65,37,884,200,1,3,271,937,237,949,"(872, 937, 195, 271)","(884, 949, 200, 237)"
2373101.jpg,sitting on,blanket,372,276,1,86,baby,275,181,78,170,1,3,362,373,351,353,"(1, 373, 86, 362)","(78, 353, 170, 351)"
2344647.jpg,sitting on,chair,212,135,119,233,woman,250,107,81,256,1,3,368,331,363,331,"(119, 331, 233, 368)","(81, 331, 256, 363)"
1422.jpg,growing on,tree,329,294,6,106,leaf,8,5,7,301,0,3,400,335,306,15,"(6, 335, 106, 400)","(7, 15, 301, 306)"
2341817.jpg,wearing,shirt,40,20,127,177,lady,53,20,114,180,0,3,197,167,200,167,"(127, 167, 177, 197)","(114, 167, 180, 200)"
2408922.jpg,wearing,hat,31,42,108,128,player,227,113,105,88,0,3,170,139,201,332,"(108, 139, 128, 170)","(105, 332, 88, 201)"
2362295.jpg,wearing,plaid,59,58,231,55,man,86,53,212,54,0,3,113,290,107,298,"(231, 290, 55, 113)","(212, 298, 54, 107)"
2385968.jpg,carrying,purse,13,14,231,223,woman,75,28,203,212,0,3,237,244,240,278,"(231, 244, 223, 237)","(203, 278, 212, 240)"
2399634.jpg,painted on,street,29,49,292,30,line,7,17,303,92,0,3,79,321,109,310,"(292, 321, 30, 79)","(303, 310, 92, 109)"
2383509.jpg,walking in,snow,140,490,205,7,people,48,28,209,417,0,3,497,345,445,257,"(205, 345, 7, 497)","(209, 257, 417, 445)"
2381840.jpg,sitting on,bed,331,499,1,0,laptop,263,472,70,7,1,3,499,332,479,333,"(1, 332, 0, 499)","(70, 333, 7, 479)"
2391663.jpg,sitting on,beach,157,443,172,40,boat,54,144,190,207,1,3,483,329,351,244,"(172, 329, 40, 483)","(190, 244, 207, 351)"
2354907.jpg,sitting on,table,225,369,274,5,phone,43,52,312,44,1,3,374,499,96,355,"(274, 499, 5, 374)","(312, 355, 44, 96)"
1159374.jpg,sitting on,bench,523,692,94,297,man,509,276,59,562,1,3,989,617,838,568,"(94, 617, 297, 989)","(59, 568, 562, 838)"
2389106.jpg,carrying,surfboard,40,30,161,254,man,82,36,145,237,0,3,284,201,273,227,"(161, 201, 254, 284)","(145, 227, 237, 273)"
2322634.jpg,sitting on,televison,183,166,66,232,statue,68,55,9,338,1,3,398,249,393,77,"(66, 249, 232, 398)","(9, 77, 338, 393)"
2339351.jpg,sitting on,table,330,370,1,128,tray,174,327,77,111,1,3,498,331,438,251,"(1, 331, 128, 498)","(77, 251, 111, 438)"
2384022.jpg,sitting on,stand,15,79,187,379,sign,52,66,145,388,1,3,458,202,454,197,"(187, 202, 379, 458)","(145, 197, 388, 454)"
2390070.jpg,lying on,road,295,270,38,229,pebble,10,9,257,412,0,3,499,333,421,267,"(38, 333, 229, 499)","(257, 267, 412, 421)"
2414707.jpg,carrying,dogs,149,373,64,95,boat,90,429,144,36,0,3,468,213,465,234,"(64, 213, 95, 468)","(144, 234, 36, 465)"
2341284.jpg,sitting on,field,63,496,268,0,person,22,12,280,17,1,3,496,331,29,302,"(268, 331, 0, 496)","(280, 302, 17, 29)"
2324764.jpg,wearing,sweater,260,203,79,29,woman,349,235,21,24,0,3,232,339,259,370,"(79, 339, 29, 232)","(21, 370, 24, 259)"
2371313.jpg,sitting on,motorcycle,191,315,164,8,woman,167,99,152,38,1,3,323,355,137,319,"(164, 355, 8, 323)","(152, 319, 38, 137)"
2401486.jpg,sitting on,motorbike,106,139,193,336,man,112,59,200,364,1,3,475,299,423,312,"(193, 299, 336, 475)","(200, 312, 364, 423)"
2379484.jpg,sitting on,trail,151,196,217,50,people,226,208,84,211,1,3,246,368,419,310,"(217, 368, 50, 246)","(84, 310, 211, 419)"
2330992.jpg,sitting on,wheel,207,175,172,299,numbers,31,45,177,385,1,3,474,379,430,208,"(172, 379, 299, 474)","(177, 208, 385, 430)"
2393266.jpg,wearing,vest,35,36,172,261,person,112,53,154,258,0,3,297,207,311,266,"(172, 207, 261, 297)","(154, 266, 258, 311)"
2371537.jpg,growing on,trees,89,250,4,188,flowers,56,96,10,299,0,3,438,93,395,66,"(4, 93, 188, 438)","(10, 66, 299, 395)"
2401050.jpg,sitting on,counter,158,473,175,26,clock,59,58,250,392,1,3,499,333,450,309,"(175, 333, 26, 499)","(250, 309, 392, 450)"
2325707.jpg,sitting on,sailboat,87,46,133,87,person,26,50,200,71,1,3,133,220,121,226,"(133, 220, 87, 133)","(200, 226, 71, 121)"
2330109.jpg,sitting on,branch,238,332,54,0,parrot,363,157,67,108,1,3,332,292,265,430,"(54, 292, 0, 332)","(67, 430, 108, 265)"
2403495.jpg,sitting on,motorcycle,331,451,1,47,bear,248,227,61,200,1,3,498,332,427,309,"(1, 332, 47, 498)","(61, 309, 200, 427)"
2374989.jpg,sitting on,floor,376,331,122,2,boy,498,329,0,0,1,3,333,498,329,498,"(122, 498, 2, 333)","(0, 498, 0, 329)"
2384648.jpg,sitting on,ground,373,499,1,0,animal,252,202,118,152,1,3,499,374,354,370,"(1, 374, 0, 499)","(118, 370, 152, 354)"
2378025.jpg,walking in,snow,320,442,25,23,people,17,30,12,152,0,3,465,345,182,29,"(25, 345, 23, 465)","(12, 29, 152, 182)"
2319192.jpg,sitting on,bench,41,49,127,73,person,35,40,92,43,1,3,122,168,83,127,"(127, 168, 73, 122)","(92, 127, 43, 83)"
2345767.jpg,wearing,glove,27,36,88,242,child,220,134,2,144,0,3,278,115,278,222,"(88, 115, 242, 278)","(2, 222, 144, 278)"
2384962.jpg,sitting on,pavement,122,497,253,2,bus,89,155,192,241,1,3,499,375,396,281,"(253, 375, 2, 499)","(192, 281, 241, 396)"
2343433.jpg,sitting on,bench,56,200,202,176,woman,178,97,101,336,1,3,376,258,433,279,"(202, 258, 176, 376)","(101, 279, 336, 433)"
2352094.jpg,walking on,grass,141,492,230,6,horse,90,117,283,100,0,3,498,371,217,373,"(230, 371, 6, 498)","(283, 373, 100, 217)"
2365523.jpg,sitting on,ground,181,331,317,0,bag,60,116,277,91,1,3,331,498,207,337,"(317, 498, 0, 331)","(277, 337, 91, 207)"
2320368.jpg,sitting on,couch,60,90,269,409,people,85,47,246,447,1,3,499,329,494,331,"(269, 329, 409, 499)","(246, 331, 447, 494)"
2369505.jpg,carrying,bag,85,66,128,88,man,190,92,46,131,0,3,154,213,223,236,"(128, 213, 88, 154)","(46, 236, 131, 223)"
2389505.jpg,wearing,hat,27,40,69,173,boy,107,127,70,113,0,3,213,96,240,177,"(69, 96, 173, 213)","(70, 177, 113, 240)"
1592930.jpg,wearing,shirt,17,21,714,373,girl,75,39,698,366,0,3,394,731,405,773,"(714, 731, 373, 394)","(698, 773, 366, 405)"
2346883.jpg,sitting on,stairs,96,223,190,276,person,107,84,153,344,1,3,499,286,428,260,"(190, 286, 276, 499)","(153, 260, 344, 428)"
2370025.jpg,sitting on,bench,228,246,110,85,pigeon,41,45,83,218,1,3,331,338,263,124,"(110, 338, 85, 331)","(83, 124, 218, 263)"
2363794.jpg,sitting on,counter,91,160,174,1,bottle,17,11,177,95,1,3,161,265,106,194,"(174, 265, 1, 161)","(177, 194, 95, 106)"
2412496.jpg,sitting on,platform,20,54,102,301,microphone,85,47,57,307,1,3,355,122,354,142,"(102, 122, 301, 355)","(57, 142, 307, 354)"
2348870.jpg,wearing,shoe,21,30,191,7,boy,212,74,0,1,0,3,37,212,75,212,"(191, 212, 7, 37)","(0, 212, 1, 75)"
2350806.jpg,sitting on,table,149,329,321,1,bottle,176,57,173,0,1,3,330,470,57,349,"(321, 470, 1, 330)","(173, 349, 0, 57)"
2412974.jpg,carrying,bag,36,20,129,68,man,139,42,44,69,0,3,88,165,111,183,"(129, 165, 68, 88)","(44, 183, 69, 111)"
2408090.jpg,watching,woman,313,125,92,0,girls,317,454,87,46,0,3,125,405,500,404,"(92, 405, 0, 125)","(87, 404, 46, 500)"
2324026.jpg,sitting on,table,78,89,226,7,phone,18,34,205,19,1,3,96,304,53,223,"(226, 304, 7, 96)","(205, 223, 19, 53)"
2330666.jpg,watching,kites,123,115,20,105,people,60,51,147,118,0,3,220,143,169,207,"(20, 143, 105, 220)","(147, 207, 118, 169)"
2372679.jpg,sitting on,bench,26,32,118,406,person,31,26,111,391,1,3,438,144,417,142,"(118, 144, 406, 438)","(111, 142, 391, 417)"
2334976.jpg,sitting on,bench,127,210,308,62,female,166,99,148,340,1,3,272,435,439,314,"(308, 435, 62, 272)","(148, 314, 340, 439)"
713374.jpg,sitting on,desk,695,1273,261,5,spoons,344,167,594,645,1,3,1278,956,812,938,"(261, 956, 5, 1278)","(594, 938, 645, 812)"
285749.jpg,sitting on,table,509,861,197,155,bowl,130,174,345,268,1,3,1016,706,442,475,"(197, 706, 155, 1016)","(345, 475, 268, 442)"
2354264.jpg,sitting on,scooter,325,289,4,34,helmet,37,55,86,244,1,3,323,329,299,123,"(4, 329, 34, 323)","(86, 123, 244, 299)"
3379.jpg,sitting on,beach,184,800,410,0,person,27,23,405,375,1,3,800,594,398,432,"(410, 594, 0, 800)","(405, 432, 375, 398)"
2392286.jpg,sitting on,couch,167,388,129,20,man,143,74,69,325,1,3,408,296,399,212,"(129, 296, 20, 408)","(69, 212, 325, 399)"
1159794.jpg,wearing,shirt,140,196,264,106,girl,206,196,199,109,0,3,302,404,305,405,"(264, 404, 106, 302)","(199, 405, 109, 305)"
1592998.jpg,growing on,plant,123,141,342,76,leaf,48,40,395,144,0,3,217,465,184,443,"(342, 465, 76, 217)","(395, 443, 144, 184)"
2335661.jpg,sitting on,chair,52,54,306,243,someone,74,77,290,244,1,3,297,358,321,364,"(306, 358, 243, 297)","(290, 364, 244, 321)"
2387732.jpg,playing,frisbee,479,406,19,3,man,326,142,80,268,0,3,409,498,410,406,"(19, 498, 3, 409)","(80, 406, 268, 410)"
2392728.jpg,wearing,bib,119,229,212,37,child,326,396,4,0,0,3,266,331,396,330,"(212, 331, 37, 266)","(4, 330, 0, 396)"
2402891.jpg,sitting on,grass,279,306,221,3,girl,113,36,325,2,1,3,309,500,38,438,"(221, 500, 3, 309)","(325, 438, 2, 38)"
2337503.jpg,sitting on,ground,73,490,282,6,catcher,140,110,187,300,1,3,496,355,410,327,"(282, 355, 6, 496)","(187, 327, 300, 410)"
2393931.jpg,eating,banana,94,103,108,62,baby,143,246,67,4,0,3,165,202,250,210,"(108, 202, 62, 165)","(67, 210, 4, 250)"
2377727.jpg,wearing,shoe,28,57,395,193,boy,229,175,203,72,0,3,250,423,247,432,"(395, 423, 193, 250)","(203, 432, 72, 247)"
2386127.jpg,wearing,jacket,26,22,171,131,person,55,28,165,129,0,3,153,197,157,220,"(171, 197, 131, 153)","(165, 220, 129, 157)"
2365584.jpg,hanging from,stem,86,56,116,169,bananas,80,90,236,148,0,3,225,202,238,316,"(116, 202, 169, 225)","(236, 316, 148, 238)"
2385316.jpg,sitting on,ground,342,372,154,2,woman,118,147,199,24,1,3,374,496,171,317,"(154, 496, 2, 374)","(199, 317, 24, 171)"
2406641.jpg,wearing,pants,51,60,220,345,person,116,66,169,344,0,3,405,271,410,285,"(220, 271, 345, 405)","(169, 285, 344, 410)"
2397787.jpg,wearing,shorts,49,52,300,3,man,204,60,200,2,0,3,55,349,62,404,"(300, 349, 3, 55)","(200, 404, 2, 62)"
2341812.jpg,wearing,helmet,57,54,68,392,empire,200,125,64,374,0,3,446,125,499,264,"(68, 125, 392, 446)","(64, 264, 374, 499)"
2344579.jpg,wearing,shorts,74,115,244,7,boy,374,176,76,3,0,3,122,318,179,450,"(244, 318, 7, 122)","(76, 450, 3, 179)"
2354605.jpg,sitting on,bus,187,487,36,13,driver,36,21,121,63,1,3,500,223,84,157,"(36, 223, 13, 500)","(121, 157, 63, 84)"
2411653.jpg,sitting on,hill,334,254,0,246,skateboard,41,66,125,412,1,3,500,334,478,166,"(0, 334, 246, 500)","(125, 166, 412, 478)"
2339650.jpg,wearing,apron,100,63,148,194,person,125,53,136,132,0,3,257,248,185,261,"(148, 248, 194, 257)","(136, 261, 132, 185)"
2360012.jpg,sitting on,hand,94,180,248,260,bird,271,216,75,272,1,3,440,342,488,346,"(248, 342, 260, 440)","(75, 346, 272, 488)"
2364317.jpg,wearing,shirt,17,295,315,205,boy,277,322,54,177,0,3,500,332,499,331,"(315, 332, 205, 500)","(54, 331, 177, 499)"
2367763.jpg,watching,giraffe,265,184,77,144,animals,38,46,273,160,0,3,328,342,206,311,"(77, 342, 144, 328)","(273, 311, 160, 206)"
2382819.jpg,sitting on,plate,373,499,1,0,food,373,499,0,0,1,3,499,374,499,373,"(1, 374, 0, 499)","(0, 373, 0, 499)"
2373643.jpg,wearing,gloves,35,26,92,362,man,249,150,2,339,0,3,388,127,489,251,"(92, 127, 362, 388)","(2, 251, 339, 489)"
2348369.jpg,sitting on,table,180,214,165,262,bowl,35,37,290,357,1,3,476,345,394,325,"(165, 345, 262, 476)","(290, 325, 357, 394)"
2415650.jpg,sitting on,wall,108,224,208,274,boy,188,158,42,286,1,3,498,316,444,230,"(208, 316, 274, 498)","(42, 230, 286, 444)"
2339649.jpg,using,phone,84,65,229,155,guy,375,320,0,166,0,3,220,313,486,375,"(229, 313, 155, 220)","(0, 375, 166, 486)"
2356123.jpg,sitting on,ground,30,132,301,281,man,63,100,245,241,1,3,413,331,341,308,"(301, 331, 281, 413)","(245, 308, 241, 341)"
2321884.jpg,wearing,pants,134,75,176,215,man,292,86,42,214,0,3,290,310,300,334,"(176, 310, 215, 290)","(42, 334, 214, 300)"
421.jpg,sitting on,benches,26,65,367,80,people,18,34,353,97,1,3,145,393,131,371,"(367, 393, 80, 145)","(353, 371, 97, 131)"
2327554.jpg,wearing,jacket,19,36,111,146,man,41,42,100,142,0,3,182,130,184,141,"(111, 130, 146, 182)","(100, 141, 142, 184)"
2372642.jpg,sitting on,table,492,498,6,1,container,334,490,94,0,1,3,499,498,490,428,"(6, 498, 1, 499)","(94, 428, 0, 490)"
2360163.jpg,wearing,pants,108,48,186,321,boy,259,77,42,303,0,3,369,294,380,301,"(186, 294, 321, 369)","(42, 301, 303, 380)"
1592982.jpg,painted on,door,186,411,431,316,chick,22,24,592,456,0,3,727,617,480,614,"(431, 617, 316, 727)","(592, 614, 456, 480)"
2369793.jpg,hanging from,chain,52,20,106,252,clock,92,97,157,218,0,3,272,158,315,249,"(106, 158, 252, 272)","(157, 249, 218, 315)"
1592181.jpg,wearing,overalls,301,238,152,508,woman,418,257,94,469,0,3,746,453,726,512,"(152, 453, 508, 746)","(94, 512, 469, 726)"
2389507.jpg,wearing,goggles,27,59,88,74,girl,335,137,66,38,0,3,133,115,175,401,"(88, 115, 74, 133)","(66, 401, 38, 175)"
2322736.jpg,wearing,shorts,47,140,289,319,boy,274,199,62,261,0,3,459,336,460,336,"(289, 336, 319, 459)","(62, 336, 261, 460)"
2397060.jpg,sitting on,sidewalk,236,499,96,0,television,180,201,81,37,1,3,499,332,238,261,"(96, 332, 0, 499)","(81, 261, 37, 238)"
61534.jpg,sitting on,bench,251,616,310,3,woman,378,245,130,52,1,3,619,561,297,508,"(310, 561, 3, 619)","(130, 508, 52, 297)"
2356231.jpg,sitting on,chair,23,13,298,127,woman,48,25,279,117,1,3,140,321,142,327,"(298, 321, 127, 140)","(279, 327, 117, 142)"
2355844.jpg,sitting on,rug,144,350,192,0,cat,100,70,165,240,1,3,350,336,310,265,"(192, 336, 0, 350)","(165, 265, 240, 310)"
2401237.jpg,wearing,watch,36,34,129,343,man,303,220,25,280,0,3,377,165,500,328,"(129, 165, 343, 377)","(25, 328, 280, 500)"
2363569.jpg,sitting on,chair,84,80,200,246,child,167,61,149,297,1,3,326,284,358,316,"(200, 284, 246, 326)","(149, 316, 297, 358)"
2367258.jpg,growing on,head,50,82,136,180,horn,37,52,128,222,0,3,262,186,274,165,"(136, 186, 180, 262)","(128, 165, 222, 274)"
3166.jpg,walking in,plaza,261,782,335,13,woman,97,32,275,507,0,3,795,596,539,372,"(335, 596, 13, 795)","(275, 372, 507, 539)"
2359106.jpg,sitting on,road,190,497,142,0,person,35,23,102,158,1,3,497,332,181,137,"(142, 332, 0, 497)","(102, 137, 158, 181)"
2405537.jpg,wearing,shirt,15,5,114,25,man,41,12,113,17,0,3,30,129,29,154,"(114, 129, 25, 30)","(113, 154, 17, 29)"
2385435.jpg,sitting on,bench,19,18,160,422,person,28,26,149,411,1,3,440,179,437,177,"(160, 179, 422, 440)","(149, 177, 411, 437)"
2335416.jpg,sitting on,shelf,340,213,157,4,boxes,255,214,19,7,1,3,217,497,221,274,"(157, 497, 4, 217)","(19, 274, 7, 221)"
2347670.jpg,wearing,pants,165,72,254,37,man,391,103,29,35,0,3,109,419,138,420,"(254, 419, 37, 109)","(29, 420, 35, 138)"
2383651.jpg,wearing,sweater,63,58,168,209,woman,105,68,130,194,0,3,267,231,262,235,"(168, 231, 209, 267)","(130, 235, 194, 262)"
2395688.jpg,sitting on,bike,60,110,287,64,person,96,27,237,72,1,3,174,347,99,333,"(287, 347, 64, 174)","(237, 333, 72, 99)"
2333956.jpg,sitting on,grass,104,476,193,8,airplane,125,435,105,46,1,3,484,297,481,230,"(193, 297, 8, 484)","(105, 230, 46, 481)"
2338775.jpg,sitting on,bench,50,208,96,8,man,62,40,96,6,1,3,216,146,46,158,"(96, 146, 8, 216)","(96, 158, 6, 46)"
2400775.jpg,wearing,hat,10,9,207,1,man,125,44,204,1,0,3,10,217,45,329,"(207, 217, 1, 10)","(204, 329, 1, 45)"
2340737.jpg,standing on,leg,44,10,195,228,man,105,53,130,198,0,3,238,239,251,235,"(195, 239, 228, 238)","(130, 235, 198, 251)"
2387540.jpg,sitting on,bench,61,88,189,5,coach,141,87,147,7,1,3,93,250,94,288,"(189, 250, 5, 93)","(147, 288, 7, 94)"
2395795.jpg,sitting on,motorcycle,263,283,102,97,man,233,185,13,121,1,3,380,365,306,246,"(102, 365, 97, 380)","(13, 246, 121, 306)"
2411628.jpg,wearing,sock,23,20,242,166,man,198,145,87,55,0,3,186,265,200,285,"(242, 265, 166, 186)","(87, 285, 55, 200)"
1159585.jpg,sitting on,wall,76,743,150,277,man,188,72,33,405,1,3,1020,226,477,221,"(150, 226, 277, 1020)","(33, 221, 405, 477)"
2356030.jpg,sitting on,building,233,315,26,185,bird,7,9,75,362,1,3,500,259,371,82,"(26, 259, 185, 500)","(75, 82, 362, 371)"
2382831.jpg,wearing,scarf,64,48,253,116,bear,169,145,225,100,0,3,164,317,245,394,"(253, 317, 116, 164)","(225, 394, 100, 245)"
2382048.jpg,wearing,feather,49,21,92,181,girl,239,234,92,37,0,3,202,141,271,331,"(92, 141, 181, 202)","(92, 331, 37, 271)"
2350203.jpg,sitting on,cabinet,330,244,1,142,plates,20,51,206,172,1,3,386,331,223,226,"(1, 331, 142, 386)","(206, 226, 172, 223)"
497936.jpg,wearing,shirt,141,67,277,588,woman,413,129,222,579,0,3,655,418,708,635,"(277, 418, 588, 655)","(222, 635, 579, 708)"
2389366.jpg,sitting on,boat,100,321,232,16,man,182,196,150,82,1,3,337,332,278,332,"(232, 332, 16, 337)","(150, 332, 82, 278)"
2375091.jpg,carrying,baby,20,7,176,488,woman,58,12,167,483,0,3,495,196,495,225,"(176, 196, 488, 495)","(167, 225, 483, 495)"
2364161.jpg,sitting on,train,34,95,167,142,man,35,25,148,151,1,3,237,201,176,183,"(167, 201, 142, 237)","(148, 183, 151, 176)"
2377521.jpg,sitting on,ground,87,499,224,0,spectator,99,77,206,9,1,3,499,311,86,305,"(224, 311, 0, 499)","(206, 305, 9, 86)"
2396139.jpg,sitting on,ledge,141,62,189,434,people,34,48,166,432,1,3,496,330,480,200,"(189, 330, 434, 496)","(166, 200, 432, 480)"
2367641.jpg,wearing,sweatshirt,74,77,164,422,man,172,85,113,414,0,3,499,238,499,285,"(164, 238, 422, 499)","(113, 285, 414, 499)"
2377511.jpg,wearing,sash,22,20,176,475,man,90,32,139,452,0,3,495,198,484,229,"(176, 198, 475, 495)","(139, 229, 452, 484)"
2402128.jpg,sitting on,bench,136,298,144,102,woman,225,115,68,45,1,3,400,280,160,293,"(144, 280, 102, 400)","(68, 293, 45, 160)"
2359450.jpg,parked on,street,45,147,233,0,bus,42,32,171,65,0,3,147,278,97,213,"(233, 278, 0, 147)","(171, 213, 65, 97)"
2388903.jpg,sitting on,shelf,49,498,106,1,lamp,101,29,30,105,1,3,499,155,134,131,"(106, 155, 1, 499)","(30, 131, 105, 134)"
2315604.jpg,eating,hay,238,498,89,0,sheep,222,310,95,162,0,3,498,327,472,317,"(89, 327, 0, 498)","(95, 317, 162, 472)"
2333286.jpg,sitting on,seat,50,155,204,330,woman,164,83,74,328,1,3,485,254,411,238,"(204, 254, 330, 485)","(74, 238, 328, 411)"
2345699.jpg,standing on,beach,93,499,238,0,people,68,63,225,21,0,3,499,331,84,293,"(238, 331, 0, 499)","(225, 293, 21, 84)"
2390822.jpg,wearing,glasses,38,99,147,25,man,453,293,46,2,0,3,124,185,295,499,"(147, 185, 25, 124)","(46, 499, 2, 295)"
2337276.jpg,sitting on,bench,20,56,255,443,woman,37,26,240,443,1,3,499,275,469,277,"(255, 275, 443, 499)","(240, 277, 443, 469)"
2410334.jpg,wearing,vest,71,66,203,140,man,117,116,157,136,0,3,206,274,252,274,"(203, 274, 140, 206)","(157, 274, 136, 252)"
2379167.jpg,sitting on,shore,60,499,280,0,bench,95,198,235,199,1,3,499,340,397,330,"(280, 340, 0, 499)","(235, 330, 199, 397)"
2414799.jpg,wearing,scarf,109,66,45,143,woman,295,167,1,122,0,3,209,154,289,296,"(45, 154, 143, 209)","(1, 296, 122, 289)"
2417148.jpg,wearing,shirt,47,38,170,104,girl,159,57,141,97,0,3,142,217,154,300,"(170, 217, 104, 142)","(141, 300, 97, 154)"
413.jpg,sitting on,counter,16,54,239,186,girl,123,68,89,168,1,3,240,255,236,212,"(239, 255, 186, 240)","(89, 212, 168, 236)"
2343880.jpg,wearing,shoe,41,34,142,48,guy,123,189,88,50,0,3,82,183,239,211,"(142, 183, 48, 82)","(88, 211, 50, 239)"
2398495.jpg,sitting on,floor,109,494,265,2,man,155,125,156,173,1,3,496,374,298,311,"(265, 374, 2, 496)","(156, 311, 173, 298)"
2406075.jpg,sitting on,ground,75,498,299,2,bench,92,211,255,160,1,3,500,374,371,347,"(299, 374, 2, 500)","(255, 347, 160, 371)"
2369205.jpg,wearing,wetsuit,56,74,158,279,man,103,140,146,253,0,3,353,214,393,249,"(158, 214, 279, 353)","(146, 249, 253, 393)"
2318541.jpg,sitting on,stool,81,51,139,0,person,100,48,65,0,1,3,51,220,48,165,"(139, 220, 0, 51)","(65, 165, 0, 48)"
2400240.jpg,sitting on,chair,128,120,145,126,man,136,122,88,165,1,3,246,273,287,224,"(145, 273, 126, 246)","(88, 224, 165, 287)"
2379970.jpg,sitting on,bench,176,194,180,1,man,464,315,35,0,1,3,195,356,315,499,"(180, 356, 1, 195)","(35, 499, 0, 315)"
2404409.jpg,sitting on,grass,320,328,179,2,tarp,54,327,129,1,1,3,330,499,328,183,"(179, 499, 2, 330)","(129, 183, 1, 328)"
2369336.jpg,wearing,cap,19,31,367,189,guy,98,55,366,178,0,3,220,386,233,464,"(367, 386, 189, 220)","(366, 464, 178, 233)"
2398791.jpg,wearing,uniform,74,77,105,230,batter,223,163,78,215,0,3,307,179,378,301,"(105, 179, 230, 307)","(78, 301, 215, 378)"
2362454.jpg,sitting on,floor,85,175,178,2,luggage,19,27,177,14,1,3,177,263,41,196,"(178, 263, 2, 177)","(177, 196, 14, 41)"
2397082.jpg,wearing,hat,60,122,2,21,man,80,70,9,33,0,3,143,62,103,89,"(2, 62, 21, 143)","(9, 89, 33, 103)"
2410686.jpg,wearing,pants,124,68,179,252,man,241,96,81,236,0,3,320,303,332,322,"(179, 303, 252, 320)","(81, 322, 236, 332)"
2344438.jpg,sitting on,shelf,94,476,186,6,vase,273,186,3,0,1,3,482,280,186,276,"(186, 280, 6, 482)","(3, 276, 0, 186)"
2320334.jpg,sitting on,track,63,152,266,48,train,223,300,52,80,1,3,200,329,380,275,"(266, 329, 48, 200)","(52, 275, 80, 380)"
2327855.jpg,wearing,jacket,18,32,150,141,man,37,33,142,140,0,3,173,168,173,179,"(150, 168, 141, 173)","(142, 179, 140, 173)"
2409472.jpg,walking on,ground,64,288,310,203,pigeon,38,30,324,129,0,3,491,374,159,362,"(310, 374, 203, 491)","(324, 362, 129, 159)"
1592653.jpg,wearing,vest,81,67,442,266,woman,541,176,313,233,0,3,333,523,409,854,"(442, 523, 266, 333)","(313, 854, 233, 409)"
2357274.jpg,wearing,shirt,84,51,142,111,man,210,61,110,110,0,3,162,226,171,320,"(142, 226, 111, 162)","(110, 320, 110, 171)"
2410857.jpg,sitting on,bench,49,38,199,164,man,42,21,205,162,1,3,202,248,183,247,"(199, 248, 164, 202)","(205, 247, 162, 183)"
2391867.jpg,wearing,socks,27,70,387,264,person,372,109,70,257,0,3,334,414,366,442,"(387, 414, 264, 334)","(70, 442, 257, 366)"
2388613.jpg,sitting on,shelf,276,74,153,145,cds,31,59,152,148,1,3,219,429,207,183,"(153, 429, 145, 219)","(152, 183, 148, 207)"
1159478.jpg,sitting on,shelf,67,212,557,386,movies,67,212,557,386,1,3,598,624,598,624,"(557, 624, 386, 598)","(557, 624, 386, 598)"
2376010.jpg,wearing,glasses,13,19,155,47,person,213,77,119,2,0,3,66,168,79,332,"(155, 168, 47, 66)","(119, 332, 2, 79)"
2352006.jpg,wearing,jeans,59,35,287,367,man,95,39,253,366,0,3,402,346,405,348,"(287, 346, 367, 402)","(253, 348, 366, 405)"
2400212.jpg,wearing,glasses,8,18,201,12,man,98,136,172,2,0,3,30,209,138,270,"(201, 209, 12, 30)","(172, 270, 2, 138)"
2399613.jpg,wearing,pants,13,9,149,313,man,27,13,132,313,0,3,322,162,326,159,"(149, 162, 313, 322)","(132, 159, 313, 326)"
1592949.jpg,wearing,shirt,26,14,322,674,person,31,14,323,674,0,3,688,348,688,354,"(322, 348, 674, 688)","(323, 354, 674, 688)"
2393379.jpg,sitting on,floor,144,499,230,1,rug,123,483,252,1,1,3,500,374,484,375,"(230, 374, 1, 500)","(252, 375, 1, 484)"
2332035.jpg,covered in,snow,24,77,36,383,mountains,56,295,35,183,0,3,460,60,478,91,"(36, 60, 383, 460)","(35, 91, 183, 478)"
1592064.jpg,sitting on,bench,284,906,286,111,dog,182,148,275,532,1,3,1017,570,680,457,"(286, 570, 111, 1017)","(275, 457, 532, 680)"
2338991.jpg,sitting on,platform,18,51,178,38,bench,38,41,151,31,1,3,89,196,72,189,"(178, 196, 38, 89)","(151, 189, 31, 72)"
2375057.jpg,wearing,pants,83,299,239,118,woman,324,469,5,30,0,3,417,322,499,329,"(239, 322, 118, 417)","(5, 329, 30, 499)"
2353887.jpg,sitting on,desk,116,359,163,15,pen,15,43,244,263,1,3,374,279,306,259,"(163, 279, 15, 374)","(244, 259, 263, 306)"
2404153.jpg,sitting on,table,99,291,227,134,basket,19,40,254,287,1,3,425,326,327,273,"(227, 326, 134, 425)","(254, 273, 287, 327)"
2346899.jpg,sitting on,saucer,53,115,371,196,cup,59,98,349,213,1,3,311,424,311,408,"(371, 424, 196, 311)","(349, 408, 213, 311)"
2392289.jpg,wearing,shirt,136,91,56,24,man,331,145,9,3,0,3,115,192,148,340,"(56, 192, 24, 115)","(9, 340, 3, 148)"
2378707.jpg,sitting on,counter,108,496,267,3,bottle,75,36,298,8,1,3,499,375,44,373,"(267, 375, 3, 499)","(298, 373, 8, 44)"
2377095.jpg,wearing,t-shirt,109,53,115,290,man,263,163,67,245,0,3,343,224,408,330,"(115, 224, 290, 343)","(67, 330, 245, 408)"
2386979.jpg,wearing,shirt,89,76,68,101,man,275,145,28,78,0,3,177,157,223,303,"(68, 157, 101, 177)","(28, 303, 78, 223)"
2329930.jpg,sitting on,table,332,446,20,30,bowl,100,75,52,26,1,3,476,352,101,152,"(20, 352, 30, 476)","(52, 152, 26, 101)"
2404085.jpg,wearing,shoes,42,150,273,299,man,229,141,96,297,0,3,449,315,438,325,"(273, 315, 299, 449)","(96, 325, 297, 438)"
2334976.jpg,sitting on,bench,127,210,308,62,female,180,98,158,242,1,3,272,435,340,338,"(308, 435, 62, 272)","(158, 338, 242, 340)"
2386801.jpg,sitting on,stool,57,73,275,300,basket,59,60,237,341,1,3,373,332,401,296,"(275, 332, 300, 373)","(237, 296, 341, 401)"
2415111.jpg,sitting on,bench,184,328,157,125,person,198,84,119,71,1,3,453,341,155,317,"(157, 341, 125, 453)","(119, 317, 71, 155)"
2409490.jpg,sitting on,shelf,19,89,166,241,microwave,94,96,83,245,1,3,330,185,341,177,"(166, 185, 241, 330)","(83, 177, 245, 341)"
2390559.jpg,sitting on,bleachers,45,66,116,360,man,69,30,60,465,1,3,426,161,495,129,"(116, 161, 360, 426)","(60, 129, 465, 495)"
2378765.jpg,sitting on,desk,57,416,165,2,paper,36,61,148,83,1,3,418,222,144,184,"(165, 222, 2, 418)","(148, 184, 83, 144)"
2349587.jpg,eating,branch,140,130,215,158,bird,290,335,83,117,0,3,288,355,452,373,"(215, 355, 158, 288)","(83, 373, 117, 452)"
2348740.jpg,covered in,snow,73,35,99,63,tree,73,28,103,68,0,3,98,172,96,176,"(99, 172, 63, 98)","(103, 176, 68, 96)"
2395461.jpg,sitting on,stove,218,337,154,25,pan,39,80,263,89,1,3,362,372,169,302,"(154, 372, 25, 362)","(263, 302, 89, 169)"
2341474.jpg,sitting on,shelf,13,200,80,3,supplies,34,75,56,79,1,3,203,93,154,90,"(80, 93, 3, 203)","(56, 90, 79, 154)"
2345032.jpg,sitting on,rack,37,63,220,418,rim,12,13,236,439,1,3,481,257,452,248,"(220, 257, 418, 481)","(236, 248, 439, 452)"
2395667.jpg,sitting on,statue,322,285,9,207,bird,25,39,85,366,1,3,492,331,405,110,"(9, 331, 207, 492)","(85, 110, 366, 405)"
2370471.jpg,wearing,eyeglasses,18,41,39,385,woman,237,122,5,356,0,3,426,57,478,242,"(39, 57, 385, 426)","(5, 242, 356, 478)"
2382804.jpg,wearing,hose,136,108,363,178,woman,480,263,19,49,0,3,286,499,312,499,"(363, 499, 178, 286)","(19, 499, 49, 312)"
2393563.jpg,walking on,platform,99,273,181,226,person,29,9,167,329,0,3,499,280,338,196,"(181, 280, 226, 499)","(167, 196, 329, 338)"
2351968.jpg,sitting on,bag,268,236,74,176,cat,112,156,98,155,1,3,412,342,311,210,"(74, 342, 176, 412)","(98, 210, 155, 311)"
2391008.jpg,sitting on,table,184,251,150,112,sunglasses,23,48,308,232,1,3,363,334,280,331,"(150, 334, 112, 363)","(308, 331, 232, 280)"
2389044.jpg,sitting on,chair,141,58,189,104,man,102,82,192,64,1,3,162,330,146,294,"(189, 330, 104, 162)","(192, 294, 64, 146)"
2346883.jpg,sitting on,step,20,126,229,374,person,107,84,153,344,1,3,500,249,428,260,"(229, 249, 374, 500)","(153, 260, 344, 428)"
2342441.jpg,wearing,outfit,56,43,186,433,toddler,101,49,162,435,0,3,476,242,484,263,"(186, 242, 433, 476)","(162, 263, 435, 484)"
2367584.jpg,covering,building,190,480,182,1,roof,55,307,208,12,0,3,481,372,319,263,"(182, 372, 1, 481)","(208, 263, 12, 319)"
2409866.jpg,sitting on,bench,20,57,80,39,person,39,23,57,86,1,3,96,100,109,96,"(80, 100, 39, 96)","(57, 96, 86, 109)"
2376132.jpg,wearing,armband,41,36,54,157,player,473,287,26,2,0,3,193,95,289,499,"(54, 95, 157, 193)","(26, 499, 2, 289)"
2347557.jpg,sitting on,desk,182,405,187,83,laptop,137,150,134,299,1,3,488,369,449,271,"(187, 369, 83, 488)","(134, 271, 299, 449)"
2401880.jpg,sitting on,tray,419,359,0,2,doughnut,73,84,5,88,1,3,361,419,172,78,"(0, 419, 2, 361)","(5, 78, 88, 172)"
2382283.jpg,wearing,sunglasses,8,12,122,205,woman,82,45,117,187,0,3,217,130,232,199,"(122, 130, 205, 217)","(117, 199, 187, 232)"
2400652.jpg,sitting on,table,47,272,285,196,food,31,55,302,209,1,3,468,332,264,333,"(285, 332, 196, 468)","(302, 333, 209, 264)"
2395147.jpg,sitting on,horse,210,218,90,156,man,167,86,32,213,1,3,374,300,299,199,"(90, 300, 156, 374)","(32, 199, 213, 299)"
1159877.jpg,wearing,shirt,42,86,443,57,person,86,89,399,57,0,3,143,485,146,485,"(443, 485, 57, 143)","(399, 485, 57, 146)"
2352761.jpg,sitting on,pizza,252,463,8,21,egg,14,30,227,290,1,3,484,260,320,241,"(8, 260, 21, 484)","(227, 241, 290, 320)"
2358817.jpg,sitting on,beach,147,494,225,6,lady,87,74,183,53,1,3,500,372,127,270,"(225, 372, 6, 500)","(183, 270, 53, 127)"
2355555.jpg,wearing,coat,51,40,177,225,man,102,41,165,225,0,3,265,228,266,267,"(177, 228, 225, 265)","(165, 267, 225, 266)"
713699.jpg,wearing,shirt,128,102,329,151,person,310,167,275,136,0,3,253,457,303,585,"(329, 457, 151, 253)","(275, 585, 136, 303)"
2317969.jpg,sitting on,beach,57,340,274,151,woman,63,33,260,63,1,3,491,331,96,323,"(274, 331, 151, 491)","(260, 323, 63, 96)"
2395309.jpg,wearing,silver,27,74,218,238,fork,32,80,219,231,0,3,312,245,311,251,"(218, 245, 238, 312)","(219, 251, 231, 311)"
2334681.jpg,sitting on,floor,49,122,181,377,girl,60,41,138,394,1,3,499,230,435,198,"(181, 230, 377, 499)","(138, 198, 394, 435)"
2386850.jpg,wearing,shirt,50,38,165,381,person,142,52,142,368,0,3,419,215,420,284,"(165, 215, 381, 419)","(142, 284, 368, 420)"
2398688.jpg,riding,skateboard,81,147,314,149,kid,256,250,119,40,0,3,296,395,290,375,"(314, 395, 149, 296)","(119, 375, 40, 290)"
2375865.jpg,eating,grass,12,17,220,285,sheep,96,134,185,150,0,3,302,232,284,281,"(220, 232, 285, 302)","(185, 281, 150, 284)"
2345139.jpg,wearing,suit,148,28,89,470,man,189,33,61,465,0,3,498,237,498,250,"(89, 237, 470, 498)","(61, 250, 465, 498)"
2371881.jpg,walking in,street,49,494,325,5,family,101,103,272,137,0,3,499,374,240,373,"(325, 374, 5, 499)","(272, 373, 137, 240)"
2363982.jpg,sitting on,ground,154,499,221,0,ski,25,52,318,0,1,3,499,375,52,343,"(221, 375, 0, 499)","(318, 343, 0, 52)"
2356041.jpg,sitting on,table,80,193,292,62,plate,27,41,326,66,1,3,255,372,107,353,"(292, 372, 62, 255)","(326, 353, 66, 107)"
2399787.jpg,sitting on,desk,124,123,154,0,cat,267,400,140,95,1,3,123,278,495,407,"(154, 278, 0, 123)","(140, 407, 95, 495)"
2382888.jpg,wearing,shirt,154,197,60,216,woman,327,232,4,207,0,3,413,214,439,331,"(60, 214, 216, 413)","(4, 331, 207, 439)"
2338680.jpg,sitting on,board,266,495,67,4,knife,225,211,6,287,1,3,499,333,498,231,"(67, 333, 4, 499)","(6, 231, 287, 498)"
2391411.jpg,wearing,shirt,169,136,162,187,man,243,141,90,188,0,3,323,331,329,333,"(162, 331, 187, 323)","(90, 333, 188, 329)"
2383356.jpg,painted on,train,252,375,7,14,graffiti,73,54,150,185,0,3,389,259,239,223,"(7, 259, 14, 389)","(150, 223, 185, 239)"
2356028.jpg,sitting on,floor,202,304,297,27,fan,33,30,295,140,1,3,331,499,170,328,"(297, 499, 27, 331)","(295, 328, 140, 170)"
2373505.jpg,wearing,shirt,111,177,137,124,man,204,213,71,118,0,3,301,248,331,275,"(137, 248, 124, 301)","(71, 275, 118, 331)"
2413212.jpg,sitting on,pavement,205,482,128,2,cone,12,9,290,453,1,3,484,333,462,302,"(128, 333, 2, 484)","(290, 302, 453, 462)"
2417265.jpg,eating,hotdog,203,100,141,120,he,57,304,316,75,0,3,220,344,379,373,"(141, 344, 120, 220)","(316, 373, 75, 379)"
2353059.jpg,sitting on,beach,202,499,171,0,woman,52,28,232,194,1,3,499,373,222,284,"(171, 373, 0, 499)","(232, 284, 194, 222)"
2402963.jpg,sitting on,ground,372,498,2,2,leg,66,13,227,56,1,3,500,374,69,293,"(2, 374, 2, 500)","(227, 293, 56, 69)"
2399787.jpg,sitting on,desk,124,123,154,0,cat,132,298,101,51,1,3,123,278,349,233,"(154, 278, 0, 123)","(101, 233, 51, 349)"
2393002.jpg,wearing,necklace,60,61,247,105,person,296,370,47,2,0,3,166,307,372,343,"(247, 307, 105, 166)","(47, 343, 2, 372)"
2343410.jpg,sitting on,table,430,374,65,0,bottle,169,27,94,347,1,3,374,495,374,263,"(65, 495, 0, 374)","(94, 263, 347, 374)"
2336885.jpg,playing,baseball,14,15,136,174,man,150,111,257,180,0,3,189,150,291,407,"(136, 150, 174, 189)","(257, 407, 180, 291)"
2414997.jpg,sitting on,plate,219,468,34,14,pizza,185,435,38,25,1,3,482,253,460,223,"(34, 253, 14, 482)","(38, 223, 25, 460)"
4758.jpg,wearing,shirt,25,14,178,367,person,56,20,170,367,0,3,381,203,387,226,"(178, 203, 367, 381)","(170, 226, 367, 387)"
2401253.jpg,sitting on,sand,230,498,145,0,person,16,17,143,380,1,3,498,375,397,159,"(145, 375, 0, 498)","(143, 159, 380, 397)"
2411545.jpg,sitting on,table,368,495,3,2,plates,368,470,4,13,1,3,497,371,483,372,"(3, 371, 2, 497)","(4, 372, 13, 483)"
2340773.jpg,wearing,shoe,46,49,312,204,boy,252,220,111,53,0,3,253,358,273,363,"(312, 358, 204, 253)","(111, 363, 53, 273)"
2416901.jpg,wearing,stripe,67,23,232,303,person,145,55,230,288,0,3,326,299,343,375,"(232, 299, 303, 326)","(230, 375, 288, 343)"
2379166.jpg,wearing,shirt,82,52,170,147,man,229,77,141,149,0,3,199,252,226,370,"(170, 252, 147, 199)","(141, 370, 149, 226)"
1662.jpg,sitting on,bookshelf,388,269,115,161,book,66,17,285,203,1,3,430,503,220,351,"(115, 503, 161, 430)","(285, 351, 203, 220)"
2337934.jpg,wearing,shirt,86,35,76,242,man,217,51,38,231,0,3,277,162,282,255,"(76, 162, 242, 277)","(38, 255, 231, 282)"
2348870.jpg,wearing,undershirt,49,41,14,5,boy,117,70,93,3,0,3,46,63,73,210,"(14, 63, 5, 46)","(93, 210, 3, 73)"
2342571.jpg,wearing,sock,26,20,357,195,man,190,133,219,150,0,3,215,383,283,409,"(357, 383, 195, 215)","(219, 409, 150, 283)"
2341773.jpg,sitting on,boat,307,294,2,187,man,57,38,165,348,1,3,481,309,386,222,"(2, 309, 187, 481)","(165, 222, 348, 386)"
2336963.jpg,sitting on,rocker,266,202,111,31,bear,162,104,75,42,1,3,233,377,146,237,"(111, 377, 31, 233)","(75, 237, 42, 146)"
2386810.jpg,sitting on,chair,205,178,127,267,man,236,133,86,260,1,3,445,332,393,322,"(127, 332, 267, 445)","(86, 322, 260, 393)"
2328754.jpg,wearing,shorts,53,52,172,353,boy,170,70,87,339,0,3,405,225,409,257,"(172, 225, 353, 405)","(87, 257, 339, 409)"
2389284.jpg,sitting on,ledge,60,54,264,278,person,50,39,217,281,1,3,332,324,320,267,"(264, 324, 278, 332)","(217, 267, 281, 320)"
2402277.jpg,sitting on,bench,102,188,162,234,woman,129,87,151,321,1,3,422,264,408,280,"(162, 264, 234, 422)","(151, 280, 321, 408)"
2403591.jpg,wearing,shirt,40,34,146,459,man,92,38,134,455,0,3,493,186,493,226,"(146, 186, 459, 493)","(134, 226, 455, 493)"
2361853.jpg,wearing,mask,40,12,192,113,catcher,155,95,190,58,0,3,125,232,153,345,"(192, 232, 113, 125)","(190, 345, 58, 153)"
2380877.jpg,wearing,pants,44,21,160,176,man,106,89,39,124,0,3,197,204,213,145,"(160, 204, 176, 197)","(39, 145, 124, 213)"
2388290.jpg,sitting on,ground,45,51,83,159,woman,52,52,38,171,1,3,210,128,223,90,"(83, 128, 159, 210)","(38, 90, 171, 223)"
2409780.jpg,wearing,pants,17,15,93,33,skier,39,28,74,29,0,3,48,110,57,113,"(93, 110, 33, 48)","(74, 113, 29, 57)"
2400732.jpg,says,19.99,31,40,112,253,tag,51,61,95,237,0,3,293,143,298,146,"(112, 143, 253, 293)","(95, 146, 237, 298)"
2406866.jpg,wearing,shirt,35,36,171,7,woman,101,39,159,7,0,3,43,206,46,260,"(171, 206, 7, 43)","(159, 260, 7, 46)"
2342924.jpg,sitting on,rope,399,340,0,100,bird,266,142,92,186,1,3,440,399,328,358,"(0, 399, 100, 440)","(92, 358, 186, 328)"
2356757.jpg,wearing,suit,91,72,141,33,man,129,70,112,36,0,3,105,232,106,241,"(141, 232, 33, 105)","(112, 241, 36, 106)"
2400768.jpg,sitting on,street,85,499,178,0,people,16,25,160,1,1,3,499,263,26,176,"(178, 263, 0, 499)","(160, 176, 1, 26)"
2401429.jpg,wearing,shorts,39,28,245,248,man,101,45,218,247,0,3,276,284,292,319,"(245, 284, 248, 276)","(218, 319, 247, 292)"
2399835.jpg,sitting on,couch,175,476,58,2,man,193,236,70,143,1,3,478,233,379,263,"(58, 233, 2, 478)","(70, 263, 143, 379)"
2356664.jpg,sitting on,elephant,334,158,151,76,boy,138,138,48,76,1,3,234,485,214,186,"(151, 485, 76, 234)","(48, 186, 76, 214)"
2411757.jpg,wearing,hat,27,32,22,147,man,257,118,22,114,0,3,179,49,232,279,"(22, 49, 147, 179)","(22, 279, 114, 232)"
2362046.jpg,eating,sandwiches,288,300,45,113,people,250,358,122,140,0,3,413,333,498,372,"(45, 333, 113, 413)","(122, 372, 140, 498)"
2389372.jpg,sitting on,floor,140,271,234,215,rug,104,226,270,114,1,3,486,374,340,374,"(234, 374, 215, 486)","(270, 374, 114, 340)"
2345164.jpg,sitting on,shelf,30,326,273,65,plant,153,174,164,66,1,3,391,303,240,317,"(273, 303, 65, 391)","(164, 317, 66, 240)"
2381396.jpg,sitting on,table,301,433,68,34,cone,30,85,83,354,1,3,467,369,439,113,"(68, 369, 34, 467)","(83, 113, 354, 439)"
2405357.jpg,wearing,top,116,117,120,168,woman,233,133,16,171,0,3,285,236,304,249,"(120, 236, 168, 285)","(16, 249, 171, 304)"
2406003.jpg,sitting on,counter,212,133,146,122,cat,95,50,89,213,1,3,255,358,263,184,"(146, 358, 122, 255)","(89, 184, 213, 263)"
2378291.jpg,sitting on,sidewalk,38,392,224,107,man,170,107,81,110,1,3,499,262,217,251,"(224, 262, 107, 499)","(81, 251, 110, 217)"
2327407.jpg,sitting on,desk,141,302,139,35,speaker,36,27,112,93,1,3,337,280,120,148,"(139, 280, 35, 337)","(112, 148, 93, 120)"
1767.jpg,sitting on,wall,56,316,400,440,person,77,45,363,490,1,3,756,456,535,440,"(400, 456, 440, 756)","(363, 440, 490, 535)"
2377786.jpg,walking on,sidewalk,185,495,143,2,man,149,57,107,402,0,3,497,328,459,256,"(143, 328, 2, 497)","(107, 256, 402, 459)"
4639.jpg,sitting on,floor,215,376,383,22,bench,141,214,287,177,1,3,398,598,391,428,"(383, 598, 22, 398)","(287, 428, 177, 391)"
2324530.jpg,flying in,sky,430,456,2,2,kite,49,215,244,78,0,3,458,432,293,293,"(2, 432, 2, 458)","(244, 293, 78, 293)"
2356099.jpg,sitting on,shelf,12,42,186,331,book,34,6,156,334,1,3,373,198,340,190,"(186, 198, 331, 373)","(156, 190, 334, 340)"
2328271.jpg,sitting on,ground,117,115,381,11,trash,54,51,432,66,1,3,126,498,117,486,"(381, 498, 11, 126)","(432, 486, 66, 117)"
2362902.jpg,sitting on,skateboard,50,80,410,203,boy,160,144,316,174,1,3,283,460,318,476,"(410, 460, 203, 283)","(316, 476, 174, 318)"
2367195.jpg,riding,motorcycle,165,314,123,83,man,220,136,41,168,0,3,397,288,304,261,"(123, 288, 83, 397)","(41, 261, 168, 304)"
2393663.jpg,sitting on,suitcase,120,171,329,85,woman,427,263,72,1,1,3,256,449,264,499,"(329, 449, 85, 256)","(72, 499, 1, 264)"
2318523.jpg,sitting on,bench,37,47,128,451,person,43,11,112,463,1,3,498,165,474,155,"(128, 165, 451, 498)","(112, 155, 463, 474)"
2402918.jpg,sitting on,floor,71,193,260,307,stool,60,71,251,354,1,3,500,331,425,311,"(260, 331, 307, 500)","(251, 311, 354, 425)"
2406460.jpg,wearing,cap,38,52,58,193,person,164,103,58,193,0,3,245,96,296,222,"(58, 96, 193, 245)","(58, 222, 193, 296)"
2338569.jpg,sitting on,plate,225,140,111,19,rolls,157,102,130,42,1,3,159,336,144,287,"(111, 336, 19, 159)","(130, 287, 42, 144)"
2379858.jpg,wearing,hat,35,29,46,125,man,47,30,55,125,0,3,154,81,155,102,"(46, 81, 125, 154)","(55, 102, 125, 155)"
2376778.jpg,wearing,necklace,77,55,81,298,woman,289,322,10,86,0,3,353,158,408,299,"(81, 158, 298, 353)","(10, 299, 86, 408)"
2342826.jpg,hanging from,pole,32,114,116,126,chains,117,77,132,147,0,3,240,148,224,249,"(116, 148, 126, 240)","(132, 249, 147, 224)"
2381641.jpg,sitting on,road,232,495,45,1,bus,42,193,3,1,1,3,496,277,194,45,"(45, 277, 1, 496)","(3, 45, 1, 194)"
2386240.jpg,wearing,helmet,25,32,151,430,catcher,120,116,149,379,0,3,462,176,495,269,"(151, 176, 430, 462)","(149, 269, 379, 495)"
2377776.jpg,sitting on,floor,67,122,286,212,bag,67,37,221,316,1,3,334,353,353,288,"(286, 353, 212, 334)","(221, 288, 316, 353)"
285630.jpg,sitting on,bench,184,619,391,186,people,145,307,312,380,1,3,805,575,687,457,"(391, 575, 186, 805)","(312, 457, 380, 687)"
2348321.jpg,sitting on,table,130,377,198,50,bagel,33,51,269,257,1,3,427,328,308,302,"(198, 328, 50, 427)","(269, 302, 257, 308)"
2379392.jpg,sitting on,floor,253,497,80,1,backpack,174,220,92,65,1,3,498,333,285,266,"(80, 333, 1, 498)","(92, 266, 65, 285)"
2408559.jpg,wearing,wetsuit,128,176,148,185,man,203,204,75,186,0,3,361,276,390,278,"(148, 276, 185, 361)","(75, 278, 186, 390)"
2375339.jpg,sitting on,bar,84,92,245,301,napkin,21,49,266,380,1,3,393,329,429,287,"(245, 329, 301, 393)","(266, 287, 380, 429)"
2355516.jpg,sitting on,shelf,155,116,1,379,book,47,8,55,385,1,3,495,156,393,102,"(1, 156, 379, 495)","(55, 102, 385, 393)"
2352356.jpg,standing on,ground,203,475,142,2,person,149,33,162,401,0,3,477,345,434,311,"(142, 345, 2, 477)","(162, 311, 401, 434)"
2327526.jpg,lying on,floor,232,322,266,0,paper,70,115,429,2,0,3,322,498,117,499,"(266, 498, 0, 322)","(429, 499, 2, 117)"
2396586.jpg,wearing,helmet,22,45,51,261,he,155,132,38,254,0,3,306,73,386,193,"(51, 73, 261, 306)","(38, 193, 254, 386)"
2367307.jpg,sitting on,beach,61,498,312,1,person,10,9,321,78,1,3,499,373,87,331,"(312, 373, 1, 499)","(321, 331, 78, 87)"
2318040.jpg,wearing,glasses,14,60,176,152,man,357,242,142,75,0,3,212,190,317,499,"(176, 190, 152, 212)","(142, 499, 75, 317)"
2356189.jpg,wearing,shoe,77,41,117,118,boy,273,428,32,0,0,3,159,194,428,305,"(117, 194, 118, 159)","(32, 305, 0, 428)"
2385450.jpg,wearing,coat,25,5,212,388,woman,70,28,197,383,0,3,393,237,411,267,"(212, 237, 388, 393)","(197, 267, 383, 411)"
2374073.jpg,carrying,surfboard,49,135,136,133,man,109,56,97,164,0,3,268,185,220,206,"(136, 185, 133, 268)","(97, 206, 164, 220)"
2402277.jpg,sitting on,bench,138,185,183,60,person,92,92,147,77,1,3,245,321,169,239,"(183, 321, 60, 245)","(147, 239, 77, 169)"
2338588.jpg,says,wii,18,31,220,382,controller,232,142,52,331,0,3,413,238,473,284,"(220, 238, 382, 413)","(52, 284, 331, 473)"
2335727.jpg,wearing,glasses,25,24,202,65,woman,217,112,137,0,0,3,89,227,112,354,"(202, 227, 65, 89)","(137, 354, 0, 112)"
2358449.jpg,sitting on,grass,30,482,245,16,man,38,29,232,165,1,3,498,275,194,270,"(245, 275, 16, 498)","(232, 270, 165, 194)"
2382874.jpg,sitting on,bed,258,495,115,2,man,314,218,13,172,1,3,497,373,390,327,"(115, 373, 2, 497)","(13, 327, 172, 390)"
2372077.jpg,riding,bike,93,153,173,67,racer,100,77,143,112,0,3,220,266,189,243,"(173, 266, 67, 220)","(143, 243, 112, 189)"
2564.jpg,growing on,building,414,518,6,40,ivy,188,176,26,347,0,3,558,420,523,214,"(6, 420, 40, 558)","(26, 214, 347, 523)"
2381997.jpg,wearing,sunglasses,10,18,287,48,spectator,108,70,284,0,0,3,66,297,70,392,"(287, 297, 48, 66)","(284, 392, 0, 70)"
2368659.jpg,sitting on,bench,78,245,26,15,player,102,74,0,195,1,3,260,104,269,102,"(26, 104, 15, 260)","(0, 102, 195, 269)"
2371646.jpg,sitting on,plate,75,119,296,305,breakfast,135,126,175,253,1,3,424,371,379,310,"(296, 371, 305, 424)","(175, 310, 253, 379)"
2402528.jpg,standing on,field,153,498,179,1,cow,160,84,88,264,0,3,499,332,348,248,"(179, 332, 1, 499)","(88, 248, 264, 348)"
87.jpg,sitting on,rock,46,270,338,147,man,70,41,306,276,1,3,417,384,317,376,"(338, 384, 147, 417)","(306, 376, 276, 317)"
2318330.jpg,wearing,glasses,17,49,121,285,woman,264,149,67,223,0,3,334,138,372,331,"(121, 138, 285, 334)","(67, 331, 223, 372)"
2321421.jpg,wearing,collar,30,40,170,225,cat,276,333,114,151,0,3,265,200,484,390,"(170, 200, 225, 265)","(114, 390, 151, 484)"
2412575.jpg,sitting on,bench,202,333,285,59,boy,428,240,31,46,1,3,392,487,286,459,"(285, 487, 59, 392)","(31, 459, 46, 286)"
2342799.jpg,sitting on,table,23,147,273,15,peaches,52,64,165,157,1,3,162,296,221,217,"(273, 296, 15, 162)","(165, 217, 157, 221)"
2341882.jpg,sitting on,grass,378,490,1,3,bear,197,203,164,142,1,3,493,379,345,361,"(1, 379, 3, 493)","(164, 361, 142, 345)"
2348686.jpg,sitting on,buggy,57,90,174,188,man,88,45,138,216,1,3,278,231,261,226,"(174, 231, 188, 278)","(138, 226, 216, 261)"
3354.jpg,walking on,grass,183,378,212,208,person,30,39,197,285,0,3,586,395,324,227,"(212, 395, 208, 586)","(197, 227, 285, 324)"
2363067.jpg,wearing,backpack,54,38,157,155,child,199,60,117,140,0,3,193,211,200,316,"(157, 211, 155, 193)","(117, 316, 140, 200)"
2412008.jpg,wearing,shirt,50,41,203,151,player,93,56,183,143,0,3,192,253,199,276,"(203, 253, 151, 192)","(183, 276, 143, 199)"
2409826.jpg,sitting on,floor,133,471,203,0,bench,148,137,169,38,1,3,471,336,175,317,"(203, 336, 0, 471)","(169, 317, 38, 175)"
2332439.jpg,sitting on,counter,373,499,1,1,spoon,96,89,278,213,1,3,500,374,302,374,"(1, 374, 1, 500)","(278, 374, 213, 302)"
2394132.jpg,wearing,jeans,59,120,252,0,person,197,123,112,2,0,3,120,311,125,309,"(252, 311, 0, 120)","(112, 309, 2, 125)"
2335976.jpg,sitting on,stools,50,100,273,84,people,92,142,233,91,1,3,184,323,233,325,"(273, 323, 84, 184)","(233, 325, 91, 233)"
2380592.jpg,wearing,pants,54,24,219,8,man,112,35,166,6,0,3,32,273,41,278,"(219, 273, 8, 32)","(166, 278, 6, 41)"
2395871.jpg,wearing,glasses,14,51,135,117,girl,385,174,114,17,0,3,168,149,191,499,"(135, 149, 117, 168)","(114, 499, 17, 191)"
2328121.jpg,sitting on,plate,251,373,24,89,food,213,218,63,178,1,3,462,275,396,276,"(24, 275, 89, 462)","(63, 276, 178, 396)"
2329745.jpg,wearing,necklaces,129,188,219,180,person,290,269,84,127,0,3,368,348,396,374,"(219, 348, 180, 368)","(84, 374, 127, 396)"
2376041.jpg,sitting on,carriage,172,319,91,100,man,90,53,47,79,1,3,419,263,132,137,"(91, 263, 100, 419)","(47, 137, 79, 132)"
2345761.jpg,parked on,road,120,395,216,1,bus,132,444,108,55,0,3,396,336,499,240,"(216, 336, 1, 396)","(108, 240, 55, 499)"
2336130.jpg,wearing,jeans,147,104,197,80,man,330,120,43,56,0,3,184,344,176,373,"(197, 344, 80, 184)","(43, 373, 56, 176)"
1159405.jpg,hanging from,ceiling,381,993,38,30,light,21,40,357,429,0,3,1023,419,469,378,"(38, 419, 30, 1023)","(357, 378, 429, 469)"
2341356.jpg,sitting on,bench,86,158,175,57,adult,110,67,155,69,1,3,215,261,136,265,"(175, 261, 57, 215)","(155, 265, 69, 136)"
2390710.jpg,sitting on,hood,158,439,208,15,cat,170,192,115,136,1,3,454,366,328,285,"(208, 366, 15, 454)","(115, 285, 136, 328)"
2395228.jpg,wearing,shorts,71,87,190,392,man,207,114,125,369,0,3,479,261,483,332,"(190, 261, 392, 479)","(125, 332, 369, 483)"
2367031.jpg,sitting on,couch,323,497,8,1,child,190,226,28,157,1,3,498,331,383,218,"(8, 331, 1, 498)","(28, 218, 157, 383)"
2326427.jpg,sitting on,couch,38,50,158,407,couple,84,66,96,433,1,3,457,196,499,180,"(158, 196, 407, 457)","(96, 180, 433, 499)"
2331697.jpg,standing on,grass,21,19,285,115,cow,37,24,270,89,0,3,134,306,113,307,"(285, 306, 115, 134)","(270, 307, 89, 113)"
2405579.jpg,playing,games,66,71,176,214,person,432,244,67,27,0,3,285,242,271,499,"(176, 242, 214, 285)","(67, 499, 27, 271)"
2352422.jpg,wearing,flats,64,87,392,369,woman,437,211,18,247,0,3,456,456,458,455,"(392, 456, 369, 456)","(18, 455, 247, 458)"
2386555.jpg,wearing,mask,45,33,70,2,umpire,267,55,66,3,0,3,35,115,58,333,"(70, 115, 2, 35)","(66, 333, 3, 58)"
2408348.jpg,sitting on,couch,65,302,267,198,man,53,62,250,256,1,3,500,332,318,303,"(267, 332, 198, 500)","(250, 303, 256, 318)"
2369938.jpg,wearing,shirt,69,82,56,40,man,195,132,21,56,0,3,122,125,188,216,"(56, 125, 40, 122)","(21, 216, 56, 188)"
2397655.jpg,covered in,snow,33,171,361,85,bench,114,252,360,12,0,3,256,394,264,474,"(361, 394, 85, 256)","(360, 474, 12, 264)"
2361650.jpg,wearing,vest,226,165,135,86,man,456,254,36,42,0,3,251,361,296,492,"(135, 361, 86, 251)","(36, 492, 42, 296)"
2417567.jpg,sitting on,bench,54,81,247,369,snowboarder,130,106,158,313,1,3,450,301,419,288,"(247, 301, 369, 450)","(158, 288, 313, 419)"
2339589.jpg,sitting on,table,141,354,195,9,centerpiece,230,138,17,18,1,3,363,336,156,247,"(195, 336, 9, 363)","(17, 247, 18, 156)"
2386393.jpg,sitting on,table,343,337,155,0,leaf,32,23,425,299,1,3,337,498,322,457,"(155, 498, 0, 337)","(425, 457, 299, 322)"
2355495.jpg,sitting on,plate,57,102,303,283,tongs,58,49,283,307,1,3,385,360,356,341,"(303, 360, 283, 385)","(283, 341, 307, 356)"
2346244.jpg,sitting on,bench,33,88,378,217,couple,28,41,349,235,1,3,305,411,276,377,"(378, 411, 217, 305)","(349, 377, 235, 276)"
2372658.jpg,walking in,herd,58,413,170,84,zebra,60,74,167,281,0,3,497,228,355,227,"(170, 228, 84, 497)","(167, 227, 281, 355)"
2408962.jpg,wearing,scarf,88,85,85,250,woman,274,151,43,189,0,3,335,173,340,317,"(85, 173, 250, 335)","(43, 317, 189, 340)"
2330209.jpg,wearing,shirt,17,17,110,139,person,156,82,84,139,0,3,156,127,221,240,"(110, 127, 139, 156)","(84, 240, 139, 221)"
2394753.jpg,hanging from,ceiling,157,499,1,0,light,11,11,101,36,0,3,499,158,47,112,"(1, 158, 0, 499)","(101, 112, 36, 47)"
2354286.jpg,parked on,street,146,250,230,237,vans,158,222,182,262,0,3,487,376,484,340,"(230, 376, 237, 487)","(182, 340, 262, 484)"
2327014.jpg,wearing,shirt,100,100,169,260,lady,240,203,130,259,0,3,360,269,462,370,"(169, 269, 260, 360)","(130, 370, 259, 462)"
2326136.jpg,covered in,trees,131,490,5,1,hillside,122,493,0,0,0,3,491,136,493,122,"(5, 136, 1, 491)","(0, 122, 0, 493)"
1592413.jpg,wearing,tie,376,70,288,676,man,657,528,20,427,0,3,746,664,955,677,"(288, 664, 676, 746)","(20, 677, 427, 955)"
1664.jpg,sitting on,desk,226,766,370,2,screen,293,304,118,211,1,3,768,596,515,411,"(370, 596, 2, 768)","(118, 411, 211, 515)"
2390974.jpg,wearing,sundress,50,39,165,228,woman,173,57,109,218,0,3,267,215,275,282,"(165, 215, 228, 267)","(109, 282, 218, 275)"
2408195.jpg,eating,grass,66,52,275,407,zebra,236,262,65,4,0,3,459,341,266,301,"(275, 341, 407, 459)","(65, 301, 4, 266)"
2369867.jpg,sitting on,counter,159,108,102,1,cans,67,91,54,17,1,3,109,261,108,121,"(102, 261, 1, 109)","(54, 121, 17, 108)"
2407652.jpg,wearing,shirt,303,299,195,32,man,464,294,26,37,0,3,331,498,331,490,"(195, 498, 32, 331)","(26, 490, 37, 331)"
2359222.jpg,sitting on,desk,145,496,228,3,cat,291,290,68,159,1,3,499,373,449,359,"(228, 373, 3, 499)","(68, 359, 159, 449)"
2366175.jpg,wearing,bracelet,22,11,138,433,woman,344,163,13,319,0,3,444,160,482,357,"(138, 160, 433, 444)","(13, 357, 319, 482)"
2404709.jpg,sitting on,car,449,374,50,1,cat,158,88,156,145,1,3,375,499,233,314,"(50, 499, 1, 375)","(156, 314, 145, 233)"
2402030.jpg,sitting on,concrete,71,496,278,0,motorcycle,144,271,187,140,1,3,496,349,411,331,"(278, 349, 0, 496)","(187, 331, 140, 411)"
2388026.jpg,sitting on,chair,95,36,189,463,man,74,15,151,484,1,3,499,284,499,225,"(189, 284, 463, 499)","(151, 225, 484, 499)"
2319161.jpg,sitting on,bench,58,66,438,17,person,17,13,430,26,1,3,83,496,39,447,"(438, 496, 17, 83)","(430, 447, 26, 39)"
2402901.jpg,eating,hen,43,54,124,190,fox,42,53,119,29,0,3,244,167,82,161,"(124, 167, 190, 244)","(119, 161, 29, 82)"
2337312.jpg,sitting on,ground,371,495,1,4,tomato,61,51,107,145,1,3,499,372,196,168,"(1, 372, 4, 499)","(107, 168, 145, 196)"
2376662.jpg,sitting on,table,374,498,0,0,can,15,66,0,218,1,3,498,374,284,15,"(0, 374, 0, 498)","(0, 15, 218, 284)"
2343831.jpg,sitting on,counter,104,263,266,5,bowl,62,102,296,147,1,3,268,370,249,358,"(266, 370, 5, 268)","(296, 358, 147, 249)"
2348841.jpg,wearing,pants,76,59,205,151,boy,158,132,132,107,0,3,210,281,239,290,"(205, 281, 151, 210)","(132, 290, 107, 239)"
2417904.jpg,sitting on,counter,73,120,208,376,bottle,88,30,152,444,1,3,496,281,474,240,"(208, 281, 376, 496)","(152, 240, 444, 474)"
2403604.jpg,sitting on,sidewalk,194,222,180,3,sign,118,40,88,2,1,3,225,374,42,206,"(180, 374, 3, 225)","(88, 206, 2, 42)"
2393089.jpg,wearing,sweatband,12,38,93,212,man,254,204,87,60,0,3,250,105,264,341,"(93, 105, 212, 250)","(87, 341, 60, 264)"
2410944.jpg,sitting on,raft,452,211,37,91,bird,79,53,4,105,1,3,302,489,158,83,"(37, 489, 91, 302)","(4, 83, 105, 158)"
2382757.jpg,sitting on,blanket,239,500,135,0,cat,273,240,86,160,1,3,500,374,400,359,"(135, 374, 0, 500)","(86, 359, 160, 400)"
2349740.jpg,eating,grass,144,257,154,139,zebra,290,229,37,0,0,3,396,298,229,327,"(154, 298, 139, 396)","(37, 327, 0, 229)"
2416609.jpg,sitting on,shelves,61,490,8,7,item,49,41,2,226,1,3,497,69,267,51,"(8, 69, 7, 497)","(2, 51, 226, 267)"
2384056.jpg,walking on,field,109,498,224,1,cow,117,66,111,176,0,3,499,333,242,228,"(224, 333, 1, 499)","(111, 228, 176, 242)"
2408537.jpg,wearing,hat,10,23,117,140,woman,104,57,118,123,0,3,163,127,180,222,"(117, 127, 140, 163)","(118, 222, 123, 180)"
1721.jpg,wearing,sweater,66,77,391,615,man,212,66,362,624,0,3,692,457,690,574,"(391, 457, 615, 692)","(362, 574, 624, 690)"
2356809.jpg,carrying,tam-tam,64,75,164,138,man,161,81,119,141,0,3,213,228,222,280,"(164, 228, 138, 213)","(119, 280, 141, 222)"
2356399.jpg,wearing,shirt,188,138,115,333,men,331,158,1,320,0,3,471,303,478,332,"(115, 303, 333, 471)","(1, 332, 320, 478)"
2388290.jpg,sitting on,grass,36,109,99,64,woman,52,52,38,171,1,3,173,135,223,90,"(99, 135, 64, 173)","(38, 90, 171, 223)"
2347237.jpg,sitting on,table,15,181,358,263,bottle,47,30,326,330,1,3,444,373,360,373,"(358, 373, 263, 444)","(326, 373, 330, 360)"
2372263.jpg,sitting on,bleachers,158,412,135,83,people,172,488,110,11,1,3,495,293,499,282,"(135, 293, 83, 495)","(110, 282, 11, 499)"
2371693.jpg,sitting on,appliance,204,474,167,25,cat,183,145,37,127,1,3,499,371,272,220,"(167, 371, 25, 499)","(37, 220, 127, 272)"
3071.jpg,wearing,shorts,16,13,449,566,child,57,26,422,558,0,3,579,465,584,479,"(449, 465, 566, 579)","(422, 479, 558, 584)"
2330672.jpg,sitting on,table,110,153,114,313,glass,17,14,105,405,1,3,466,224,419,122,"(114, 224, 313, 466)","(105, 122, 405, 419)"
547.jpg,sitting on,shelf,19,78,92,427,book,21,7,77,450,1,3,505,111,457,98,"(92, 111, 427, 505)","(77, 98, 450, 457)"
2342799.jpg,sitting on,shelf,21,163,147,67,apple,17,20,131,159,1,3,230,168,179,148,"(147, 168, 67, 230)","(131, 148, 159, 179)"
2350833.jpg,painted on,bus,496,317,1,2,number,29,26,292,106,0,3,319,497,132,321,"(1, 497, 2, 319)","(292, 321, 106, 132)"
2388605.jpg,sitting on,scooter,301,446,98,7,woman,387,269,10,131,1,3,453,399,400,397,"(98, 399, 7, 453)","(10, 397, 131, 400)"
2336095.jpg,wearing,jersey,114,77,303,301,man,246,86,251,290,0,3,378,417,376,497,"(303, 417, 301, 378)","(251, 497, 290, 376)"
2412149.jpg,wearing,belt,50,95,401,52,lady,276,252,57,19,0,3,147,451,271,333,"(401, 451, 52, 147)","(57, 333, 19, 271)"
713660.jpg,hanging from,building,677,774,2,2,flag,195,165,86,85,0,3,776,679,250,281,"(2, 679, 2, 776)","(86, 281, 85, 250)"
2372101.jpg,sitting on,plate,95,160,179,0,roll,60,70,193,16,1,3,160,274,86,253,"(179, 274, 0, 160)","(193, 253, 16, 86)"
2318618.jpg,wearing,shirt,117,91,88,352,person,231,92,40,350,0,3,443,205,442,271,"(88, 205, 352, 443)","(40, 271, 350, 442)"
2374975.jpg,sitting on,bench,38,75,274,297,man,175,89,155,211,1,3,372,312,300,330,"(274, 312, 297, 372)","(155, 330, 211, 300)"
2321870.jpg,sitting on,floor,226,330,271,0,person,213,286,196,44,1,3,330,497,330,409,"(271, 497, 0, 330)","(196, 409, 44, 330)"
2402414.jpg,sitting on,grass,136,397,232,103,microwave,156,230,98,138,1,3,500,368,368,254,"(232, 368, 103, 500)","(98, 254, 138, 368)"
2408458.jpg,wearing,headband,53,96,24,216,man,372,214,10,202,0,3,312,77,416,382,"(24, 77, 216, 312)","(10, 382, 202, 416)"
2382673.jpg,wearing,watch,27,43,155,289,woman,332,410,1,11,0,3,332,182,421,333,"(155, 182, 289, 332)","(1, 333, 11, 421)"
2391107.jpg,wearing,hat,57,105,80,198,lady,110,115,143,210,0,3,303,137,325,253,"(80, 137, 198, 303)","(143, 253, 210, 325)"
2386601.jpg,wearing,pants,113,155,366,43,man,182,119,95,99,0,3,198,479,218,277,"(366, 479, 43, 198)","(95, 277, 99, 218)"
2364564.jpg,sitting on,table,93,143,115,62,book,33,15,102,142,1,3,205,208,157,135,"(115, 208, 62, 205)","(102, 135, 142, 157)"
3453.jpg,growing on,tree,119,88,315,247,leaf,7,7,334,302,0,3,335,434,309,341,"(315, 434, 247, 335)","(334, 341, 302, 309)"
2378707.jpg,sitting on,table,104,480,270,19,drink,67,32,255,392,1,3,499,374,424,322,"(270, 374, 19, 499)","(255, 322, 392, 424)"
2324406.jpg,riding,skateboard,52,57,176,111,man,177,138,53,74,0,3,168,228,212,230,"(176, 228, 111, 168)","(53, 230, 74, 212)"
2348766.jpg,sitting on,surfboard,11,30,174,182,man,43,36,142,179,1,3,212,185,215,185,"(174, 185, 182, 212)","(142, 185, 179, 215)"
2365025.jpg,wearing,vest,181,111,319,0,woman,290,139,210,0,0,3,111,500,139,500,"(319, 500, 0, 111)","(210, 500, 0, 139)"
2333188.jpg,sitting on,chair,113,84,25,268,person,133,99,0,245,1,3,352,138,344,133,"(25, 138, 268, 352)","(0, 133, 245, 344)"
2340328.jpg,wearing,shirt,22,30,24,154,person,55,54,1,139,0,3,184,46,193,56,"(24, 46, 154, 184)","(1, 56, 139, 193)"
2358810.jpg,sitting on,lap,79,139,420,148,cat,239,116,241,112,1,3,287,499,228,480,"(420, 499, 148, 287)","(241, 480, 112, 228)"
2363374.jpg,wearing,white,24,27,159,419,woman,116,65,116,392,0,3,446,183,457,232,"(159, 183, 419, 446)","(116, 232, 392, 457)"
2380374.jpg,wearing,earring,8,5,208,151,girl,322,101,170,96,0,3,156,216,197,492,"(208, 216, 151, 156)","(170, 492, 96, 197)"
2348315.jpg,sitting on,computer,295,362,79,14,glass,198,92,154,36,1,3,376,374,128,352,"(79, 374, 14, 376)","(154, 352, 36, 128)"
2413879.jpg,playing,game,57,93,120,382,man,300,148,32,24,0,3,475,177,172,332,"(120, 177, 382, 475)","(32, 332, 24, 172)"
2377010.jpg,wearing,hat,61,35,40,165,man,240,192,39,163,0,3,200,101,355,279,"(40, 101, 165, 200)","(39, 279, 163, 355)"
2389743.jpg,sitting on,dirt,117,498,281,1,dog,145,130,251,145,1,3,499,398,275,396,"(281, 398, 1, 499)","(251, 396, 145, 275)"
2342105.jpg,sitting on,ground,63,494,266,6,woman,14,42,270,304,1,3,500,329,346,284,"(266, 329, 6, 500)","(270, 284, 304, 346)"
2405854.jpg,sitting on,shelf,127,152,222,0,glass,95,44,191,2,1,3,152,349,46,286,"(222, 349, 0, 152)","(191, 286, 2, 46)"
2318755.jpg,sitting on,bench,25,168,29,73,peron,30,15,17,158,1,3,241,54,173,47,"(29, 54, 73, 241)","(17, 47, 158, 173)"
2389226.jpg,sitting on,blanket,22,181,153,242,woman,72,102,88,258,1,3,423,175,360,160,"(153, 175, 242, 423)","(88, 160, 258, 360)"
2387630.jpg,sitting on,floor,23,138,255,6,bear,102,76,177,35,1,3,144,278,111,279,"(255, 278, 6, 144)","(177, 279, 35, 111)"
2357122.jpg,wearing,ring,9,8,294,149,lady,246,185,86,140,0,3,157,303,325,332,"(294, 303, 149, 157)","(86, 332, 140, 325)"
2405607.jpg,wearing,shirt,188,112,151,108,child,337,130,50,104,0,3,220,339,234,387,"(151, 339, 108, 220)","(50, 387, 104, 234)"
2334867.jpg,wearing,glove,15,18,224,250,man,143,142,195,250,0,3,268,239,392,338,"(224, 239, 250, 268)","(195, 338, 250, 392)"
2393139.jpg,sitting on,shelf,325,498,35,1,microwave,179,306,124,91,1,3,499,360,397,303,"(35, 360, 1, 499)","(124, 303, 91, 397)"
576.jpg,sitting on,boat,112,318,311,26,passengers,131,191,261,46,1,3,344,423,237,392,"(311, 423, 26, 344)","(261, 392, 46, 237)"
2385580.jpg,sitting on,couch,108,229,98,179,kid,77,48,123,247,1,3,408,206,295,200,"(98, 206, 179, 408)","(123, 200, 247, 295)"
2397578.jpg,wearing,t-shirt,47,69,186,181,woman,76,79,157,181,0,3,250,233,260,233,"(186, 233, 181, 250)","(157, 233, 181, 260)"
2341284.jpg,sitting on,field,63,496,268,0,person,27,18,297,98,1,3,496,331,116,324,"(268, 331, 0, 496)","(297, 324, 98, 116)"
2340469.jpg,sitting on,elephant,241,331,64,24,man,61,73,10,154,1,3,355,305,227,71,"(64, 305, 24, 355)","(10, 71, 154, 227)"
2395924.jpg,standing on,stool,47,109,449,15,child,462,151,35,41,0,3,124,496,192,497,"(449, 496, 15, 124)","(35, 497, 41, 192)"
2322993.jpg,wearing,shirt,79,39,203,460,person,109,38,169,461,0,3,499,282,499,278,"(203, 282, 460, 499)","(169, 278, 461, 499)"
2368594.jpg,sitting on,skateboard,86,432,196,48,baby,244,228,35,118,1,3,480,282,346,279,"(196, 282, 48, 480)","(35, 279, 118, 346)"
2411621.jpg,sitting on,field,232,499,70,1,bird,6,6,87,228,1,3,500,302,234,93,"(70, 302, 1, 500)","(87, 93, 228, 234)"
3563.jpg,sitting on,shelf,43,318,403,480,book,88,30,333,602,1,3,798,446,632,421,"(403, 446, 480, 798)","(333, 421, 602, 632)"
2399971.jpg,wearing,shoe,13,15,181,274,boy,88,25,105,276,0,3,289,194,301,193,"(181, 194, 274, 289)","(105, 193, 276, 301)"
2317114.jpg,wearing,pants,62,45,196,49,skier,182,72,93,36,0,3,94,258,108,275,"(196, 258, 49, 94)","(93, 275, 36, 108)"
2370959.jpg,riding,bicycle,32,42,228,327,woman,25,22,207,345,0,3,369,260,367,232,"(228, 260, 327, 369)","(207, 232, 345, 367)"
4919.jpg,hanging from,ceiling,92,399,1,1,chandelier,70,79,16,92,0,3,400,93,171,86,"(1, 93, 1, 400)","(16, 86, 92, 171)"
2396286.jpg,wearing,jeans,117,61,286,385,man,258,90,169,376,0,3,446,403,466,427,"(286, 403, 385, 446)","(169, 427, 376, 466)"
2363727.jpg,lying on,straw,65,292,264,204,cow,171,326,89,136,0,3,496,329,462,260,"(264, 329, 204, 496)","(89, 260, 136, 462)"
2379433.jpg,wearing,shoes,72,103,274,88,man,334,161,11,87,0,3,191,346,248,345,"(274, 346, 88, 191)","(11, 345, 87, 248)"
2408482.jpg,sitting on,rail,61,499,230,0,birds,35,303,223,61,1,3,499,291,364,258,"(230, 291, 0, 499)","(223, 258, 61, 364)"
2395488.jpg,standing on,road,120,234,202,261,person,171,68,80,145,0,3,495,322,213,251,"(202, 322, 261, 495)","(80, 251, 145, 213)"
2390416.jpg,wearing,wetsuit,129,48,148,153,surfer,173,56,121,156,0,3,201,277,212,294,"(148, 277, 153, 201)","(121, 294, 156, 212)"
2416137.jpg,walking on,road,29,217,301,0,elephant,192,214,137,29,0,3,217,330,243,329,"(301, 330, 0, 217)","(137, 329, 29, 243)"
2367005.jpg,sitting on,booth,256,373,153,0,man,413,166,81,102,1,3,373,409,268,494,"(153, 409, 0, 373)","(81, 494, 102, 268)"
2403548.jpg,wearing,sleeves,26,35,318,152,girl,60,37,301,150,0,3,187,344,187,361,"(318, 344, 152, 187)","(301, 361, 150, 187)"
2399024.jpg,riding,horses,87,285,141,112,people,87,170,108,41,0,3,397,228,211,195,"(141, 228, 112, 397)","(108, 195, 41, 211)"
2352496.jpg,wearing,belt,10,44,132,135,man,231,92,31,96,0,3,179,142,188,262,"(132, 142, 135, 179)","(31, 262, 96, 188)"
2333989.jpg,hanging from,ceiling,16,495,2,2,lights,66,497,10,0,0,3,497,18,497,76,"(2, 18, 2, 497)","(10, 76, 0, 497)"
2382438.jpg,sitting on,rocks,21,151,158,331,girl,20,8,147,365,1,3,482,179,373,167,"(158, 179, 331, 482)","(147, 167, 365, 373)"
2400462.jpg,watching,tv,28,123,2,109,man,341,292,159,6,0,3,232,30,298,500,"(2, 30, 109, 232)","(159, 500, 6, 298)"
2401648.jpg,sitting on,counter,30,66,302,21,potato,53,56,161,108,1,3,87,332,164,214,"(302, 332, 21, 87)","(161, 214, 108, 164)"
2408964.jpg,wearing,boots,96,87,398,134,lady,321,127,175,132,0,3,221,494,259,496,"(398, 494, 134, 221)","(175, 496, 132, 259)"
2340828.jpg,wearing,sock,49,75,222,270,man,207,283,72,65,0,3,345,271,348,279,"(222, 271, 270, 345)","(72, 279, 65, 348)"
2347668.jpg,sitting on,bed,143,433,162,66,person,291,140,41,336,1,3,499,305,476,332,"(162, 305, 66, 499)","(41, 332, 336, 476)"
2356152.jpg,wearing,jeans,35,42,463,288,man,205,50,293,281,0,3,330,498,331,498,"(463, 498, 288, 330)","(293, 498, 281, 331)"
2399035.jpg,sitting on,carpet,178,173,44,293,cat,123,217,46,283,1,3,466,222,500,169,"(44, 222, 293, 466)","(46, 169, 283, 500)"
2350070.jpg,wearing,jacket,88,82,183,262,man,224,70,149,264,0,3,344,271,334,373,"(183, 271, 262, 344)","(149, 373, 264, 334)"
2347382.jpg,sitting on,bed,320,495,7,4,item,78,102,40,124,1,3,499,327,226,118,"(7, 327, 4, 499)","(40, 118, 124, 226)"
2397229.jpg,wearing,jeans,23,13,185,461,man,51,25,160,453,0,3,474,208,478,211,"(185, 208, 461, 474)","(160, 211, 453, 478)"
2347819.jpg,sitting on,sofa,229,369,271,5,woman,466,371,34,3,1,3,374,500,374,500,"(271, 500, 5, 374)","(34, 500, 3, 374)"
2379895.jpg,wearing,glasses,16,18,90,307,man,249,89,63,259,0,3,325,106,348,312,"(90, 106, 307, 325)","(63, 312, 259, 348)"
2358865.jpg,sitting on,bench,28,91,221,323,man,40,26,210,373,1,3,414,249,399,250,"(221, 249, 323, 414)","(210, 250, 373, 399)"
2361054.jpg,sitting on,desk,120,467,60,0,telephone,44,79,73,238,1,3,467,180,317,117,"(60, 180, 0, 467)","(73, 117, 238, 317)"
2392382.jpg,sitting on,stairs,78,281,234,40,person,16,14,232,98,1,3,321,312,112,248,"(234, 312, 40, 321)","(232, 248, 98, 112)"
2381206.jpg,playing,frisbee,7,28,183,139,woman,121,60,117,254,0,3,167,190,314,238,"(183, 190, 139, 167)","(117, 238, 254, 314)"
2396055.jpg,wearing,shoes,67,108,385,28,boy,440,171,15,22,0,3,136,452,193,455,"(385, 452, 28, 136)","(15, 455, 22, 193)"
2322301.jpg,sitting on,bench,32,193,147,0,people,41,76,81,96,1,3,193,179,172,122,"(147, 179, 0, 193)","(81, 122, 96, 172)"
2348394.jpg,watching,game,154,459,192,9,men,71,121,207,200,0,3,468,346,321,278,"(192, 346, 9, 468)","(207, 278, 200, 321)"
2349127.jpg,wearing,jacket,157,122,117,202,man,297,134,77,194,0,3,324,274,328,374,"(117, 274, 202, 324)","(77, 374, 194, 328)"
2343266.jpg,sitting on,tarmac,141,498,258,1,airplane,82,297,195,101,1,3,499,399,398,277,"(258, 399, 1, 499)","(195, 277, 101, 398)"
1591919.jpg,wearing,suit,376,72,303,0,man,408,73,267,0,0,3,72,679,73,675,"(303, 679, 0, 72)","(267, 675, 0, 73)"
2318420.jpg,sitting on,bench,47,78,185,421,man,50,45,180,426,1,3,499,232,471,230,"(185, 232, 421, 499)","(180, 230, 426, 471)"
2357988.jpg,sitting on,arm,94,151,277,345,case,49,70,324,419,1,3,496,371,489,373,"(277, 371, 345, 496)","(324, 373, 419, 489)"
2359059.jpg,sitting on,shelf,13,103,210,69,laptop,29,59,193,101,1,3,172,223,160,222,"(210, 223, 69, 172)","(193, 222, 101, 160)"
2331275.jpg,wearing,boots,77,83,202,115,man,242,144,35,76,0,3,198,279,220,277,"(202, 279, 115, 198)","(35, 277, 76, 220)"
2362422.jpg,sitting on,chair,120,89,174,44,boy,68,96,180,79,1,3,133,294,175,248,"(174, 294, 44, 133)","(180, 248, 79, 175)"
2336902.jpg,wearing,sunglasses,12,11,128,319,man,210,62,120,310,0,3,330,140,372,330,"(128, 140, 319, 330)","(120, 330, 310, 372)"
2396256.jpg,wearing,sunglasses,10,24,108,60,biker,92,62,95,62,0,3,84,118,124,187,"(108, 118, 60, 84)","(95, 187, 62, 124)"
2317961.jpg,sitting on,ground,351,497,22,2,bull,141,179,129,187,1,3,499,373,366,270,"(22, 373, 2, 499)","(129, 270, 187, 366)"
2411401.jpg,carrying,briefcase,37,31,336,96,man,183,60,234,112,0,3,127,373,172,417,"(336, 373, 96, 127)","(234, 417, 112, 172)"
2400581.jpg,sitting on,grass,125,490,250,6,child,41,21,209,144,1,3,496,375,165,250,"(250, 375, 6, 496)","(209, 250, 144, 165)"
2336716.jpg,sitting on,grass,154,495,177,4,person,97,51,2,170,1,3,499,331,221,99,"(177, 331, 4, 499)","(2, 99, 170, 221)"
2397217.jpg,wearing,shirt,53,74,126,217,skiier,160,95,106,226,0,3,291,179,321,266,"(126, 179, 217, 291)","(106, 266, 226, 321)"
396.jpg,sitting on,toilet,65,114,266,16,man,93,67,82,146,1,3,130,331,213,175,"(266, 331, 16, 130)","(82, 175, 146, 213)"
2325553.jpg,sitting on,ground,224,331,275,1,giraffe,226,241,178,19,1,3,332,499,260,404,"(275, 499, 1, 332)","(178, 404, 19, 260)"
713120.jpg,wearing,top,225,128,333,266,girl,402,275,171,221,0,3,394,558,496,573,"(333, 558, 266, 394)","(171, 573, 221, 496)"
2357159.jpg,wearing,sandals,8,33,489,125,man,117,46,381,125,0,3,158,497,171,498,"(489, 497, 125, 158)","(381, 498, 125, 171)"
2341312.jpg,riding,skateboard,19,41,307,184,skater,120,85,196,182,0,3,225,326,267,316,"(307, 326, 184, 225)","(196, 316, 182, 267)"
2326848.jpg,sitting on,bench,49,368,125,103,people,85,60,84,287,1,3,471,174,347,169,"(125, 174, 103, 471)","(84, 169, 287, 347)"
2408068.jpg,wearing,helmet,16,13,68,192,child,54,23,70,186,0,3,205,84,209,124,"(68, 84, 192, 205)","(70, 124, 186, 209)"
1248.jpg,sitting on,seat,130,153,163,310,man,174,113,123,304,1,3,463,293,417,297,"(163, 293, 310, 463)","(123, 297, 304, 417)"
2341351.jpg,painted on,float,85,294,238,151,letter,25,15,252,179,0,3,445,323,194,277,"(238, 323, 151, 445)","(252, 277, 179, 194)"
713272.jpg,covering,hill,190,501,666,177,snow,149,368,871,284,0,3,678,856,652,1020,"(666, 856, 177, 678)","(871, 1020, 284, 652)"
2326390.jpg,mounted on,pole,92,10,80,33,sign,23,39,60,0,0,3,43,172,39,83,"(80, 172, 33, 43)","(60, 83, 0, 39)"
2403657.jpg,sitting on,bench,198,494,106,1,woman,276,245,25,221,1,3,495,304,466,301,"(106, 304, 1, 495)","(25, 301, 221, 466)"
2348884.jpg,sitting on,horse,149,161,184,61,person,129,36,161,141,1,3,222,333,177,290,"(184, 333, 61, 222)","(161, 290, 141, 177)"
2354948.jpg,sitting on,sofa,73,129,204,245,woman,57,38,177,323,1,3,374,277,361,234,"(204, 277, 245, 374)","(177, 234, 323, 361)"
2382636.jpg,wearing,shirt,19,10,278,6,person,68,33,241,0,0,3,16,297,33,309,"(278, 297, 6, 16)","(241, 309, 0, 33)"
2402226.jpg,sitting on,bench,239,146,111,353,cup,44,24,200,426,1,3,499,350,450,244,"(111, 350, 353, 499)","(200, 244, 426, 450)"
2318277.jpg,sitting on,object,256,129,57,139,bird,101,59,52,149,1,3,268,313,208,153,"(57, 313, 139, 268)","(52, 153, 149, 208)"
1779.jpg,sitting on,sidewalk,304,797,293,1,moped,349,211,128,260,1,3,798,597,471,477,"(293, 597, 1, 798)","(128, 477, 260, 471)"
2403149.jpg,sitting on,desk,197,499,177,0,keyboard,92,174,272,0,1,3,499,374,174,364,"(177, 374, 0, 499)","(272, 364, 0, 174)"
2330418.jpg,painted on,engine,115,224,129,112,number,7,4,207,216,0,3,336,244,220,214,"(129, 244, 112, 336)","(207, 214, 216, 220)"
2348724.jpg,flying in,skies,66,230,14,121,kite,20,22,172,218,0,3,351,80,240,192,"(14, 80, 121, 351)","(172, 192, 218, 240)"
240.jpg,sitting on,sidewalk,139,372,389,127,motorcycle,74,114,340,248,1,3,499,528,362,414,"(389, 528, 127, 499)","(340, 414, 248, 362)"
2367628.jpg,wearing,shorts,25,33,127,146,person,90,54,96,129,0,3,179,152,183,186,"(127, 152, 146, 179)","(96, 186, 129, 183)"
2393748.jpg,wearing,cap,47,43,153,207,boy,301,136,102,169,0,3,250,200,305,403,"(153, 200, 207, 250)","(102, 403, 169, 305)"
2321989.jpg,wearing,tie,63,24,183,134,man,372,125,126,85,0,3,158,246,210,498,"(183, 246, 134, 158)","(126, 498, 85, 210)"
2413814.jpg,wearing,helmet,20,24,131,242,biker,132,59,131,213,0,3,266,151,272,263,"(131, 151, 242, 266)","(131, 263, 213, 272)"
2361567.jpg,eating,grass,136,106,212,5,zebra,134,99,336,304,0,3,111,348,403,470,"(212, 348, 5, 111)","(336, 470, 304, 403)"
2408351.jpg,wearing,shorts,169,151,327,31,boy,450,201,50,24,0,3,182,496,225,500,"(327, 496, 31, 182)","(50, 500, 24, 225)"
2411464.jpg,sitting on,floor,217,437,157,63,girl,316,289,19,116,1,3,500,374,405,335,"(157, 374, 63, 500)","(19, 335, 116, 405)"
2338410.jpg,walking in,dirt,99,498,111,0,elephant,33,22,135,403,0,3,498,210,425,168,"(111, 210, 0, 498)","(135, 168, 403, 425)"
2379992.jpg,sitting on,tracks,51,99,280,397,train,290,278,0,221,1,3,496,331,499,290,"(280, 331, 397, 496)","(0, 290, 221, 499)"
498019.jpg,sitting on,couch,634,941,260,254,people,545,315,212,416,1,3,1195,894,731,757,"(260, 894, 254, 1195)","(212, 757, 416, 731)"
2355516.jpg,sitting on,counter,218,494,155,2,toy,36,27,172,281,1,3,496,373,308,208,"(155, 373, 2, 496)","(172, 208, 281, 308)"
2395603.jpg,wearing,pink,14,9,164,384,person,34,15,159,382,0,3,393,178,397,193,"(164, 178, 384, 393)","(159, 193, 382, 397)"
2379053.jpg,wearing,hat,26,33,97,36,man,218,93,93,20,0,3,69,123,113,311,"(97, 123, 36, 69)","(93, 311, 20, 113)"
2412264.jpg,sitting on,grass,54,171,82,82,person,37,15,56,125,1,3,253,136,140,93,"(82, 136, 82, 253)","(56, 93, 125, 140)"
2368041.jpg,growing on,fence,186,498,0,0,vines,135,54,2,296,0,3,498,186,350,137,"(0, 186, 0, 498)","(2, 137, 296, 350)"
2373311.jpg,sitting on,bench,36,47,209,144,person,64,47,191,142,1,3,191,245,189,255,"(209, 245, 144, 191)","(191, 255, 142, 189)"
2329177.jpg,sitting on,box,128,235,127,153,laptop,194,183,9,139,1,3,388,255,322,203,"(127, 255, 153, 388)","(9, 203, 139, 322)"
2383702.jpg,sitting on,bench,211,176,153,120,girl,197,131,165,140,1,3,296,364,271,362,"(153, 364, 120, 296)","(165, 362, 140, 271)"
2402485.jpg,sitting on,mantel,36,206,64,264,clock,19,27,78,440,1,3,470,100,467,97,"(64, 100, 264, 470)","(78, 97, 440, 467)"
107955.jpg,wearing,sweater,422,284,320,737,woman,577,314,185,707,0,3,1021,742,1021,762,"(320, 742, 737, 1021)","(185, 762, 707, 1021)"
2415027.jpg,riding,skateboard,29,59,360,108,man,282,100,90,82,0,3,167,389,182,372,"(360, 389, 108, 167)","(90, 372, 82, 182)"
2362405.jpg,sitting on,table,279,366,213,6,plate,182,270,273,90,1,3,372,492,360,455,"(213, 492, 6, 372)","(273, 455, 90, 360)"
2377690.jpg,sitting on,doily,80,192,294,209,vase,83,100,292,236,1,3,401,374,336,375,"(294, 374, 209, 401)","(292, 375, 236, 336)"
2388242.jpg,wearing,sunglasses,63,113,109,269,person,319,346,55,149,0,3,382,172,495,374,"(109, 172, 269, 382)","(55, 374, 149, 495)"
2357946.jpg,eating,hay,13,37,240,62,zebra,250,432,51,32,0,3,99,253,464,301,"(240, 253, 62, 99)","(51, 301, 32, 464)"
2338193.jpg,standing on,surfboard,33,81,247,219,man,119,86,136,226,0,3,300,280,312,255,"(247, 280, 219, 300)","(136, 255, 226, 312)"
2354726.jpg,wearing,shoe,13,15,350,242,man,247,57,118,233,0,3,257,363,290,365,"(350, 363, 242, 257)","(118, 365, 233, 290)"
2401359.jpg,wearing,clothes,242,135,124,222,woman,462,190,37,183,0,3,357,366,373,499,"(124, 366, 222, 357)","(37, 499, 183, 373)"
2344804.jpg,sitting on,ground,61,111,185,254,lady,229,231,101,263,1,3,365,246,494,330,"(185, 246, 254, 365)","(101, 330, 263, 494)"
2395556.jpg,sitting on,scooter,120,92,143,358,people,144,81,77,359,1,3,450,263,440,221,"(143, 263, 358, 450)","(77, 221, 359, 440)"
2416254.jpg,riding,horse,37,37,115,52,person,61,37,92,57,0,3,89,152,94,153,"(115, 152, 52, 89)","(92, 153, 57, 94)"
2347938.jpg,wearing,clothes,20,19,314,413,lady,37,52,302,406,0,3,432,334,458,339,"(314, 334, 413, 432)","(302, 339, 406, 458)"
2359513.jpg,wearing,shirt,84,65,84,299,man,254,74,62,298,0,3,364,168,372,316,"(84, 168, 299, 364)","(62, 316, 298, 372)"
3004.jpg,wearing,shirt,28,44,397,54,woman,62,33,381,57,0,3,98,425,90,443,"(397, 425, 54, 98)","(381, 443, 57, 90)"
2412306.jpg,watching,race,218,439,81,60,man,30,21,60,186,0,3,499,299,207,90,"(81, 299, 60, 499)","(60, 90, 186, 207)"
2393296.jpg,sitting on,table,496,500,1,0,plate,491,494,3,4,1,3,500,497,498,494,"(1, 497, 0, 500)","(3, 494, 4, 498)"
2335557.jpg,sitting on,bench,73,173,379,202,man,47,57,342,252,1,3,375,452,309,389,"(379, 452, 202, 375)","(342, 389, 252, 309)"
2393624.jpg,sitting on,carpet,184,491,146,6,cup,20,12,176,473,1,3,497,330,485,196,"(146, 330, 6, 497)","(176, 196, 473, 485)"
2361665.jpg,wearing,glasses,6,13,199,403,man,149,52,194,385,0,3,416,205,437,343,"(199, 205, 403, 416)","(194, 343, 385, 437)"
2410495.jpg,sitting on,table,364,367,134,2,pizza,207,321,187,12,1,3,369,498,333,394,"(134, 498, 2, 369)","(187, 394, 12, 333)"
2331069.jpg,sitting on,ground,223,143,275,4,man,159,133,266,149,1,3,147,498,282,425,"(275, 498, 4, 147)","(266, 425, 149, 282)"
2372810.jpg,wearing,shirt,123,110,126,274,man,172,160,105,221,0,3,384,249,381,277,"(126, 249, 274, 384)","(105, 277, 221, 381)"
2399307.jpg,sitting on,chair,217,79,235,19,girl,275,206,99,26,1,3,98,452,232,374,"(235, 452, 19, 98)","(99, 374, 26, 232)"
2389244.jpg,sitting on,floor,32,376,223,123,person,73,59,172,317,1,3,499,255,376,245,"(223, 255, 123, 499)","(172, 245, 317, 376)"
2341700.jpg,sitting on,bear,85,104,140,354,log,51,91,266,157,1,3,458,225,248,317,"(140, 225, 354, 458)","(266, 317, 157, 248)"
2367920.jpg,sitting on,tray,313,481,13,12,pizza,284,430,27,42,1,3,493,326,472,311,"(13, 326, 12, 493)","(27, 311, 42, 472)"
2325083.jpg,sitting on,desk,75,499,256,0,monitor,131,263,0,0,1,3,499,331,263,131,"(256, 331, 0, 499)","(0, 131, 0, 263)"
2349178.jpg,wearing,shirt,64,45,138,228,man,183,56,116,220,0,3,273,202,276,299,"(138, 202, 228, 273)","(116, 299, 220, 276)"
2360406.jpg,wearing,suit,262,182,85,150,man,263,182,88,145,0,3,332,347,327,351,"(85, 347, 150, 332)","(88, 351, 145, 327)"
2410403.jpg,wearing,glasses,18,78,120,211,man,427,178,71,151,0,3,289,138,329,498,"(120, 138, 211, 289)","(71, 498, 151, 329)"
2319480.jpg,sitting on,hoop,221,61,0,204,parrot,178,164,84,157,1,3,265,221,321,262,"(0, 221, 204, 265)","(84, 262, 157, 321)"
2401004.jpg,sitting on,rocks,435,373,64,1,dog,108,92,343,159,1,3,374,499,251,451,"(64, 499, 1, 374)","(343, 451, 159, 251)"
2393893.jpg,eating,grass,29,55,196,335,cow,109,97,100,294,0,3,390,225,391,209,"(196, 225, 335, 390)","(100, 209, 294, 391)"
2353058.jpg,sitting on,counter,173,121,192,211,bottle,50,19,161,271,1,3,332,365,290,211,"(192, 365, 211, 332)","(161, 211, 271, 290)"
2385861.jpg,sitting on,floor,115,220,216,114,toilet,285,163,43,99,1,3,334,331,262,328,"(216, 331, 114, 334)","(43, 328, 99, 262)"
2400319.jpg,wearing,jacket,24,26,247,363,man,68,28,233,358,0,3,389,271,386,301,"(247, 271, 363, 389)","(233, 301, 358, 386)"
2382306.jpg,wearing,hat,19,15,206,242,man,91,34,205,237,0,3,257,225,271,296,"(206, 225, 242, 257)","(205, 296, 237, 271)"
1759.jpg,sitting on,bench,34,66,402,423,person,45,16,390,428,1,3,489,436,444,435,"(402, 436, 423, 489)","(390, 435, 428, 444)"
2398683.jpg,wearing,shorts,85,103,262,92,boy,423,227,56,14,0,3,195,347,241,479,"(262, 347, 92, 195)","(56, 479, 14, 241)"
2341311.jpg,sitting on,ground,87,471,244,14,person,15,17,222,330,1,3,485,331,347,237,"(244, 331, 14, 485)","(222, 237, 330, 347)"
2358863.jpg,sitting on,bench,154,282,178,217,woman,219,198,112,300,1,3,499,332,498,331,"(178, 332, 217, 499)","(112, 331, 300, 498)"
2357725.jpg,covering,man,235,95,97,285,jeans,69,86,263,285,0,3,380,332,371,332,"(97, 332, 285, 380)","(263, 332, 285, 371)"
2357411.jpg,wearing,shirt,118,73,118,95,woman,382,115,65,86,0,3,168,236,201,447,"(118, 236, 95, 168)","(65, 447, 86, 201)"
2332634.jpg,wearing,jacket,90,108,129,390,man,125,105,100,393,0,3,498,219,498,225,"(129, 219, 390, 498)","(100, 225, 393, 498)"
2414129.jpg,wearing,shirt,53,79,261,224,man,97,97,218,215,0,3,303,314,312,315,"(261, 314, 224, 303)","(218, 315, 215, 312)"
2362087.jpg,wearing,shorts,68,63,174,287,man,301,71,30,280,0,3,350,242,351,331,"(174, 242, 287, 350)","(30, 331, 280, 351)"
2356674.jpg,wearing,pants,58,42,107,45,man,155,62,37,31,0,3,87,165,93,192,"(107, 165, 45, 87)","(37, 192, 31, 93)"
2358439.jpg,sitting on,table,291,500,77,0,laptop,114,150,115,179,1,3,500,368,329,229,"(77, 368, 0, 500)","(115, 229, 179, 329)"
2411747.jpg,wearing,helmet,111,145,5,259,batter,322,424,7,57,0,3,404,116,481,329,"(5, 116, 259, 404)","(7, 329, 57, 481)"
2407561.jpg,sitting on,bench,26,32,148,343,person,12,11,139,361,1,3,375,174,372,151,"(148, 174, 343, 375)","(139, 151, 361, 372)"
2392397.jpg,sitting on,table,23,51,350,444,tv,182,39,188,460,1,3,495,373,499,370,"(350, 373, 444, 495)","(188, 370, 460, 499)"
2343617.jpg,sitting on,napkin,144,355,230,65,donut,96,108,241,241,1,3,420,374,349,337,"(230, 374, 65, 420)","(241, 337, 241, 349)"
3865.jpg,sitting on,table,474,586,3,53,plate,397,410,48,62,1,3,639,477,472,445,"(3, 477, 53, 639)","(48, 445, 62, 472)"
2400206.jpg,sitting on,boat,36,343,50,58,people,10,146,39,130,1,3,401,86,276,49,"(50, 86, 58, 401)","(39, 49, 130, 276)"
2391287.jpg,wearing,glove,38,48,178,183,woman,351,223,24,179,0,3,231,216,402,375,"(178, 216, 183, 231)","(24, 375, 179, 402)"
2386867.jpg,wearing,t-shirt,152,82,213,173,man,297,142,127,143,0,3,255,365,285,424,"(213, 365, 173, 255)","(127, 424, 143, 285)"
2363859.jpg,sitting on,pizza,347,290,67,142,chicken,49,29,377,344,1,3,432,414,373,426,"(67, 414, 142, 432)","(377, 426, 344, 373)"
2414284.jpg,wearing,shorts,81,52,175,90,player,277,84,61,78,0,3,142,256,162,338,"(175, 256, 90, 142)","(61, 338, 78, 162)"
2319412.jpg,sitting on,counter,330,497,3,1,apple,171,166,111,151,1,3,498,333,317,282,"(3, 333, 1, 498)","(111, 282, 151, 317)"
2326641.jpg,sitting on,wall,90,221,37,226,girl,227,247,90,122,1,3,447,127,369,317,"(37, 127, 226, 447)","(90, 317, 122, 369)"
2359565.jpg,sitting on,bricks,117,155,230,153,bench,125,442,105,19,1,3,308,347,461,230,"(230, 347, 153, 308)","(105, 230, 19, 461)"
2381828.jpg,wearing,jacket,30,23,169,51,person,64,22,162,52,0,3,74,199,74,226,"(169, 199, 51, 74)","(162, 226, 52, 74)"
2413231.jpg,sitting on,bench,15,45,187,397,person,10,24,178,415,1,3,442,202,439,188,"(187, 202, 397, 442)","(178, 188, 415, 439)"
2357254.jpg,wearing,shoe,16,22,363,33,man,256,94,127,20,0,3,55,379,114,383,"(363, 379, 33, 55)","(127, 383, 20, 114)"
2409300.jpg,sitting on,blanket,16,65,458,107,person,45,36,425,162,1,3,172,474,198,470,"(458, 474, 107, 172)","(425, 470, 162, 198)"
2375521.jpg,wearing,hood,52,36,81,107,person,310,146,90,93,0,3,143,133,239,400,"(81, 133, 107, 143)","(90, 400, 93, 239)"
2397229.jpg,wearing,jacket,53,66,139,340,woman,143,63,123,341,0,3,406,192,404,266,"(139, 192, 340, 406)","(123, 266, 341, 404)"
2379206.jpg,wearing,gloves,37,40,216,250,woman,321,87,106,253,0,3,290,253,340,427,"(216, 253, 250, 290)","(106, 427, 253, 340)"
2406795.jpg,wearing,shoes,27,86,266,288,man,263,104,35,271,0,3,374,293,375,298,"(266, 293, 288, 374)","(35, 298, 271, 375)"
2405419.jpg,sitting on,sand,39,123,96,31,women,202,376,57,106,1,3,154,135,482,259,"(96, 135, 31, 154)","(57, 259, 106, 482)"
574.jpg,sitting on,ledge,273,331,159,467,plant,177,131,0,511,1,3,798,432,642,177,"(159, 432, 467, 798)","(0, 177, 511, 642)"
2414141.jpg,wearing,jeans,53,31,253,274,man,105,44,206,273,0,3,305,306,317,311,"(253, 306, 274, 305)","(206, 311, 273, 317)"
2389071.jpg,watching,player,184,113,228,2,spectators,59,108,204,121,0,3,115,412,229,263,"(228, 412, 2, 115)","(204, 263, 121, 229)"
1159309.jpg,sitting on,table,463,621,302,211,case,162,443,604,437,1,3,832,765,880,766,"(302, 765, 211, 832)","(604, 766, 437, 880)"
2336195.jpg,wearing,shoe,36,69,416,153,man,289,202,163,152,0,3,222,452,354,452,"(416, 452, 153, 222)","(163, 452, 152, 354)"
2351434.jpg,wearing,headphone,17,12,110,305,man,95,81,105,290,0,3,317,127,371,200,"(110, 127, 305, 317)","(105, 200, 290, 371)"
2321959.jpg,wearing,t-shirt,57,44,193,49,man,149,59,175,35,0,3,93,250,94,324,"(193, 250, 49, 93)","(175, 324, 35, 94)"
2328333.jpg,sitting on,ground,168,499,112,0,person,28,17,127,168,1,3,499,280,185,155,"(112, 280, 0, 499)","(127, 155, 168, 185)"
2367916.jpg,wearing,goggles,14,25,49,216,person,131,115,33,189,0,3,241,63,304,164,"(49, 63, 216, 241)","(33, 164, 189, 304)"
2387036.jpg,sitting on,plate,47,91,203,264,cake,17,16,216,298,1,3,355,250,314,233,"(203, 250, 264, 355)","(216, 233, 298, 314)"
2368321.jpg,walking on,beach,100,494,232,2,couple,67,41,225,316,0,3,496,332,357,292,"(232, 332, 2, 496)","(225, 292, 316, 357)"
1591891.jpg,wearing,shorts,46,140,211,198,man,329,350,44,162,0,3,338,257,512,373,"(211, 257, 198, 338)","(44, 373, 162, 512)"
2364692.jpg,wearing,coat,15,17,211,217,person,34,18,199,217,0,3,234,226,235,233,"(211, 226, 217, 234)","(199, 233, 217, 235)"
2387328.jpg,sitting on,table,95,68,192,51,lamp,65,30,133,71,1,3,119,287,101,198,"(192, 287, 51, 119)","(133, 198, 71, 101)"
2367879.jpg,wearing,glasses,109,118,122,44,woman,198,188,83,0,0,3,162,231,188,281,"(122, 231, 44, 162)","(83, 281, 0, 188)"
2351054.jpg,covering,floor,186,337,309,4,tile,22,31,177,237,0,3,341,495,268,199,"(309, 495, 4, 341)","(177, 199, 237, 268)"
1438.jpg,parked on,road,24,61,454,8,cars,40,21,369,413,0,3,69,478,434,409,"(454, 478, 8, 69)","(369, 409, 413, 434)"
2325798.jpg,growing on,bush,315,241,155,30,leaf,6,10,259,104,0,3,271,470,114,265,"(155, 470, 30, 271)","(259, 265, 104, 114)"
2410167.jpg,sitting on,sand,195,393,179,0,people,318,384,56,48,1,3,393,374,432,374,"(179, 374, 0, 393)","(56, 374, 48, 432)"
2317888.jpg,hanging from,screw,118,121,79,194,snow,90,36,156,193,0,3,315,197,229,246,"(79, 197, 194, 315)","(156, 246, 193, 229)"
2383047.jpg,sitting on,bench,43,125,171,201,man,60,40,151,233,1,3,326,214,273,211,"(171, 214, 201, 326)","(151, 211, 233, 273)"
2380348.jpg,sitting on,suitcase,307,430,67,13,cat,243,206,13,190,1,3,443,374,396,256,"(67, 374, 13, 443)","(13, 256, 190, 396)"
2377998.jpg,wearing,shirt,150,95,72,334,man,312,123,20,307,0,3,429,222,430,332,"(72, 222, 334, 429)","(20, 332, 307, 430)"
2403427.jpg,sitting on,hill,330,499,1,1,cow,285,414,33,74,1,3,500,331,488,318,"(1, 331, 1, 500)","(33, 318, 74, 488)"
2405335.jpg,sitting on,floor,483,494,2,3,woman,405,286,48,43,1,3,497,485,329,453,"(2, 485, 3, 497)","(48, 453, 43, 329)"
2408324.jpg,sitting on,dishwasher,31,119,243,182,microwave,125,199,141,71,1,3,301,274,270,266,"(243, 274, 182, 301)","(141, 266, 71, 270)"
1591851.jpg,sitting on,table,567,1022,109,0,plates,124,272,75,554,1,3,1022,676,826,199,"(109, 676, 0, 1022)","(75, 199, 554, 826)"
2373599.jpg,wearing,shorts,131,105,190,110,boys,274,404,54,56,0,3,215,321,460,328,"(190, 321, 110, 215)","(54, 328, 56, 460)"
2409922.jpg,sitting on,table,196,471,303,2,kitten,358,189,73,112,1,3,473,499,301,431,"(303, 499, 2, 473)","(73, 431, 112, 301)"
2340501.jpg,wearing,shoe,34,51,441,108,woman,330,163,146,82,0,3,159,475,245,476,"(441, 475, 108, 159)","(146, 476, 82, 245)"
2379437.jpg,sitting on,ground,119,497,255,2,bottle,72,23,231,196,1,3,499,374,219,303,"(255, 374, 2, 499)","(231, 303, 196, 219)"
2346361.jpg,covered in,snow,177,140,247,213,hill,153,340,84,34,0,3,353,424,374,237,"(247, 424, 213, 353)","(84, 237, 34, 374)"
2366772.jpg,sitting on,bench,214,362,216,1,woman,294,114,131,125,1,3,363,430,239,425,"(216, 430, 1, 363)","(131, 425, 125, 239)"
2336956.jpg,sitting on,desk,126,317,208,102,books,64,89,177,189,1,3,419,334,278,241,"(208, 334, 102, 419)","(177, 241, 189, 278)"
2406959.jpg,wearing,eyeglasses,16,49,101,104,woman,237,198,54,28,0,3,153,117,226,291,"(101, 117, 104, 153)","(54, 291, 28, 226)"
2386245.jpg,wearing,shorts,33,39,87,203,man,80,75,61,188,0,3,242,120,263,141,"(87, 120, 203, 242)","(61, 141, 188, 263)"
2409157.jpg,sitting on,towel,27,29,342,384,people,150,389,198,96,1,3,413,369,485,348,"(342, 369, 384, 413)","(198, 348, 96, 485)"
2364569.jpg,wearing,helmet,82,85,22,208,man,387,205,25,111,0,3,293,104,316,412,"(22, 104, 208, 293)","(25, 412, 111, 316)"
150540.jpg,sitting on,track,57,523,476,1,train,163,510,337,379,1,3,524,533,889,500,"(476, 533, 1, 524)","(337, 500, 379, 889)"
2376209.jpg,wearing,shorts,30,29,236,318,man,157,44,168,308,0,3,347,266,352,325,"(236, 266, 318, 347)","(168, 325, 308, 352)"
2323941.jpg,wearing,shirt,45,20,194,402,guy,81,39,189,395,0,3,422,239,434,270,"(194, 239, 402, 422)","(189, 270, 395, 434)"
2385102.jpg,sitting on,beach,232,496,141,2,umbrella,167,139,87,185,1,3,498,373,324,254,"(141, 373, 2, 498)","(87, 254, 185, 324)"
2349386.jpg,covered in,debris,54,116,130,42,bear,326,457,41,4,0,3,158,184,461,367,"(130, 184, 42, 158)","(41, 367, 4, 461)"
2410271.jpg,says,metro,24,7,65,166,sign,39,21,55,164,0,3,173,89,185,94,"(65, 89, 166, 173)","(55, 94, 164, 185)"
2400959.jpg,sitting on,bleachers,167,499,0,0,person,23,20,58,341,1,3,499,167,361,81,"(0, 167, 0, 499)","(58, 81, 341, 361)"
2348741.jpg,wearing,boats,21,45,248,174,man,112,62,160,174,0,3,219,269,236,272,"(248, 269, 174, 219)","(160, 272, 174, 236)"
2342715.jpg,wearing,coat,19,19,249,400,man,28,18,238,402,0,3,419,268,420,266,"(249, 268, 400, 419)","(238, 266, 402, 420)"
2415968.jpg,wearing,shorts,22,35,409,210,man,134,78,339,182,0,3,245,431,260,473,"(409, 431, 210, 245)","(339, 473, 182, 260)"
2384681.jpg,hanging from,ceiling,121,338,2,1,plant,91,22,93,171,0,3,339,123,193,184,"(2, 123, 1, 339)","(93, 184, 171, 193)"
2337830.jpg,wearing,glasses,11,17,114,71,man,114,78,104,50,0,3,88,125,128,218,"(114, 125, 71, 88)","(104, 218, 50, 128)"
2401166.jpg,sitting on,wheelchair,268,310,232,6,man,462,351,36,5,1,3,316,500,356,498,"(232, 500, 6, 316)","(36, 498, 5, 356)"
2337112.jpg,sitting on,bench,77,451,256,1,couple,141,253,141,148,1,3,452,333,401,282,"(256, 333, 1, 452)","(141, 282, 148, 401)"
2344610.jpg,sitting on,chair,62,108,3,150,person,84,214,6,3,1,3,258,65,217,90,"(3, 65, 150, 258)","(6, 90, 3, 217)"
2405836.jpg,wearing,shoes,119,106,230,343,man,164,157,209,343,0,3,449,349,500,373,"(230, 349, 343, 449)","(209, 373, 343, 500)"
2387297.jpg,wearing,shirt,50,65,228,247,girl,173,79,201,243,0,3,312,278,322,374,"(228, 278, 247, 312)","(201, 374, 243, 322)"
2343047.jpg,wearing,collar,282,381,32,59,man,497,494,0,3,0,3,440,314,497,497,"(32, 314, 59, 440)","(0, 497, 3, 497)"
2363750.jpg,sitting on,grass,187,331,309,0,motorbike,267,305,213,22,1,3,331,496,327,480,"(309, 496, 0, 331)","(213, 480, 22, 327)"
713416.jpg,walking in,group,336,981,176,7,man,255,107,243,707,0,3,988,512,814,498,"(176, 512, 7, 988)","(243, 498, 707, 814)"
2410523.jpg,says,sibley,9,28,206,195,sign,40,124,201,186,0,3,223,215,310,241,"(206, 215, 195, 223)","(201, 241, 186, 310)"
2372082.jpg,wearing,suit,138,107,102,189,man,182,108,57,189,0,3,296,240,297,239,"(102, 240, 189, 296)","(57, 239, 189, 297)"
2316220.jpg,riding,horse,183,330,108,143,man,162,61,38,229,0,3,473,291,290,200,"(108, 291, 143, 473)","(38, 200, 229, 290)"
2383123.jpg,wearing,ski,30,22,395,136,man,196,103,205,66,0,3,158,425,169,401,"(395, 425, 136, 158)","(205, 401, 66, 169)"
2409859.jpg,sitting on,floor,401,371,96,1,dog,494,343,2,15,1,3,372,497,358,496,"(96, 497, 1, 372)","(2, 496, 15, 358)"
2397786.jpg,wearing,glasses,18,44,123,112,woman,195,136,103,69,0,3,156,141,205,298,"(123, 141, 112, 156)","(103, 298, 69, 205)"
2350820.jpg,sitting on,pillow,327,421,169,1,book,246,226,246,194,1,3,422,496,420,492,"(169, 496, 1, 422)","(246, 492, 194, 420)"
2397820.jpg,flying in,sky,41,57,51,252,planes,26,15,133,250,0,3,309,92,265,159,"(51, 92, 252, 309)","(133, 159, 250, 265)"
1220.jpg,standing on,podiums,157,519,448,167,people,25,12,340,331,0,3,686,605,343,365,"(448, 605, 167, 686)","(340, 365, 331, 343)"
2327688.jpg,wearing,hat,27,53,17,187,policeman,280,87,64,178,0,3,240,44,265,344,"(17, 44, 187, 240)","(64, 344, 178, 265)"
2366090.jpg,sitting on,bench,130,408,193,17,people,232,286,84,87,1,3,425,323,373,316,"(193, 323, 17, 425)","(84, 316, 87, 373)"
2401803.jpg,sitting on,floor,62,497,3,1,stool,266,449,75,34,1,3,498,65,483,341,"(3, 65, 1, 498)","(75, 341, 34, 483)"
2363721.jpg,standing on,ground,217,372,280,2,girl,312,94,184,133,0,3,374,497,227,496,"(280, 497, 2, 374)","(184, 496, 133, 227)"
2401888.jpg,sitting on,desk,14,118,211,266,folder,36,48,181,157,1,3,384,225,205,217,"(211, 225, 266, 384)","(181, 217, 157, 205)"
2341178.jpg,sitting on,train,355,435,0,64,person,60,28,167,356,1,3,499,355,384,227,"(0, 355, 64, 499)","(167, 227, 356, 384)"
2393142.jpg,sitting on,bench,56,332,122,3,player,43,28,130,36,1,3,335,178,64,173,"(122, 178, 3, 335)","(130, 173, 36, 64)"
713572.jpg,sitting on,couch,231,968,534,53,man,258,283,411,211,1,3,1021,765,494,669,"(534, 765, 53, 1021)","(411, 669, 211, 494)"
2326830.jpg,sitting on,plate,101,170,399,89,pizza,40,93,399,142,1,3,259,500,235,439,"(399, 500, 89, 259)","(399, 439, 142, 235)"
2390659.jpg,sitting on,floor,26,403,221,92,guy,56,49,183,212,1,3,495,247,261,239,"(221, 247, 92, 495)","(183, 239, 212, 261)"
2369018.jpg,covered in,dirt,98,125,372,164,ground,365,329,134,3,0,3,289,470,332,499,"(372, 470, 164, 289)","(134, 499, 3, 332)"
2326672.jpg,sitting on,street,400,330,98,2,bird,9,10,127,264,1,3,332,498,274,136,"(98, 498, 2, 332)","(127, 136, 264, 274)"
2394522.jpg,wearing,sunglasses,21,65,99,86,lady,454,280,44,40,0,3,151,120,320,498,"(99, 120, 86, 151)","(44, 498, 40, 320)"
2401450.jpg,walking on,platform,59,355,273,26,passenger,86,27,215,150,0,3,381,332,177,301,"(273, 332, 26, 381)","(215, 301, 150, 177)"
2353793.jpg,covering,ground,53,132,165,173,grass,75,85,150,301,0,3,305,218,386,225,"(165, 218, 173, 305)","(150, 225, 301, 386)"
2316967.jpg,sitting on,ground,62,498,311,0,people,7,83,289,9,1,3,498,373,92,296,"(311, 373, 0, 498)","(289, 296, 9, 92)"
2385138.jpg,sitting on,bench,261,499,0,0,toddler,199,134,27,178,1,3,499,261,312,226,"(0, 261, 0, 499)","(27, 226, 178, 312)"
2375726.jpg,wearing,ring,6,6,156,194,man,246,139,86,65,0,3,200,162,204,332,"(156, 162, 194, 200)","(86, 332, 65, 204)"
2325067.jpg,wearing,shirt,57,34,181,451,child,127,47,163,447,0,3,485,238,494,290,"(181, 238, 451, 485)","(163, 290, 447, 494)"
2360126.jpg,sitting on,bench,35,34,346,190,person,64,35,325,190,1,3,224,381,225,389,"(346, 381, 190, 224)","(325, 389, 190, 225)"
2372283.jpg,walking on,sidewalk,323,101,47,394,people,23,37,65,418,0,3,495,370,455,88,"(47, 370, 394, 495)","(65, 88, 418, 455)"
2355331.jpg,wearing,bracelet,44,37,112,313,woman,330,315,2,132,0,3,350,156,447,332,"(112, 156, 313, 350)","(2, 332, 132, 447)"
2374203.jpg,sitting on,bench,11,32,66,364,man,22,11,48,377,1,3,396,77,388,70,"(66, 77, 364, 396)","(48, 70, 377, 388)"
2369062.jpg,wearing,sunglasses,66,217,0,79,woman,146,129,98,10,0,3,296,66,139,244,"(0, 66, 79, 296)","(98, 244, 10, 139)"
2381578.jpg,sitting on,bench,98,239,234,97,man,170,152,139,149,1,3,336,332,301,309,"(234, 332, 97, 336)","(139, 309, 149, 301)"
2409797.jpg,sitting on,counter,77,75,185,10,knife,41,51,196,27,1,3,85,262,78,237,"(185, 262, 10, 85)","(196, 237, 27, 78)"
713775.jpg,sitting on,road,405,1014,274,8,snowboard,57,94,364,552,1,3,1022,679,646,421,"(274, 679, 8, 1022)","(364, 421, 552, 646)"
713232.jpg,wearing,jacket,175,98,43,409,person,189,106,34,398,0,3,507,218,504,223,"(43, 218, 409, 507)","(34, 223, 398, 504)"
2406710.jpg,growing on,twigs,26,62,360,67,leaves,218,268,266,1,0,3,129,386,269,484,"(360, 386, 67, 129)","(266, 484, 1, 269)"
2341762.jpg,sitting on,bench,36,21,259,228,teammate,140,63,154,249,1,3,249,295,312,294,"(259, 295, 228, 249)","(154, 294, 249, 312)"
2363391.jpg,sitting on,bar,77,497,223,2,parakeet,204,150,142,157,1,3,499,300,307,346,"(223, 300, 2, 499)","(142, 346, 157, 307)"
2343322.jpg,sitting on,ground,160,496,214,3,giraffe,130,114,155,199,1,3,499,374,313,285,"(214, 374, 3, 499)","(155, 285, 199, 313)"
2356372.jpg,wearing,shoe,27,46,394,200,man,415,172,6,200,0,3,246,421,372,421,"(394, 421, 200, 246)","(6, 421, 200, 372)"
2377180.jpg,wearing,suit,162,155,120,85,man,301,142,29,92,0,3,240,282,234,330,"(120, 282, 85, 240)","(29, 330, 92, 234)"
2415334.jpg,wearing,helmet,20,30,59,308,man,98,61,59,285,0,3,338,79,346,157,"(59, 79, 308, 338)","(59, 157, 285, 346)"
2356063.jpg,wearing,t-shirt,42,45,220,396,man,61,36,97,134,0,3,441,262,170,158,"(220, 262, 396, 441)","(97, 158, 134, 170)"
2417958.jpg,sitting on,bench,291,452,1,42,woman,164,486,44,12,1,3,494,292,498,208,"(1, 292, 42, 494)","(44, 208, 12, 498)"
2357605.jpg,wearing,helmet,28,37,105,286,boy,237,97,104,257,0,3,323,133,354,341,"(105, 133, 286, 323)","(104, 341, 257, 354)"
2378560.jpg,sitting on,saddle,13,52,181,153,man,161,92,25,154,1,3,205,194,246,186,"(181, 194, 153, 205)","(25, 186, 154, 246)"
2370242.jpg,sitting on,snow,275,498,100,1,ski,27,116,309,147,1,3,499,375,263,336,"(100, 375, 1, 499)","(309, 336, 147, 263)"
2393184.jpg,sitting on,tray,66,236,417,28,cup,40,46,434,179,1,3,264,483,225,474,"(417, 483, 28, 264)","(434, 474, 179, 225)"
2410043.jpg,wearing,jeans,134,124,198,30,girl,275,120,56,39,0,3,154,332,159,331,"(198, 332, 30, 154)","(56, 331, 39, 159)"
2361345.jpg,wearing,sneakers,39,66,431,193,girl,385,86,87,191,0,3,259,470,277,472,"(431, 470, 193, 259)","(87, 472, 191, 277)"
2353592.jpg,sitting on,plate,297,492,31,6,knife,126,199,198,262,1,3,498,328,461,324,"(31, 328, 6, 498)","(198, 324, 262, 461)"
2338665.jpg,wearing,shirt,25,16,50,282,man,59,33,32,275,0,3,298,75,308,91,"(50, 75, 282, 298)","(32, 91, 275, 308)"
2352989.jpg,wearing,hat,13,11,114,230,man,113,41,111,221,0,3,241,127,262,224,"(114, 127, 230, 241)","(111, 224, 221, 262)"
2393479.jpg,wearing,shirt,26,29,74,61,people,68,41,65,58,0,3,90,100,99,133,"(74, 100, 61, 90)","(65, 133, 58, 99)"
1263.jpg,wearing,suit,80,59,39,163,man,146,97,19,155,0,3,222,119,252,165,"(39, 119, 163, 222)","(19, 165, 155, 252)"
2378722.jpg,wearing,shirt,23,26,140,153,man,48,29,131,150,0,3,179,163,179,179,"(140, 163, 153, 179)","(131, 179, 150, 179)"
2354913.jpg,wearing,shirt,206,88,62,88,man,494,123,0,77,0,3,176,268,200,494,"(62, 268, 88, 176)","(0, 494, 77, 200)"
2349003.jpg,sitting on,sofa,210,125,105,354,person,105,67,132,361,1,3,479,315,428,237,"(105, 315, 354, 479)","(132, 237, 361, 428)"
2317362.jpg,sitting on,table,95,281,280,218,shaker,37,20,338,282,1,3,499,375,302,375,"(280, 375, 218, 499)","(338, 375, 282, 302)"
2384899.jpg,walking on,road,330,493,63,7,elephant,195,134,114,315,0,3,500,393,449,309,"(63, 393, 7, 500)","(114, 309, 315, 449)"
2325705.jpg,sitting on,ground,340,498,22,0,rock,128,124,236,373,1,3,498,362,497,364,"(22, 362, 0, 498)","(236, 364, 373, 497)"
1543.jpg,sitting on,bench,84,61,369,515,woman,78,62,364,491,1,3,576,453,553,442,"(369, 453, 515, 576)","(364, 442, 491, 553)"
2365917.jpg,standing on,beach,169,449,159,48,bird,27,35,233,349,0,3,497,328,384,260,"(159, 328, 48, 497)","(233, 260, 349, 384)"
2416858.jpg,sitting on,table,55,280,318,218,cup,90,49,262,313,1,3,498,373,362,352,"(318, 373, 218, 498)","(262, 352, 313, 362)"
2331300.jpg,wearing,ring,15,8,334,225,woman,330,230,40,212,0,3,233,349,442,370,"(334, 349, 225, 233)","(40, 370, 212, 442)"
2383070.jpg,sitting on,motorcycle,140,278,122,114,man,186,97,75,209,1,3,392,262,306,261,"(122, 262, 114, 392)","(75, 261, 209, 306)"
2346899.jpg,sitting on,chair,54,60,291,1,purse,87,47,227,2,1,3,61,345,49,314,"(291, 345, 1, 61)","(227, 314, 2, 49)"
2390497.jpg,sitting on,desk,118,495,151,4,cat,64,80,141,400,1,3,499,269,480,205,"(151, 269, 4, 499)","(141, 205, 400, 480)"
2356099.jpg,sitting on,shelf,9,46,186,283,book,32,11,158,305,1,3,329,195,316,190,"(186, 195, 283, 329)","(158, 190, 305, 316)"
2352473.jpg,sitting on,table,72,358,134,112,mug,32,42,134,177,1,3,470,206,219,166,"(134, 206, 112, 470)","(134, 166, 177, 219)"
2378719.jpg,sitting on,stove,98,179,234,105,pot,100,131,230,162,1,3,284,332,293,330,"(234, 332, 105, 284)","(230, 330, 162, 293)"
2388339.jpg,standing on,ground,76,362,124,1,tree,84,51,48,19,0,3,363,200,70,132,"(124, 200, 1, 363)","(48, 132, 19, 70)"
2407109.jpg,sitting on,ground,159,498,215,0,person,23,19,244,322,1,3,498,374,341,267,"(215, 374, 0, 498)","(244, 267, 322, 341)"
2319161.jpg,sitting on,bench,34,67,465,1,lady,47,40,450,0,1,3,68,499,40,497,"(465, 499, 1, 68)","(450, 497, 0, 40)"
2328959.jpg,sitting on,shelf,138,147,48,56,books,32,153,15,37,1,3,203,186,190,47,"(48, 186, 56, 203)","(15, 47, 37, 190)"
2395330.jpg,wearing,uniform,76,42,199,276,batter,122,108,180,245,0,3,318,275,353,302,"(199, 275, 276, 318)","(180, 302, 245, 353)"
2395003.jpg,wearing,sunglasses,13,27,125,258,man,276,112,105,209,0,3,285,138,321,381,"(125, 138, 258, 285)","(105, 381, 209, 321)"
2409801.jpg,wearing,coat,130,105,86,201,doll,92,64,1,213,0,3,306,216,277,93,"(86, 216, 201, 306)","(1, 93, 213, 277)"
2341200.jpg,wearing,glasses,13,41,193,401,man,208,156,165,342,0,3,442,206,498,373,"(193, 206, 401, 442)","(165, 373, 342, 498)"
2393884.jpg,wearing,sunglasses,6,20,377,41,woman,78,46,366,30,0,3,61,383,76,444,"(377, 383, 41, 61)","(366, 444, 30, 76)"
2321890.jpg,wearing,bracelets,32,19,302,235,man,444,233,52,67,0,3,254,334,300,496,"(302, 334, 235, 254)","(52, 496, 67, 300)"
2351244.jpg,sitting on,person,65,34,189,295,person,50,26,195,317,1,3,329,254,343,245,"(189, 254, 295, 329)","(195, 245, 317, 343)"
2389680.jpg,using,phone,16,17,124,352,female,212,103,78,323,0,3,369,140,426,290,"(124, 140, 352, 369)","(78, 290, 323, 426)"
2380950.jpg,sitting on,counter,173,313,200,0,box,54,52,181,191,1,3,313,373,243,235,"(200, 373, 0, 313)","(181, 235, 191, 243)"
2408700.jpg,sitting on,lot,67,495,227,0,plane,62,157,187,40,1,3,495,294,197,249,"(227, 294, 0, 495)","(187, 249, 40, 197)"
2408408.jpg,wearing,shorts,31,69,206,153,child,244,140,81,96,0,3,222,237,236,325,"(206, 237, 153, 222)","(81, 325, 96, 236)"
2375783.jpg,sitting on,beach,134,498,241,0,boulder,77,109,249,390,1,3,498,375,499,326,"(241, 375, 0, 498)","(249, 326, 390, 499)"
2372091.jpg,sitting on,bench,206,379,292,18,dog,473,222,11,78,1,3,397,498,300,484,"(292, 498, 18, 397)","(11, 484, 78, 300)"
2338545.jpg,sitting on,ground,15,32,117,21,man,25,30,89,18,1,3,53,132,48,114,"(117, 132, 21, 53)","(89, 114, 18, 48)"
2334334.jpg,wearing,shirt,176,162,143,90,man,304,244,69,1,0,3,252,319,245,373,"(143, 319, 90, 252)","(69, 373, 1, 245)"
2353620.jpg,sitting on,stand,77,166,147,55,books,26,22,121,180,1,3,221,224,202,147,"(147, 224, 55, 221)","(121, 147, 180, 202)"
2411549.jpg,sitting on,motorcycle,374,471,0,29,helmet,58,71,85,107,1,3,500,374,178,143,"(0, 374, 29, 500)","(85, 143, 107, 178)"
498409.jpg,wearing,boot,98,87,619,285,person,368,165,357,210,0,3,372,717,375,725,"(619, 717, 285, 372)","(357, 725, 210, 375)"
2410266.jpg,wearing,scarf,13,17,119,198,woman,185,82,95,156,0,3,215,132,238,280,"(119, 132, 198, 215)","(95, 280, 156, 238)"
2371134.jpg,sitting on,tray,23,77,90,422,lids,75,77,33,421,1,3,499,113,498,108,"(90, 113, 422, 499)","(33, 108, 421, 498)"
2362922.jpg,sitting on,desk,247,482,117,0,laptop,310,392,3,58,1,3,482,364,450,313,"(117, 364, 0, 482)","(3, 313, 58, 450)"
2330825.jpg,flying in,air,478,492,13,5,plane,420,425,32,37,0,3,497,491,462,452,"(13, 491, 5, 497)","(32, 452, 37, 462)"
2358348.jpg,carrying,surfboard,54,123,99,103,man,104,35,86,136,0,3,226,153,171,190,"(99, 153, 103, 226)","(86, 190, 136, 171)"
2403233.jpg,sitting on,shelf,95,418,2,0,candle,31,29,1,133,1,3,418,97,162,32,"(2, 97, 0, 418)","(1, 32, 133, 162)"
2392210.jpg,sitting on,suitcase,206,160,189,179,cat,152,215,101,154,1,3,339,395,369,253,"(189, 395, 179, 339)","(101, 253, 154, 369)"
2321067.jpg,sitting on,concrete,413,330,85,1,person,41,21,67,65,1,3,331,498,86,108,"(85, 498, 1, 331)","(67, 108, 65, 86)"
2343565.jpg,painted on,pavement,132,263,343,212,line,94,278,346,178,0,3,475,475,456,440,"(343, 475, 212, 475)","(346, 440, 178, 456)"
637.jpg,wearing,glasses,21,48,159,176,man,475,111,122,159,0,3,224,180,270,597,"(159, 180, 176, 224)","(122, 597, 159, 270)"
2383221.jpg,wearing,backpack,34,22,182,468,person,100,40,167,458,0,3,490,216,498,267,"(182, 216, 468, 490)","(167, 267, 458, 498)"
2404460.jpg,sitting on,snow,21,29,274,203,man,21,25,238,232,1,3,232,295,257,259,"(274, 295, 203, 232)","(238, 259, 232, 257)"
2376877.jpg,sitting on,countertop,304,499,27,0,mirror,140,102,9,378,1,3,499,331,480,149,"(27, 331, 0, 499)","(9, 149, 378, 480)"
2351270.jpg,sitting on,table,126,300,272,25,box,75,118,255,68,1,3,325,398,186,330,"(272, 398, 25, 325)","(255, 330, 68, 186)"
2352827.jpg,hanging from,arm,23,196,98,218,wire,58,21,102,310,0,3,414,121,331,160,"(98, 121, 218, 414)","(102, 160, 310, 331)"
2410685.jpg,wearing,hat,60,80,235,10,showgirl,259,126,241,52,0,3,90,295,178,500,"(235, 295, 10, 90)","(241, 500, 52, 178)"
2342871.jpg,wearing,shirt,59,85,94,89,boy,190,165,74,22,0,3,174,153,187,264,"(94, 153, 89, 174)","(74, 264, 22, 187)"
2405179.jpg,wearing,jeans,41,44,240,351,man,149,123,135,321,0,3,395,281,444,284,"(240, 281, 351, 395)","(135, 284, 321, 444)"
2401641.jpg,wearing,shirt,58,36,259,298,man,89,47,244,287,0,3,334,317,334,333,"(259, 317, 298, 334)","(244, 333, 287, 334)"
2331063.jpg,sitting on,beach,39,135,196,303,person,20,7,187,491,1,3,438,235,498,207,"(196, 235, 303, 438)","(187, 207, 491, 498)"
2351725.jpg,painted on,tail,72,79,161,328,triangle,10,13,211,354,0,3,407,233,367,221,"(161, 233, 328, 407)","(211, 221, 354, 367)"
2407749.jpg,wearing,glasses,21,43,62,251,lady,421,110,36,221,0,3,294,83,331,457,"(62, 83, 251, 294)","(36, 457, 221, 331)"
2380256.jpg,wearing,shirt,20,37,171,277,man,63,50,167,267,0,3,314,191,317,230,"(171, 191, 277, 314)","(167, 230, 267, 317)"
2366470.jpg,wearing,pants,11,10,177,35,person,30,18,161,31,0,3,45,188,49,191,"(177, 188, 35, 45)","(161, 191, 31, 49)"
2331365.jpg,wearing,cap,25,27,100,285,man,160,77,98,270,0,3,312,125,347,258,"(100, 125, 285, 312)","(98, 258, 270, 347)"
2393100.jpg,sitting on,table,498,331,2,0,bowl,179,90,85,241,1,3,331,500,331,264,"(2, 500, 0, 331)","(85, 264, 241, 331)"
2402989.jpg,wearing,cap,13,32,96,32,person,111,80,113,41,0,3,64,109,121,224,"(96, 109, 32, 64)","(113, 224, 41, 121)"
2395227.jpg,standing on,park,329,492,40,1,person,81,28,31,394,0,3,493,369,422,112,"(40, 369, 1, 493)","(31, 112, 394, 422)"
2366564.jpg,sitting on,bench,110,110,179,373,man,163,159,126,309,1,3,483,289,468,289,"(179, 289, 373, 483)","(126, 289, 309, 468)"
2401902.jpg,wearing,shirt,77,66,111,24,woman,236,69,78,21,0,3,90,188,90,314,"(111, 188, 24, 90)","(78, 314, 21, 90)"
2395544.jpg,wearing,suspenders,79,80,127,150,man,434,217,35,74,0,3,230,206,291,469,"(127, 206, 150, 230)","(35, 469, 74, 291)"
2396288.jpg,covered in,drapes,136,329,0,94,window,147,356,0,85,0,3,423,136,441,147,"(0, 136, 94, 423)","(0, 147, 85, 441)"
1592366.jpg,sitting on,park,115,160,471,396,person,111,108,445,447,1,3,556,586,555,556,"(471, 586, 396, 556)","(445, 556, 447, 555)"
2338250.jpg,standing on,sidewalk,42,162,371,0,man,65,24,335,131,0,3,162,413,155,400,"(371, 413, 0, 162)","(335, 400, 131, 155)"
2383087.jpg,wearing,glasses,45,120,52,378,man,375,283,0,215,0,3,498,97,498,375,"(52, 97, 378, 498)","(0, 375, 215, 498)"
2197.jpg,sitting on,counter,101,603,308,17,plant,71,78,293,116,1,3,620,409,194,364,"(308, 409, 17, 620)","(293, 364, 116, 194)"
2357204.jpg,watching,match,300,302,94,5,people,79,60,0,209,0,3,307,394,269,79,"(94, 394, 5, 307)","(0, 79, 209, 269)"
2323161.jpg,sitting on,ground,87,480,36,18,people,33,30,89,160,1,3,498,123,190,122,"(36, 123, 18, 498)","(89, 122, 160, 190)"
2350212.jpg,sitting on,couch,226,373,40,106,people,258,263,32,170,1,3,479,266,433,290,"(40, 266, 106, 479)","(32, 290, 170, 433)"
2370973.jpg,sitting on,skateboard,11,49,181,183,man,73,79,121,175,1,3,232,192,254,194,"(181, 192, 183, 232)","(121, 194, 175, 254)"
2327982.jpg,covering,ground,77,499,142,0,snow,176,497,43,1,0,3,499,219,498,219,"(142, 219, 0, 499)","(43, 219, 1, 498)"
2396175.jpg,wearing,watch,19,28,2,386,man,263,158,0,341,0,3,414,21,499,263,"(2, 21, 386, 414)","(0, 263, 341, 499)"
2344614.jpg,sitting on,roof,244,499,86,1,bird,100,76,96,234,1,3,500,330,310,196,"(86, 330, 1, 500)","(96, 196, 234, 310)"
2395646.jpg,wearing,jeans,295,184,3,4,woman,330,225,2,4,0,3,188,298,229,332,"(3, 298, 4, 188)","(2, 332, 4, 229)"
2393725.jpg,sitting on,branch,162,494,181,4,bird,266,201,95,161,1,3,498,343,362,361,"(181, 343, 4, 498)","(95, 361, 161, 362)"
285749.jpg,sitting on,table,503,890,175,123,plate,98,165,178,3,1,3,1013,678,168,276,"(175, 678, 123, 1013)","(178, 276, 3, 168)"
2358080.jpg,sitting on,plate,119,130,99,369,pear,51,65,89,415,1,3,499,218,480,140,"(99, 218, 369, 499)","(89, 140, 415, 480)"
2379918.jpg,sitting on,ground,176,497,193,1,giraffe,81,81,168,117,1,3,498,369,198,249,"(193, 369, 1, 498)","(168, 249, 117, 198)"
2402277.jpg,sitting on,bench,102,188,162,234,person,132,71,138,288,1,3,422,264,359,270,"(162, 264, 234, 422)","(138, 270, 288, 359)"
2413141.jpg,sitting on,table,296,455,33,35,tray,34,57,87,213,1,3,490,329,270,121,"(33, 329, 35, 490)","(87, 121, 213, 270)"
2348435.jpg,riding,skateboard,55,262,332,38,girl,347,184,24,94,0,3,300,387,278,371,"(332, 387, 38, 300)","(24, 371, 94, 278)"
2408120.jpg,sitting on,towel,17,77,292,1,woman,65,72,241,18,1,3,78,309,90,306,"(292, 309, 1, 78)","(241, 306, 18, 90)"
2353639.jpg,sitting on,floor,133,103,172,379,child,210,143,117,229,1,3,482,305,372,327,"(172, 305, 379, 482)","(117, 327, 229, 372)"
3009.jpg,walking on,sidewalk,91,365,500,257,people,149,375,411,379,0,3,622,591,754,560,"(500, 591, 257, 622)","(411, 560, 379, 754)"
2346122.jpg,wearing,shoe,41,19,274,278,boy,285,164,32,199,0,3,297,315,363,317,"(274, 315, 278, 297)","(32, 317, 199, 363)"
2384657.jpg,sitting on,grass,245,499,82,1,cow,46,89,115,85,1,3,500,327,174,161,"(82, 327, 1, 500)","(115, 161, 85, 174)"
2316823.jpg,sitting on,saddle,53,97,165,243,man,187,82,67,226,1,3,340,218,308,254,"(165, 218, 243, 340)","(67, 254, 226, 308)"
2322701.jpg,sitting on,table,191,343,306,2,glass,139,57,297,216,1,3,345,497,273,436,"(306, 497, 2, 345)","(297, 436, 216, 273)"
2353785.jpg,sitting on,table,213,306,162,190,glass,67,46,192,386,1,3,496,375,432,259,"(162, 375, 190, 496)","(192, 259, 386, 432)"
2363851.jpg,sitting on,plate,259,333,240,0,pizza,249,256,241,77,1,3,333,499,333,490,"(240, 499, 0, 333)","(241, 490, 77, 333)"
2353640.jpg,wearing,shirt,110,99,122,140,woman,319,231,41,125,0,3,239,232,356,360,"(122, 232, 140, 239)","(41, 360, 125, 356)"
2410871.jpg,sitting on,table,120,164,16,335,napkin,70,134,0,363,1,3,499,136,497,70,"(16, 136, 335, 499)","(0, 70, 363, 497)"
2392215.jpg,riding,elephant,341,278,112,35,person,148,117,39,140,0,3,313,453,257,187,"(112, 453, 35, 313)","(39, 187, 140, 257)"
2402121.jpg,sitting on,chair,221,217,126,79,woman,375,233,43,99,1,3,296,347,332,418,"(126, 347, 79, 296)","(43, 418, 99, 332)"
2405058.jpg,sitting on,surface,95,495,239,4,fruit,315,490,4,9,1,3,499,334,499,319,"(239, 334, 4, 499)","(4, 319, 9, 499)"
2416112.jpg,wearing,jersey,95,424,45,33,man,266,347,10,28,0,3,457,140,375,276,"(45, 140, 33, 457)","(10, 276, 28, 375)"
2326134.jpg,sitting on,bench,40,95,277,398,person,56,36,240,391,1,3,493,317,427,296,"(277, 317, 398, 493)","(240, 296, 391, 427)"
2335582.jpg,hanging from,building,144,212,146,113,paper,26,64,226,34,0,3,325,290,98,252,"(146, 290, 113, 325)","(226, 252, 34, 98)"
2401506.jpg,eating,pastry,28,27,202,61,woman,156,90,96,49,0,3,88,230,139,252,"(202, 230, 61, 88)","(96, 252, 49, 139)"
2335584.jpg,sitting on,table,362,419,112,52,food,130,155,35,157,1,3,471,474,312,165,"(112, 474, 52, 471)","(35, 165, 157, 312)"
2356613.jpg,wearing,pants,40,125,460,165,man,424,293,75,4,0,3,290,500,297,499,"(460, 500, 165, 290)","(75, 499, 4, 297)"
2320339.jpg,sitting on,hay,130,275,62,83,man,110,133,29,133,1,3,358,192,266,139,"(62, 192, 83, 358)","(29, 139, 133, 266)"
2336836.jpg,flying in,sky,112,492,7,5,kite,21,52,93,179,0,3,497,119,231,114,"(7, 119, 5, 497)","(93, 114, 179, 231)"
2360165.jpg,sitting on,bench,42,68,209,2,man,66,32,187,34,1,3,70,251,66,253,"(209, 251, 2, 70)","(187, 253, 34, 66)"
2349410.jpg,sitting on,bleachers,87,450,89,48,people,25,14,91,438,1,3,498,176,452,116,"(89, 176, 48, 498)","(91, 116, 438, 452)"
61574.jpg,wearing,shirt,153,104,297,718,boy,307,108,248,717,0,3,822,450,825,555,"(297, 450, 718, 822)","(248, 555, 717, 825)"
2349449.jpg,sitting on,bed,119,485,211,9,animal,183,128,93,65,1,3,494,330,193,276,"(211, 330, 9, 494)","(93, 276, 65, 193)"
2318933.jpg,sitting on,grass,189,495,141,4,man,45,49,144,377,1,3,499,330,426,189,"(141, 330, 4, 499)","(144, 189, 377, 426)"
2354144.jpg,wearing,pants,12,21,262,442,man,26,23,251,439,0,3,463,274,462,277,"(262, 274, 442, 463)","(251, 277, 439, 462)"
2354497.jpg,wearing,collar,101,122,142,50,dog,296,487,34,13,0,3,172,243,500,330,"(142, 243, 50, 172)","(34, 330, 13, 500)"
2385217.jpg,wearing,shoes,16,11,248,157,man,152,58,110,152,0,3,168,264,210,262,"(248, 264, 157, 168)","(110, 262, 152, 210)"
2383324.jpg,sitting on,sidewalk,88,373,183,0,man,90,65,163,4,1,3,373,271,69,253,"(183, 271, 0, 373)","(163, 253, 4, 69)"
2378780.jpg,wearing,coat,33,27,189,396,child,78,41,170,384,0,3,423,222,425,248,"(189, 222, 396, 423)","(170, 248, 384, 425)"
2330904.jpg,covering,roof,115,236,382,6,tile,3,4,434,113,0,3,242,497,117,437,"(382, 497, 6, 242)","(434, 437, 113, 117)"
2374934.jpg,sitting on,mantel,29,284,169,203,photo,42,45,135,205,1,3,487,198,250,177,"(169, 198, 203, 487)","(135, 177, 205, 250)"
2362409.jpg,wearing,sneakers,59,44,127,315,she,211,311,6,50,0,3,359,186,361,217,"(127, 186, 315, 359)","(6, 217, 50, 361)"
2373018.jpg,sitting on,bench,192,399,218,99,girl,240,200,25,163,1,3,498,410,363,265,"(218, 410, 99, 498)","(25, 265, 163, 363)"
2400285.jpg,sitting on,roof,59,381,330,1,chimney,82,53,297,166,1,3,382,389,219,379,"(330, 389, 1, 382)","(297, 379, 166, 219)"
2326659.jpg,sitting on,shelf,410,197,8,53,box,38,148,13,72,1,3,250,418,220,51,"(8, 418, 53, 250)","(13, 51, 72, 220)"
2412549.jpg,sitting on,chair,321,498,0,2,cat,195,173,118,250,1,3,500,321,423,313,"(0, 321, 2, 500)","(118, 313, 250, 423)"
2374979.jpg,wearing,shirt,187,74,128,227,man,332,164,42,169,0,3,301,315,333,374,"(128, 315, 227, 301)","(42, 374, 169, 333)"
2394300.jpg,wearing,shoe,41,34,255,262,man,248,175,49,150,0,3,296,296,325,297,"(255, 296, 262, 296)","(49, 297, 150, 325)"
2352785.jpg,sitting on,grass,48,70,172,288,people,15,39,178,299,1,3,358,220,338,193,"(172, 220, 288, 358)","(178, 193, 299, 338)"
2381121.jpg,sitting on,ground,77,497,422,2,pot,103,258,346,176,1,3,499,499,434,449,"(422, 499, 2, 499)","(346, 449, 176, 434)"
2354377.jpg,wearing,badge,10,13,141,127,man,142,64,84,94,0,3,140,151,158,226,"(141, 151, 127, 140)","(84, 226, 94, 158)"
2348321.jpg,wearing,shirt,66,111,165,190,man,90,89,141,209,0,3,301,231,298,231,"(165, 231, 190, 301)","(141, 231, 209, 298)"
2390441.jpg,sitting on,bench,55,276,443,1,man,496,352,1,146,1,3,277,498,498,497,"(443, 498, 1, 277)","(1, 497, 146, 498)"
2385328.jpg,sitting on,ground,262,215,72,284,wire,42,164,197,324,1,3,499,334,488,239,"(72, 334, 284, 499)","(197, 239, 324, 488)"
4116.jpg,wearing,shoe,43,40,411,100,girl,362,137,75,39,0,3,140,454,176,437,"(411, 454, 100, 140)","(75, 437, 39, 176)"
2416332.jpg,sitting on,rail,23,291,187,206,train,125,454,59,19,1,3,497,210,473,184,"(187, 210, 206, 497)","(59, 184, 19, 473)"
2363193.jpg,sitting on,desk,41,42,226,40,toothbrush,28,122,164,290,1,3,82,267,412,192,"(226, 267, 40, 82)","(164, 192, 290, 412)"
2364730.jpg,wearing,watch,15,10,162,259,man,314,101,61,247,0,3,269,177,348,375,"(162, 177, 259, 269)","(61, 375, 247, 348)"
2392934.jpg,growing on,bushes,274,318,53,4,leaf,14,10,205,174,0,3,322,327,184,219,"(53, 327, 4, 322)","(205, 219, 174, 184)"
2342680.jpg,sitting on,seat,64,98,99,243,cat,75,111,59,213,1,3,341,163,324,134,"(99, 163, 243, 341)","(59, 134, 213, 324)"
2417407.jpg,eating,leaves,9,12,106,258,giraffe,222,72,103,233,0,3,270,115,305,325,"(106, 115, 258, 270)","(103, 325, 233, 305)"
2333607.jpg,sitting on,bus,328,251,12,3,person,25,29,197,41,1,3,254,340,70,222,"(12, 340, 3, 254)","(197, 222, 41, 70)"
2356928.jpg,sitting on,sand,229,331,269,0,towel,18,37,337,65,1,3,331,498,102,355,"(269, 498, 0, 331)","(337, 355, 65, 102)"
2316707.jpg,sitting on,bleacher,32,320,115,178,person,102,55,54,386,1,3,498,147,441,156,"(115, 147, 178, 498)","(54, 156, 386, 441)"
2338557.jpg,parked on,road,24,232,67,12,car,13,57,83,343,0,3,244,91,400,96,"(67, 91, 12, 244)","(83, 96, 343, 400)"
2395397.jpg,sitting on,table,163,429,118,51,remotes,33,85,203,299,1,3,480,281,384,236,"(118, 281, 51, 480)","(203, 236, 299, 384)"
2346775.jpg,sitting on,chair,317,266,16,34,cat,146,179,158,103,1,3,300,333,282,304,"(16, 333, 34, 300)","(158, 304, 103, 282)"
2327875.jpg,wearing,glove,15,30,100,136,person,154,155,91,137,0,3,166,115,292,245,"(100, 115, 136, 166)","(91, 245, 137, 292)"
2355291.jpg,covering,window,26,105,7,81,board,22,100,2,86,0,3,186,33,186,24,"(7, 33, 81, 186)","(2, 24, 86, 186)"
382.jpg,sitting on,cabinet,433,222,104,27,crate,45,152,0,72,1,3,249,537,224,45,"(104, 537, 27, 249)","(0, 45, 72, 224)"
2370973.jpg,standing on,street,115,497,177,1,person,84,32,81,399,0,3,498,292,431,165,"(177, 292, 1, 498)","(81, 165, 399, 431)"
2328675.jpg,wearing,shirt,22,27,213,394,man,78,60,201,377,0,3,421,235,437,279,"(213, 235, 394, 421)","(201, 279, 377, 437)"
2384498.jpg,wearing,hat,23,36,11,74,man,227,70,11,55,0,3,110,34,125,238,"(11, 34, 74, 110)","(11, 238, 55, 125)"
3987.jpg,sitting on,balcony,344,434,1,1,chair,48,29,169,95,1,3,435,345,124,217,"(1, 345, 1, 435)","(169, 217, 95, 124)"
2344979.jpg,wearing,shirt,40,16,54,257,woman,167,64,26,229,0,3,273,94,293,193,"(54, 94, 257, 273)","(26, 193, 229, 293)"
2329455.jpg,watching,band,43,421,240,0,people,29,24,303,414,0,3,421,283,438,332,"(240, 283, 0, 421)","(303, 332, 414, 438)"
2406899.jpg,sitting on,grass,86,55,58,4,woman,111,99,36,57,1,3,59,144,156,147,"(58, 144, 4, 59)","(36, 147, 57, 156)"
2389464.jpg,sitting on,sand,116,373,382,2,girl,115,88,319,36,1,3,375,498,124,434,"(382, 498, 2, 375)","(319, 434, 36, 124)"
2395335.jpg,sitting on,bench,120,275,196,40,man,194,107,77,86,1,3,315,316,193,271,"(196, 316, 40, 315)","(77, 271, 86, 193)"
2379437.jpg,sitting on,ground,119,497,255,2,motorcycle,330,293,2,114,1,3,499,374,407,332,"(255, 374, 2, 499)","(2, 332, 114, 407)"
2366724.jpg,wearing,hat,12,17,245,28,man,142,42,246,13,0,3,45,257,55,388,"(245, 257, 28, 45)","(246, 388, 13, 55)"
2318700.jpg,sitting on,bench,130,212,243,280,man,309,195,22,3,1,3,492,373,198,331,"(243, 373, 280, 492)","(22, 331, 3, 198)"
1593110.jpg,covering,window,285,351,0,246,shade,513,404,5,605,0,3,597,285,1009,518,"(0, 285, 246, 597)","(5, 518, 605, 1009)"
2341311.jpg,sitting on,ground,87,471,244,14,person,14,16,225,316,1,3,485,331,332,239,"(244, 331, 14, 485)","(225, 239, 316, 332)"
2344979.jpg,wearing,sunglasses,6,19,36,340,man,159,58,23,314,0,3,359,42,372,182,"(36, 42, 340, 359)","(23, 182, 314, 372)"
2383138.jpg,wearing,shirt,21,41,1,445,person,104,55,0,438,0,3,486,22,493,104,"(1, 22, 445, 486)","(0, 104, 438, 493)"
2363193.jpg,sitting on,cd,25,90,202,65,drink,181,73,22,102,1,3,155,227,175,203,"(202, 227, 65, 155)","(22, 203, 102, 175)"
2329157.jpg,wearing,sunglasses,55,129,110,212,man,215,155,27,187,0,3,341,165,342,242,"(110, 165, 212, 341)","(27, 242, 187, 342)"
2354374.jpg,covering,table,169,146,254,3,tablecloth,83,82,314,22,0,3,149,423,104,397,"(254, 423, 3, 149)","(314, 397, 22, 104)"
2381142.jpg,sitting on,counter,52,55,209,0,bottle,57,15,182,0,1,3,55,261,15,239,"(209, 261, 0, 55)","(182, 239, 0, 15)"
2346219.jpg,flying in,sky,284,498,0,1,kite,19,25,0,403,0,3,499,284,428,19,"(0, 284, 1, 499)","(0, 19, 403, 428)"
2405999.jpg,sitting on,stool,36,29,28,114,camerman,75,51,0,90,1,3,143,64,141,75,"(28, 64, 114, 143)","(0, 75, 90, 141)"
2334571.jpg,sitting on,table,82,155,247,9,cake,115,215,213,166,1,3,164,329,381,328,"(247, 329, 9, 164)","(213, 328, 166, 381)"
2417473.jpg,wearing,shirt,50,190,1,23,man,264,166,8,21,0,3,213,51,187,272,"(1, 51, 23, 213)","(8, 272, 21, 187)"
2401572.jpg,wearing,lanyard,178,34,31,315,man,313,333,2,165,0,3,349,209,498,315,"(31, 209, 315, 349)","(2, 315, 165, 498)"
2345460.jpg,sitting on,stove,58,137,0,157,pot,24,52,0,234,1,3,294,58,286,24,"(0, 58, 157, 294)","(0, 24, 234, 286)"
2345353.jpg,sitting on,elephant,192,245,73,117,person,82,80,6,258,1,3,362,265,338,88,"(73, 265, 117, 362)","(6, 88, 258, 338)"
2369797.jpg,sitting on,shelf,40,211,458,66,book,97,18,373,77,1,3,277,498,95,470,"(458, 498, 66, 277)","(373, 470, 77, 95)"
2364497.jpg,wearing,socks,70,37,218,213,person,296,180,17,137,0,3,250,288,317,313,"(218, 288, 213, 250)","(17, 313, 137, 317)"
2342248.jpg,wearing,glasses,29,99,78,244,man,351,239,24,219,0,3,343,107,458,375,"(78, 107, 244, 343)","(24, 375, 219, 458)"
2397488.jpg,parked on,street,62,308,59,1,car,70,111,43,263,0,3,309,121,374,113,"(59, 121, 1, 309)","(43, 113, 263, 374)"
2413531.jpg,wearing,shirt,83,67,49,35,kid,183,68,13,35,0,3,102,132,103,196,"(49, 132, 35, 102)","(13, 196, 35, 103)"
713194.jpg,sitting on,bench,68,296,414,379,girl,162,68,323,568,1,3,675,482,636,485,"(414, 482, 379, 675)","(323, 485, 568, 636)"
2326176.jpg,sitting on,elephant,111,101,388,169,boy,50,43,351,199,1,3,270,499,242,401,"(388, 499, 169, 270)","(351, 401, 199, 242)"
2411634.jpg,sitting on,couch,396,359,102,5,girl,393,370,105,1,1,3,364,498,371,498,"(102, 498, 5, 364)","(105, 498, 1, 371)"
1592103.jpg,wearing,shirt,76,98,184,454,man,251,184,139,370,0,3,552,260,554,390,"(184, 260, 454, 552)","(139, 390, 370, 554)"
2405956.jpg,sitting on,grass,133,482,195,12,man,44,50,187,68,1,3,494,328,118,231,"(195, 328, 12, 494)","(187, 231, 68, 118)"
2399956.jpg,sitting on,cargo,43,69,95,210,man,106,62,34,198,1,3,279,138,260,140,"(95, 138, 210, 279)","(34, 140, 198, 260)"
2335829.jpg,wearing,helmet,23,30,84,257,snowboarder,204,106,86,218,0,3,287,107,324,290,"(84, 107, 257, 287)","(86, 290, 218, 324)"
713121.jpg,sitting on,table,619,672,402,4,rock,28,38,688,129,1,3,676,1021,167,716,"(402, 1021, 4, 676)","(688, 716, 129, 167)"
2378349.jpg,covered in,snow,50,230,75,256,bushes,78,205,65,289,0,3,486,125,494,143,"(75, 125, 256, 486)","(65, 143, 289, 494)"
2388649.jpg,sitting on,light,65,31,126,73,birds,10,27,117,73,1,3,104,191,100,127,"(126, 191, 73, 104)","(117, 127, 73, 100)"
2353185.jpg,wearing,hat,11,21,20,269,boy,181,178,20,189,0,3,290,31,367,201,"(20, 31, 269, 290)","(20, 201, 189, 367)"
2400353.jpg,sitting on,floor,93,365,239,13,printer,81,68,224,318,1,3,378,332,386,305,"(239, 332, 13, 378)","(224, 305, 318, 386)"
2397070.jpg,sitting on,fabric,29,49,187,116,man,223,119,69,116,1,3,165,216,235,292,"(187, 216, 116, 165)","(69, 292, 116, 235)"
2398899.jpg,sitting on,branch,364,293,134,37,bird,58,68,258,241,1,3,330,498,309,316,"(134, 498, 37, 330)","(258, 316, 241, 309)"
2355893.jpg,riding,motorcycle,212,106,100,198,man,135,136,97,196,0,3,304,312,332,232,"(100, 312, 198, 304)","(97, 232, 196, 332)"
3945.jpg,watching,fish,178,366,94,9,person,49,33,292,171,0,3,375,272,204,341,"(94, 272, 9, 375)","(292, 341, 171, 204)"
2390559.jpg,sitting on,chair,16,16,85,156,woman,74,66,68,85,1,3,172,101,151,142,"(85, 101, 156, 172)","(68, 142, 85, 151)"
2384681.jpg,eating,food,12,16,269,119,man,45,47,245,76,0,3,135,281,123,290,"(269, 281, 119, 135)","(245, 290, 76, 123)"
2363699.jpg,standing on,beach,264,372,235,0,umbrella,6,10,231,9,0,3,372,499,19,237,"(235, 499, 0, 372)","(231, 237, 9, 19)"
2316159.jpg,sitting on,table,327,498,9,0,plate,235,402,84,52,1,3,498,336,454,319,"(9, 336, 0, 498)","(84, 319, 52, 454)"
2385573.jpg,sitting on,bench,89,264,371,64,men,175,186,246,108,1,3,328,460,294,421,"(371, 460, 64, 328)","(246, 421, 108, 294)"
2375667.jpg,using,binoculars,62,41,364,453,guy,52,62,384,429,0,3,494,426,491,436,"(364, 426, 453, 494)","(384, 436, 429, 491)"
2322301.jpg,sitting on,bench,32,193,147,0,people,52,77,124,23,1,3,193,179,100,176,"(147, 179, 0, 193)","(124, 176, 23, 100)"
2362756.jpg,sitting on,ramp,106,378,212,1,man,83,86,148,0,1,3,379,318,86,231,"(212, 318, 1, 379)","(148, 231, 0, 86)"
2402900.jpg,sitting on,floor,53,140,279,237,iron,40,30,292,216,1,3,377,332,246,332,"(279, 332, 237, 377)","(292, 332, 216, 246)"
2416600.jpg,sitting on,table,264,384,87,60,cat,124,130,45,66,1,3,444,351,196,169,"(87, 351, 60, 444)","(45, 169, 66, 196)"
2346942.jpg,standing on,table,237,433,33,33,bottle,86,112,10,163,0,3,466,270,275,96,"(33, 270, 33, 466)","(10, 96, 163, 275)"
4572.jpg,sitting on,bench,88,201,187,134,boy,156,79,96,207,1,3,335,275,286,252,"(187, 275, 134, 335)","(96, 252, 207, 286)"
2374131.jpg,sitting on,desk,130,323,94,101,computer,85,106,62,131,1,3,424,224,237,147,"(94, 224, 101, 424)","(62, 147, 131, 237)"
2345268.jpg,wearing,shoe,26,59,262,388,boy,288,204,33,242,0,3,447,288,446,321,"(262, 288, 388, 447)","(33, 321, 242, 446)"
2339276.jpg,sitting on,floor,492,371,1,2,dog,200,182,38,118,1,3,373,493,300,238,"(1, 493, 2, 373)","(38, 238, 118, 300)"
2359557.jpg,sitting on,lion,221,370,277,124,girls,120,131,350,336,1,3,494,498,467,470,"(277, 498, 124, 494)","(350, 470, 336, 467)"
2330966.jpg,eating,bun,34,34,229,179,girl,448,254,50,11,0,3,213,263,265,498,"(229, 263, 179, 213)","(50, 498, 11, 265)"
498235.jpg,wearing,glasses,87,134,170,147,man,549,417,108,0,0,3,281,257,417,657,"(170, 257, 147, 281)","(108, 657, 0, 417)"
2355380.jpg,wearing,top,34,32,160,75,man,103,53,142,59,0,3,107,194,112,245,"(160, 194, 75, 107)","(142, 245, 59, 112)"
2358767.jpg,sitting on,bike,53,65,267,333,book,107,73,154,309,1,3,398,320,382,261,"(267, 320, 333, 398)","(154, 261, 309, 382)"
2324528.jpg,sitting on,plate,275,293,19,41,bun,121,201,30,75,1,3,334,294,276,151,"(19, 294, 41, 334)","(30, 151, 75, 276)"
2323838.jpg,carrying,bag,90,68,104,125,woman,283,73,71,125,0,3,193,194,198,354,"(104, 194, 125, 193)","(71, 354, 125, 198)"
2373862.jpg,sitting on,table,242,58,58,3,book,12,32,64,1,1,3,61,300,33,76,"(58, 300, 3, 61)","(64, 76, 1, 33)"
2380818.jpg,wearing,sneaker,50,32,423,183,man,348,181,121,85,0,3,215,473,266,469,"(423, 473, 183, 215)","(121, 469, 85, 266)"
2414787.jpg,wearing,glasses,14,26,145,161,woman,259,202,115,80,0,3,187,159,282,374,"(145, 159, 161, 187)","(115, 374, 80, 282)"
968.jpg,wearing,shirt,10,22,411,305,person,30,38,398,292,0,3,327,421,330,428,"(411, 421, 305, 327)","(398, 428, 292, 330)"
2395412.jpg,wearing,glasses,7,27,269,97,woman,84,47,248,81,0,3,124,276,128,332,"(269, 276, 97, 124)","(248, 332, 81, 128)"
2347747.jpg,sitting on,table,359,496,13,1,bill,33,71,69,365,1,3,497,372,436,102,"(13, 372, 1, 497)","(69, 102, 365, 436)"
2326915.jpg,sitting on,lawn,104,498,269,1,train,286,351,52,57,1,3,499,373,408,338,"(269, 373, 1, 499)","(52, 338, 57, 408)"
2323992.jpg,wearing,hoodie,199,187,83,47,boy,378,188,50,41,0,3,234,282,229,428,"(83, 282, 47, 234)","(50, 428, 41, 229)"
2398308.jpg,sitting on,boat,54,74,163,263,man,27,13,172,289,1,3,337,217,302,199,"(163, 217, 263, 337)","(172, 199, 289, 302)"
2348369.jpg,sitting on,table,202,220,172,263,laptop,143,124,129,271,1,3,483,374,395,272,"(172, 374, 263, 483)","(129, 272, 271, 395)"
2357514.jpg,sitting on,toilet,357,245,77,49,cat,216,201,101,64,1,3,294,434,265,317,"(77, 434, 49, 294)","(101, 317, 64, 265)"
2369081.jpg,wearing,sandal,12,15,461,97,sandal,13,13,462,86,0,3,112,473,99,475,"(461, 473, 97, 112)","(462, 475, 86, 99)"
2397069.jpg,sitting on,counter,103,228,166,272,plates,30,44,206,272,1,3,500,269,316,236,"(166, 269, 272, 500)","(206, 236, 272, 316)"
2348163.jpg,sitting on,elephant,323,359,176,15,chair,149,112,53,216,1,3,374,499,328,202,"(176, 499, 15, 374)","(53, 202, 216, 328)"
2338066.jpg,sitting on,boat,74,465,157,17,duck,29,74,175,250,1,3,482,231,324,204,"(157, 231, 17, 482)","(175, 204, 250, 324)"
2392836.jpg,wearing,shirt,83,90,127,132,man,223,178,96,73,0,3,222,210,251,319,"(127, 210, 132, 222)","(96, 319, 73, 251)"
2323386.jpg,sitting on,table,75,155,142,31,megaphone,36,38,160,32,1,3,186,217,70,196,"(142, 217, 31, 186)","(160, 196, 32, 70)"
2350042.jpg,wearing,shirt,146,142,100,84,woman,349,170,18,85,0,3,226,246,255,367,"(100, 246, 84, 226)","(18, 367, 85, 255)"
2381744.jpg,sitting on,skateboard,49,132,253,173,man,272,301,28,62,1,3,305,302,363,300,"(253, 302, 173, 305)","(28, 300, 62, 363)"
2397815.jpg,sitting on,nightstand,30,60,154,306,lamp,40,21,117,313,1,3,366,184,334,157,"(154, 184, 306, 366)","(117, 157, 313, 334)"
2412032.jpg,wearing,shirt,22,28,120,330,man,70,37,80,320,0,3,358,142,357,150,"(120, 142, 330, 358)","(80, 150, 320, 357)"
2342517.jpg,sitting on,man,330,478,40,1,dog,106,156,154,51,1,3,479,370,207,260,"(40, 370, 1, 479)","(154, 260, 51, 207)"
2411125.jpg,sitting on,mantle,61,299,32,200,picture,47,57,12,209,1,3,499,93,266,59,"(32, 93, 200, 499)","(12, 59, 209, 266)"
2409689.jpg,painted on,train,126,498,0,0,line,57,65,0,319,0,3,498,126,384,57,"(0, 126, 0, 498)","(0, 57, 319, 384)"
285983.jpg,wearing,shirt,26,33,271,942,woman,96,48,242,936,0,3,975,297,984,338,"(271, 297, 942, 975)","(242, 338, 936, 984)"
2330792.jpg,sitting on,table,111,492,219,0,fruit,25,34,292,38,1,3,492,330,72,317,"(219, 330, 0, 492)","(292, 317, 38, 72)"
2374569.jpg,sitting on,desk,135,151,237,340,computer,211,172,4,321,1,3,491,372,493,215,"(237, 372, 340, 491)","(4, 215, 321, 493)"
2348813.jpg,sitting on,swing,77,57,168,426,adult,23,11,203,448,1,3,483,245,459,226,"(168, 245, 426, 483)","(203, 226, 448, 459)"
2359571.jpg,sitting on,table,299,436,32,42,ribbon,164,71,153,51,1,3,478,331,122,317,"(32, 331, 42, 478)","(153, 317, 51, 122)"
2330363.jpg,wearing,shirt,24,15,186,257,man,64,39,173,245,0,3,272,210,284,237,"(186, 210, 257, 272)","(173, 237, 245, 284)"
3611.jpg,wearing,sunglasses,56,84,211,261,woman,393,390,209,277,0,3,345,267,667,602,"(211, 267, 261, 345)","(209, 602, 277, 667)"
2330050.jpg,sitting on,stove,226,149,133,82,candle,29,14,156,152,1,3,231,359,166,185,"(133, 359, 82, 231)","(156, 185, 152, 166)"
2374163.jpg,wearing,sneakers,13,71,164,176,boy,128,132,48,145,0,3,247,177,277,176,"(164, 177, 176, 247)","(48, 176, 145, 277)"
2398305.jpg,wearing,jeans,69,94,87,62,person,146,107,15,57,0,3,156,156,164,161,"(87, 156, 62, 156)","(15, 161, 57, 164)"
2372211.jpg,wearing,bowtie,27,47,93,175,guy,361,138,32,134,0,3,222,120,272,393,"(93, 120, 175, 222)","(32, 393, 134, 272)"
2403775.jpg,sitting on,sack,46,113,258,293,man,219,154,114,171,1,3,406,304,325,333,"(258, 304, 293, 406)","(114, 333, 171, 325)"
2342656.jpg,sitting on,chair,77,76,297,50,guy,140,52,217,336,1,3,126,374,388,357,"(297, 374, 50, 126)","(217, 357, 336, 388)"
1539.jpg,wearing,suit,72,21,356,494,man,69,26,359,492,0,3,515,428,518,428,"(356, 428, 494, 515)","(359, 428, 492, 518)"
2340448.jpg,sitting on,table,352,497,20,1,container,88,81,31,331,1,3,498,372,412,119,"(20, 372, 1, 498)","(31, 119, 331, 412)"
2338983.jpg,wearing,shoes,17,36,242,85,player,155,54,102,66,0,3,121,259,120,257,"(242, 259, 85, 121)","(102, 257, 66, 120)"
2363461.jpg,wearing,sweater,121,70,82,72,person,299,116,32,62,0,3,142,203,178,331,"(82, 203, 72, 142)","(32, 331, 62, 178)"
2348539.jpg,sitting on,blanket,362,490,0,5,kitten,229,280,57,93,1,3,495,362,373,286,"(0, 362, 5, 495)","(57, 286, 93, 373)"
2357080.jpg,sitting on,bleachers,82,497,3,2,viewers,75,482,3,11,1,3,499,85,493,78,"(3, 85, 2, 499)","(3, 78, 11, 493)"
2359697.jpg,sitting on,pan,80,121,117,10,pie,85,175,2,5,1,3,131,197,180,87,"(117, 197, 10, 131)","(2, 87, 5, 180)"
2370691.jpg,sitting on,beach,162,493,169,3,man,40,24,176,247,1,3,496,331,271,216,"(169, 331, 3, 496)","(176, 216, 247, 271)"
2343258.jpg,sitting on,table,246,372,252,1,menu,135,91,153,87,1,3,373,498,178,288,"(252, 498, 1, 373)","(153, 288, 87, 178)"
2363469.jpg,wearing,dress,228,121,171,213,woman,225,145,175,208,0,3,334,399,353,400,"(171, 399, 213, 334)","(175, 400, 208, 353)"
2413341.jpg,sitting on,chair,51,110,234,345,women,38,75,195,368,1,3,455,285,443,233,"(234, 285, 345, 455)","(195, 233, 368, 443)"
2391666.jpg,says,stop,27,86,237,361,sign,91,148,221,329,0,3,447,264,477,312,"(237, 264, 361, 447)","(221, 312, 329, 477)"
115.jpg,sitting on,couch,75,255,93,1,woman,155,74,15,134,1,3,256,168,208,170,"(93, 168, 1, 256)","(15, 170, 134, 208)"
713673.jpg,riding,motorbike,424,340,238,434,man,457,291,124,476,0,3,774,662,767,581,"(238, 662, 434, 774)","(124, 581, 476, 767)"
2399690.jpg,sitting on,couch,493,331,4,0,boy,446,281,54,49,1,3,331,497,330,500,"(4, 497, 0, 331)","(54, 500, 49, 330)"
2401148.jpg,wearing,suit,96,158,105,117,person,146,215,71,88,0,3,275,201,303,217,"(105, 201, 117, 275)","(71, 217, 88, 303)"
2337830.jpg,sitting on,train,99,403,165,3,boy,72,51,159,323,1,3,406,264,374,231,"(165, 264, 3, 406)","(159, 231, 323, 374)"
2407257.jpg,wearing,sneakers,47,71,305,185,man,176,132,175,186,0,3,256,352,318,351,"(305, 352, 185, 256)","(175, 351, 186, 318)"
2399951.jpg,sitting on,bench,98,41,393,220,man,185,102,311,49,1,3,261,491,151,496,"(393, 491, 220, 261)","(311, 496, 49, 151)"
2351270.jpg,sitting on,table,213,281,285,43,book,7,52,297,192,1,3,324,498,244,304,"(285, 498, 43, 324)","(297, 304, 192, 244)"
2321627.jpg,sitting on,bike,378,228,89,98,man,289,202,57,126,1,3,326,467,328,346,"(89, 467, 98, 326)","(57, 346, 126, 328)"
2412951.jpg,wearing,pants,81,184,417,76,man,416,303,79,17,0,3,260,498,320,495,"(417, 498, 76, 260)","(79, 495, 17, 320)"
2368541.jpg,hanging from,chain,10,12,156,367,sign,27,37,169,389,0,3,379,166,426,196,"(156, 166, 367, 379)","(169, 196, 389, 426)"
2381119.jpg,wearing,jeans,29,64,467,158,girl,380,156,119,97,0,3,222,496,253,499,"(467, 496, 158, 222)","(119, 499, 97, 253)"
1682.jpg,sitting on,counter,335,193,263,3,cup,27,23,263,11,1,3,196,598,34,290,"(263, 598, 3, 196)","(263, 290, 11, 34)"
2405035.jpg,wearing,cap,60,33,201,467,boy,151,54,204,443,0,3,500,261,497,355,"(201, 261, 467, 500)","(204, 355, 443, 497)"
2316412.jpg,wearing,pants,130,120,166,8,man,291,160,20,6,0,3,128,296,166,311,"(166, 296, 8, 128)","(20, 311, 6, 166)"
1159443.jpg,wearing,shirt,216,156,222,324,man,356,194,82,324,0,3,480,438,518,438,"(222, 438, 324, 480)","(82, 438, 324, 518)"
2393856.jpg,wearing,trunks,62,54,184,270,man,234,175,94,222,0,3,324,246,397,328,"(184, 246, 270, 324)","(94, 328, 222, 397)"
2328273.jpg,wearing,shirt,58,42,232,176,person,165,56,205,166,0,3,218,290,222,370,"(232, 290, 176, 218)","(205, 370, 166, 222)"
2341160.jpg,wearing,shoes,10,8,338,105,man,317,69,38,80,0,3,113,348,149,355,"(338, 348, 105, 113)","(38, 355, 80, 149)"
2401297.jpg,sitting on,beach,233,333,267,0,kite,156,313,171,1,1,3,333,500,314,327,"(267, 500, 0, 333)","(171, 327, 1, 314)"
2369725.jpg,sitting on,bench,22,47,162,326,player,30,19,152,331,1,3,373,184,350,182,"(162, 184, 326, 373)","(152, 182, 331, 350)"
2363105.jpg,standing on,grass,125,494,187,6,cows,87,381,204,73,0,3,500,312,454,291,"(187, 312, 6, 500)","(204, 291, 73, 454)"
2354377.jpg,sitting on,bike,209,312,112,70,person,285,141,23,153,1,3,382,321,294,308,"(112, 321, 70, 382)","(23, 308, 153, 294)"
2395608.jpg,hanging from,crane,95,214,1,99,bucket,12,19,86,252,0,3,313,96,271,98,"(1, 96, 99, 313)","(86, 98, 252, 271)"
2406429.jpg,wearing,helmet,70,87,27,185,motorcyclist,222,186,27,186,0,3,272,97,372,249,"(27, 97, 185, 272)","(27, 249, 186, 372)"
2358947.jpg,sitting on,ground,230,498,106,1,animals,20,37,145,21,1,3,499,336,58,165,"(106, 336, 1, 499)","(145, 165, 21, 58)"
2351078.jpg,sitting on,table,81,192,292,15,glass,159,110,3,284,1,3,207,373,394,162,"(292, 373, 15, 207)","(3, 162, 284, 394)"
2371102.jpg,sitting on,table,62,75,130,409,bag,49,53,61,352,1,3,484,192,405,110,"(130, 192, 409, 484)","(61, 110, 352, 405)"
2335054.jpg,wearing,sweatshirt,69,116,152,75,woman,113,146,136,61,0,3,191,221,207,249,"(152, 221, 75, 191)","(136, 249, 61, 207)"
2316036.jpg,wearing,shirt,35,58,150,231,woman,167,102,134,192,0,3,289,185,294,301,"(150, 185, 231, 289)","(134, 301, 192, 294)"
2415929.jpg,parked on,ground,216,492,132,0,airplane,235,498,49,0,0,3,492,348,498,284,"(132, 348, 0, 492)","(49, 284, 0, 498)"
2386109.jpg,sitting on,plate,165,212,147,126,food,140,153,162,136,1,3,338,312,289,302,"(147, 312, 126, 338)","(162, 302, 136, 289)"
2378452.jpg,sitting on,floor,174,201,188,284,toilet,212,255,12,17,1,3,485,362,272,224,"(188, 362, 284, 485)","(12, 224, 17, 272)"
2356896.jpg,carrying,surfboard,116,207,197,215,surfer,154,96,184,287,0,3,422,313,383,338,"(197, 313, 215, 422)","(184, 338, 287, 383)"
2354661.jpg,wearing,clothing,107,104,132,230,bear,151,100,88,239,0,3,334,239,339,239,"(132, 239, 230, 334)","(88, 239, 239, 339)"
2322579.jpg,wearing,pants,64,35,202,276,skier,140,54,130,260,0,3,311,266,314,270,"(202, 266, 276, 311)","(130, 270, 260, 314)"
2391558.jpg,sitting on,floor,336,491,36,7,boot,123,84,122,415,1,3,498,372,499,245,"(36, 372, 7, 498)","(122, 245, 415, 499)"
2400448.jpg,sitting on,bench,111,137,110,52,man,257,179,50,95,1,3,189,221,274,307,"(110, 221, 52, 189)","(50, 307, 95, 274)"
2394773.jpg,sitting on,table,286,431,83,68,laptop,174,196,93,150,1,3,499,369,346,267,"(83, 369, 68, 499)","(93, 267, 150, 346)"
2317930.jpg,watching,tennis,116,78,115,210,person,29,33,35,48,0,3,288,231,81,64,"(115, 231, 210, 288)","(35, 64, 48, 81)"
2378817.jpg,sitting on,pavement,135,497,195,1,person,16,15,193,241,1,3,498,330,256,209,"(195, 330, 1, 498)","(193, 209, 241, 256)"
2406005.jpg,wearing,tie,73,14,115,148,man,474,147,22,58,0,3,162,188,205,496,"(115, 188, 148, 162)","(22, 496, 58, 205)"
2367660.jpg,standing on,log,80,246,250,1,man,201,142,88,49,0,3,247,330,191,289,"(250, 330, 1, 247)","(88, 289, 49, 191)"
2402912.jpg,sitting on,sofa,229,498,101,0,boy,166,205,121,104,1,3,498,330,309,287,"(101, 330, 0, 498)","(121, 287, 104, 309)"
2412883.jpg,wearing,gloves,78,79,79,327,batter,366,292,28,116,0,3,406,157,408,394,"(79, 157, 327, 406)","(28, 394, 116, 408)"
2369468.jpg,wearing,cleats,14,29,258,148,pitcher,278,271,0,73,0,3,177,272,344,278,"(258, 272, 148, 177)","(0, 278, 73, 344)"
2373557.jpg,wearing,skis,9,20,210,391,person,29,17,188,392,0,3,411,219,409,217,"(210, 219, 391, 411)","(188, 217, 392, 409)"
2328405.jpg,sitting on,table,286,470,86,3,food,260,477,41,20,1,3,473,372,497,301,"(86, 372, 3, 473)","(41, 301, 20, 497)"
2361069.jpg,sitting on,shelf,52,373,333,0,bottle,223,68,122,1,1,3,373,385,69,345,"(333, 385, 0, 373)","(122, 345, 1, 69)"
2401835.jpg,painted on,court,134,497,199,2,line,125,97,208,39,0,3,499,333,136,333,"(199, 333, 2, 499)","(208, 333, 39, 136)"
2329087.jpg,wearing,goggles,22,41,58,142,girl,268,216,36,51,0,3,183,80,267,304,"(58, 80, 142, 183)","(36, 304, 51, 267)"
2352212.jpg,standing on,ground,242,329,256,2,giraffes,388,167,109,63,0,3,331,498,230,497,"(256, 498, 2, 331)","(109, 497, 63, 230)"
285702.jpg,wearing,t-shirt,264,305,209,344,boy,748,666,41,147,0,3,649,473,813,789,"(209, 473, 344, 649)","(41, 789, 147, 813)"
2365484.jpg,eating,grass,122,369,376,4,cows,55,171,356,180,0,3,373,498,351,411,"(376, 498, 4, 373)","(356, 411, 180, 351)"
2392821.jpg,wearing,hat,17,18,123,283,person,73,35,124,265,0,3,301,140,300,197,"(123, 140, 283, 301)","(124, 197, 265, 300)"
2383173.jpg,flying in,sky,315,498,3,2,airplane,116,405,73,54,0,3,500,318,459,189,"(3, 318, 2, 500)","(73, 189, 54, 459)"
2328893.jpg,sitting on,grass,54,111,183,97,rock,42,70,179,81,1,3,208,237,151,221,"(183, 237, 97, 208)","(179, 221, 81, 151)"
2342218.jpg,wearing,pants,251,141,249,47,man,456,200,43,17,0,3,188,500,217,499,"(249, 500, 47, 188)","(43, 499, 17, 217)"
2400096.jpg,sitting on,couch,364,498,10,1,box,66,32,101,0,1,3,499,374,32,167,"(10, 374, 1, 499)","(101, 167, 0, 32)"
2395602.jpg,sitting on,couch,275,296,98,28,man,228,233,52,100,1,3,324,373,333,280,"(98, 373, 28, 324)","(52, 280, 100, 333)"
2341080.jpg,wearing,hat,24,34,42,221,rider,108,67,39,217,0,3,255,66,284,147,"(42, 66, 221, 255)","(39, 147, 217, 284)"
2316899.jpg,painted on,wall,383,370,0,1,wave,136,254,3,2,0,3,371,383,256,139,"(0, 383, 1, 371)","(3, 139, 2, 256)"
2342457.jpg,sitting on,bench,59,46,251,126,man,144,80,165,131,1,3,172,310,211,309,"(251, 310, 126, 172)","(165, 309, 131, 211)"
2413652.jpg,sitting on,elephant,108,122,121,280,man,53,33,94,282,1,3,402,229,315,147,"(121, 229, 280, 402)","(94, 147, 282, 315)"
2316544.jpg,wearing,pants,138,66,236,61,man,298,116,77,67,0,3,127,374,183,375,"(236, 374, 61, 127)","(77, 375, 67, 183)"
2385304.jpg,wearing,jeans,27,13,164,73,man,50,18,140,71,0,3,86,191,89,190,"(164, 191, 73, 86)","(140, 190, 71, 89)"
2388794.jpg,wearing,jacket,80,68,110,264,girl,200,72,94,262,0,3,332,190,334,294,"(110, 190, 264, 332)","(94, 294, 262, 334)"
2364130.jpg,sitting on,table,279,373,220,0,orange,96,138,395,171,1,3,373,499,309,491,"(220, 499, 0, 373)","(395, 491, 171, 309)"
2412814.jpg,wearing,shirt,56,82,63,225,man,247,138,35,169,0,3,307,119,307,282,"(63, 119, 225, 307)","(35, 282, 169, 307)"
2356959.jpg,wearing,jacket,41,30,82,22,man,114,35,72,17,0,3,52,123,52,186,"(82, 123, 22, 52)","(72, 186, 17, 52)"
2365985.jpg,sitting on,road,97,467,182,31,people,62,26,124,404,1,3,498,279,430,186,"(182, 279, 31, 498)","(124, 186, 404, 430)"
2378381.jpg,flying in,sky,497,371,1,2,plane,129,116,116,62,0,3,373,498,178,245,"(1, 498, 2, 373)","(116, 245, 62, 178)"
2397739.jpg,sitting on,bench,62,87,87,42,man,40,33,48,263,1,3,129,149,296,88,"(87, 149, 42, 129)","(48, 88, 263, 296)"
2355627.jpg,wearing,shirt,52,57,30,353,people,201,90,0,331,0,3,410,82,421,201,"(30, 82, 353, 410)","(0, 201, 331, 421)"
285897.jpg,wearing,glasses,14,12,203,227,man,347,204,172,143,0,3,239,217,347,519,"(203, 217, 227, 239)","(172, 519, 143, 347)"
2321870.jpg,sitting on,lap,31,89,345,119,laptop,212,287,194,44,1,3,208,376,331,406,"(345, 376, 119, 208)","(194, 406, 44, 331)"
2387205.jpg,wearing,jeans,62,151,406,308,woman,450,233,5,256,0,3,459,468,489,455,"(406, 468, 308, 459)","(5, 455, 256, 489)"
2394821.jpg,wearing,ring,12,17,90,370,man,267,116,38,333,0,3,387,102,449,305,"(90, 102, 370, 387)","(38, 305, 333, 449)"
2378322.jpg,wearing,eyeglasses,19,45,45,201,man,88,77,29,193,0,3,246,64,270,117,"(45, 64, 201, 246)","(29, 117, 193, 270)"
2358037.jpg,wearing,bracelet,15,19,134,116,man,271,160,60,86,0,3,135,149,246,331,"(134, 149, 116, 135)","(60, 331, 86, 246)"
2357703.jpg,wearing,shirt,48,74,108,76,man,86,77,73,77,0,3,150,156,154,159,"(108, 156, 76, 150)","(73, 159, 77, 154)"
70.jpg,sitting on,phone,23,23,258,273,man,86,43,144,407,1,3,296,281,450,230,"(258, 281, 273, 296)","(144, 230, 407, 450)"
2355383.jpg,sitting on,desk,55,496,191,0,mouse,16,24,191,412,1,3,496,246,436,207,"(191, 246, 0, 496)","(191, 207, 412, 436)"
1592378.jpg,wearing,cap,72,94,288,883,man,448,284,284,738,0,3,977,360,1022,732,"(288, 360, 883, 977)","(284, 732, 738, 1022)"
2329712.jpg,wearing,visor,30,47,20,337,man,371,170,1,306,0,3,384,50,476,372,"(20, 50, 337, 384)","(1, 372, 306, 476)"
2349256.jpg,covering,fry,83,21,370,400,skin,82,21,373,400,0,3,421,453,421,455,"(370, 453, 400, 421)","(373, 455, 400, 421)"
61562.jpg,sitting on,floor,202,307,158,715,paper,42,88,157,776,1,3,1022,360,864,199,"(158, 360, 715, 1022)","(157, 199, 776, 864)"
77.jpg,wearing,shirt,70,58,299,545,man,126,100,266,519,0,3,603,369,619,392,"(299, 369, 545, 603)","(266, 392, 519, 619)"
2345820.jpg,sitting on,sidewalk,132,187,194,295,guy,99,77,140,129,1,3,482,326,206,239,"(194, 326, 295, 482)","(140, 239, 129, 206)"
2348539.jpg,sitting on,blanket,362,490,0,5,cat,257,267,17,92,1,3,495,362,359,274,"(0, 362, 5, 495)","(17, 274, 92, 359)"
2366405.jpg,wearing,pants,25,16,180,188,person,48,21,158,184,0,3,204,205,205,206,"(180, 205, 188, 204)","(158, 206, 184, 205)"
2404880.jpg,wearing,pants,72,146,238,338,catcher,162,207,155,292,0,3,484,310,499,317,"(238, 310, 338, 484)","(155, 317, 292, 499)"
2329694.jpg,sitting on,bench,40,61,118,244,person,37,28,113,257,1,3,305,158,285,150,"(118, 158, 244, 305)","(113, 150, 257, 285)"
2410595.jpg,wearing,sock,22,14,253,254,man,203,127,89,152,0,3,268,275,279,292,"(253, 275, 254, 268)","(89, 292, 152, 279)"
2337455.jpg,sitting on,counter,35,55,224,126,apple,32,39,248,105,1,3,181,259,144,280,"(224, 259, 126, 181)","(248, 280, 105, 144)"
2402883.jpg,wearing,tank,27,16,190,291,woman,77,24,181,289,0,3,307,217,313,258,"(190, 217, 291, 307)","(181, 258, 289, 313)"
2325027.jpg,sitting on,couch,196,475,82,23,grandma,234,195,21,79,1,3,498,278,274,255,"(82, 278, 23, 498)","(21, 255, 79, 274)"
2410447.jpg,covered in,leaf,7,12,71,21,plant,210,66,0,1,0,3,33,78,67,210,"(71, 78, 21, 33)","(0, 210, 1, 67)"
2383807.jpg,carrying,luggage,26,28,211,329,people,55,139,169,261,0,3,357,237,400,224,"(211, 237, 329, 357)","(169, 224, 261, 400)"
2363203.jpg,sitting on,ground,129,393,245,78,bag,51,88,264,164,1,3,471,374,252,315,"(245, 374, 78, 471)","(264, 315, 164, 252)"
2367228.jpg,standing on,side,54,16,151,360,surfboard,40,47,160,352,0,3,376,205,399,200,"(151, 205, 360, 376)","(160, 200, 352, 399)"
2352734.jpg,covered in,cheese,141,122,71,342,fries,66,23,40,317,0,3,464,212,340,106,"(71, 212, 342, 464)","(40, 106, 317, 340)"
2411752.jpg,eating,cereal,48,43,142,236,man,181,167,120,55,0,3,279,190,222,301,"(142, 190, 236, 279)","(120, 301, 55, 222)"
2404068.jpg,wearing,shirt,37,51,131,237,man,125,38,104,244,0,3,288,168,282,229,"(131, 168, 237, 288)","(104, 229, 244, 282)"
2350553.jpg,wearing,cap,36,53,88,196,boy,169,102,89,168,0,3,249,124,270,258,"(88, 124, 196, 249)","(89, 258, 168, 270)"
2406012.jpg,wearing,shoe,60,42,337,252,leg,45,77,355,175,0,3,294,397,252,400,"(337, 397, 252, 294)","(355, 400, 175, 252)"
2389556.jpg,sitting on,grass,227,332,273,0,woman,60,54,246,267,1,3,332,500,321,306,"(273, 500, 0, 332)","(246, 306, 267, 321)"
2317722.jpg,sitting on,rocks,30,102,173,202,lion,20,28,162,228,1,3,304,203,256,182,"(173, 203, 202, 304)","(162, 182, 228, 256)"
2336168.jpg,sitting on,bleachers,78,318,117,8,person,88,43,17,61,1,3,326,195,104,105,"(117, 195, 8, 326)","(17, 105, 61, 104)"
2380477.jpg,wearing,cap,27,47,114,198,man,373,153,80,145,0,3,245,141,298,453,"(114, 141, 198, 245)","(80, 453, 145, 298)"
2380734.jpg,sitting on,ground,252,498,1,1,rock,17,26,145,54,1,3,499,253,80,162,"(1, 253, 1, 499)","(145, 162, 54, 80)"
2390178.jpg,riding,motorcycle,136,137,165,102,person,77,88,113,138,0,3,239,301,226,190,"(165, 301, 102, 239)","(113, 190, 138, 226)"
2363566.jpg,sitting on,chair,100,70,46,15,boy,202,163,23,65,1,3,85,146,228,225,"(46, 146, 15, 85)","(23, 225, 65, 228)"
417.jpg,wearing,bandana,27,16,44,239,woman,212,76,42,179,0,3,255,71,255,254,"(44, 71, 239, 255)","(42, 254, 179, 255)"
2395397.jpg,sitting on,desk,215,325,75,165,mouse,16,20,209,221,1,3,490,290,241,225,"(75, 290, 165, 490)","(209, 225, 221, 241)"
2384195.jpg,wearing,sweater,349,97,149,73,man,467,233,32,0,0,3,170,498,233,499,"(149, 498, 73, 170)","(32, 499, 0, 233)"
2358577.jpg,growing on,flower,55,69,91,318,piston,9,14,114,343,0,3,387,146,357,123,"(91, 146, 318, 387)","(114, 123, 343, 357)"
2380522.jpg,wearing,shirt,83,70,100,160,woman,318,134,61,159,0,3,230,183,293,379,"(100, 183, 160, 230)","(61, 379, 159, 293)"
2398658.jpg,riding,surfboard,28,20,193,338,man,55,42,163,316,0,3,358,221,358,218,"(193, 221, 338, 358)","(163, 218, 316, 358)"
2340078.jpg,watching,elephant,257,275,63,0,adult,77,41,197,287,0,3,275,320,328,274,"(63, 320, 0, 275)","(197, 274, 287, 328)"
2352550.jpg,carrying,man,255,100,3,248,elephant,316,266,130,109,0,3,348,258,375,446,"(3, 258, 248, 348)","(130, 446, 109, 375)"
2347425.jpg,sitting on,bleachers,74,473,5,25,people,53,496,0,0,1,3,498,79,496,53,"(5, 79, 25, 498)","(0, 53, 0, 496)"
2362265.jpg,covering,wire,124,87,374,69,tube,43,51,394,79,0,3,156,498,130,437,"(374, 498, 69, 156)","(394, 437, 79, 130)"
2394478.jpg,wearing,top,141,148,94,179,person,171,220,70,157,0,3,327,235,377,241,"(94, 235, 179, 327)","(70, 241, 157, 377)"
2403669.jpg,sitting on,table,180,216,242,59,magazines,38,74,275,169,1,3,275,422,243,313,"(242, 422, 59, 275)","(275, 313, 169, 243)"
2380196.jpg,sitting on,table,360,499,13,1,food,222,349,36,19,1,3,500,373,368,258,"(13, 373, 1, 500)","(36, 258, 19, 368)"
2379175.jpg,wearing,shorts,34,48,276,80,woman,239,159,177,54,0,3,128,310,213,416,"(276, 310, 80, 128)","(177, 416, 54, 213)"
4055.jpg,wearing,gloves,62,45,108,374,athlete,321,199,40,252,0,3,419,170,451,361,"(108, 170, 374, 419)","(40, 361, 252, 451)"
2346024.jpg,sitting on,table,88,331,412,0,dish,48,171,429,130,1,3,331,500,301,477,"(412, 500, 0, 331)","(429, 477, 130, 301)"
2383361.jpg,sitting on,tracks,59,153,269,1,train,199,389,75,78,1,3,154,328,467,274,"(269, 328, 1, 154)","(75, 274, 78, 467)"
2323074.jpg,sitting on,bench,188,232,185,0,man,276,186,84,94,1,3,232,373,280,360,"(185, 373, 0, 232)","(84, 360, 94, 280)"
2369934.jpg,wearing,skis,17,51,146,177,person,88,45,69,165,0,3,228,163,210,157,"(146, 163, 177, 228)","(69, 157, 165, 210)"
2390355.jpg,wearing,hat,13,17,221,421,man,89,26,223,417,0,3,438,234,443,312,"(221, 234, 421, 438)","(223, 312, 417, 443)"
2366557.jpg,sitting on,sand,233,372,265,2,child,276,232,222,15,1,3,374,498,247,498,"(265, 498, 2, 374)","(222, 498, 15, 247)"
2394067.jpg,wearing,hat,47,88,96,225,man,287,261,87,212,0,3,313,143,473,374,"(96, 143, 225, 313)","(87, 374, 212, 473)"
2390476.jpg,sitting on,stove,219,213,130,169,bottle,52,24,86,236,1,3,382,349,260,138,"(130, 349, 169, 382)","(86, 138, 236, 260)"
2373731.jpg,sitting on,ground,207,477,119,20,child,168,193,140,300,1,3,497,326,493,308,"(119, 326, 20, 497)","(140, 308, 300, 493)"
2323782.jpg,covered in,grain,356,265,14,219,vegetable,187,100,109,184,0,3,484,370,284,296,"(14, 370, 219, 484)","(109, 296, 184, 284)"
2409111.jpg,wearing,shorts,23,41,226,276,player,167,109,173,241,0,3,317,249,350,340,"(226, 249, 276, 317)","(173, 340, 241, 350)"
2338817.jpg,sitting on,bench,150,497,82,2,person,79,143,2,0,1,3,499,232,143,81,"(82, 232, 2, 499)","(2, 81, 0, 143)"
2392688.jpg,sitting on,table,70,184,240,315,vcr,60,144,202,355,1,3,499,310,499,262,"(240, 310, 315, 499)","(202, 262, 355, 499)"
2390319.jpg,riding,horse,46,13,118,342,lady,43,20,98,341,0,3,355,164,361,141,"(118, 164, 342, 355)","(98, 141, 341, 361)"
2393196.jpg,sitting on,sink,58,154,316,278,bottle,27,12,320,382,1,3,432,374,394,347,"(316, 374, 278, 432)","(320, 347, 382, 394)"
2394010.jpg,sitting on,grass,31,497,279,2,bench,48,106,235,117,1,3,499,310,223,283,"(279, 310, 2, 499)","(235, 283, 117, 223)"
2326249.jpg,sitting on,cage,82,497,250,1,bird,187,192,84,46,1,3,498,332,238,271,"(250, 332, 1, 498)","(84, 271, 46, 238)"
2320388.jpg,painted on,sign,24,36,308,116,arrow,19,24,308,130,0,3,152,332,154,327,"(308, 332, 116, 152)","(308, 327, 130, 154)"
2392715.jpg,sitting on,chair,461,344,8,18,bear,145,118,66,166,1,3,362,469,284,211,"(8, 469, 18, 362)","(66, 211, 166, 284)"
2359754.jpg,sitting on,stoop,147,405,200,39,boy,176,60,115,355,1,3,444,347,415,291,"(200, 347, 39, 444)","(115, 291, 355, 415)"
2334580.jpg,wearing,scarf,80,43,53,197,woman,219,67,16,181,0,3,240,133,248,235,"(53, 133, 197, 240)","(16, 235, 181, 248)"
2395636.jpg,sitting on,grass,49,95,176,34,lab,214,105,56,24,1,3,129,225,129,270,"(176, 225, 34, 129)","(56, 270, 24, 129)"
2377926.jpg,wearing,shoe,43,31,411,85,lady,289,157,177,86,0,3,116,454,243,466,"(411, 454, 85, 116)","(177, 466, 86, 243)"
2362671.jpg,sitting on,horse,85,137,194,141,boy,131,70,197,73,1,3,278,279,143,328,"(194, 279, 141, 278)","(197, 328, 73, 143)"
713912.jpg,wearing,shirt,256,192,341,42,man,325,270,271,38,0,3,234,597,308,596,"(341, 597, 42, 234)","(271, 596, 38, 308)"
2393500.jpg,lying on,ground,325,417,4,81,bark,60,69,118,170,0,3,498,329,239,178,"(4, 329, 81, 498)","(118, 178, 170, 239)"
2344392.jpg,wearing,boots,15,41,275,322,woman,305,193,19,302,0,3,363,290,495,324,"(275, 290, 322, 363)","(19, 324, 302, 495)"
2378098.jpg,riding,bike,190,285,140,0,people,204,180,89,3,0,3,285,330,183,293,"(140, 330, 0, 285)","(89, 293, 3, 183)"
2387924.jpg,wearing,jeans,78,64,1,49,person,79,70,2,50,0,3,113,79,120,81,"(1, 79, 49, 113)","(2, 81, 50, 120)"
2386590.jpg,sitting on,person,42,28,130,309,hat,7,5,129,310,1,3,337,172,315,136,"(130, 172, 309, 337)","(129, 136, 310, 315)"
2335072.jpg,sitting on,table,178,142,264,231,cup,23,18,268,284,1,3,373,442,302,291,"(264, 442, 231, 373)","(268, 291, 284, 302)"
2333069.jpg,playing,soccer,93,131,102,154,person,217,128,88,101,0,3,285,195,229,305,"(102, 195, 154, 285)","(88, 305, 101, 229)"
2391364.jpg,sitting on,plate,218,336,273,83,food,169,353,293,2,1,3,419,491,355,462,"(273, 491, 83, 419)","(293, 462, 2, 355)"
2395377.jpg,sitting on,table,371,497,2,1,pizza,328,355,27,69,1,3,498,373,424,355,"(2, 373, 1, 498)","(27, 355, 69, 424)"
2317025.jpg,wearing,shoes,16,32,458,162,man,217,80,273,132,0,3,194,474,212,490,"(458, 474, 162, 194)","(273, 490, 132, 212)"
2324657.jpg,wearing,shirt,42,60,83,298,man,81,44,63,308,0,3,358,125,352,144,"(83, 125, 298, 358)","(63, 144, 308, 352)"
2368600.jpg,wearing,cloth,121,157,212,114,horse,188,378,202,120,0,3,271,333,498,390,"(212, 333, 114, 271)","(202, 390, 120, 498)"
2408065.jpg,sitting on,couch,22,24,231,3,man,136,67,206,252,1,3,27,253,319,342,"(231, 253, 3, 27)","(206, 342, 252, 319)"
2385128.jpg,sitting on,suitcase,289,193,0,285,handle,144,31,118,399,1,3,478,289,430,262,"(0, 289, 285, 478)","(118, 262, 399, 430)"
2375090.jpg,sitting on,table,58,61,378,240,dessert,321,55,55,298,1,3,301,436,353,376,"(378, 436, 240, 301)","(55, 376, 298, 353)"
2367434.jpg,sitting on,couch,178,269,191,227,man,217,242,155,257,1,3,496,369,499,372,"(191, 369, 227, 496)","(155, 372, 257, 499)"
2356099.jpg,sitting on,shelf,13,46,228,233,book,32,11,199,260,1,3,279,241,271,231,"(228, 241, 233, 279)","(199, 231, 260, 271)"
2381231.jpg,sitting on,table,182,420,151,17,phone,42,23,210,372,1,3,437,333,395,252,"(151, 333, 17, 437)","(210, 252, 372, 395)"
2348611.jpg,sitting on,bleachers,47,314,293,93,player,150,61,190,186,1,3,407,340,247,340,"(293, 340, 93, 407)","(190, 340, 186, 247)"
2363502.jpg,sitting on,table,72,199,180,298,bowl,48,60,204,316,1,3,497,252,376,252,"(180, 252, 298, 497)","(204, 252, 316, 376)"
4267.jpg,wearing,sunglasses,10,24,161,225,man,330,130,132,167,0,3,249,171,297,462,"(161, 171, 225, 249)","(132, 462, 167, 297)"
2316465.jpg,wearing,pink,50,25,210,317,woman,222,251,121,247,0,3,342,260,498,343,"(210, 260, 317, 342)","(121, 343, 247, 498)"
2326672.jpg,sitting on,street,400,330,98,2,bird,9,10,102,30,1,3,332,498,40,111,"(98, 498, 2, 332)","(102, 111, 30, 40)"
2383112.jpg,standing on,ground,92,287,171,2,giraffe,149,55,42,112,0,3,289,263,167,191,"(171, 263, 2, 289)","(42, 191, 112, 167)"
2341028.jpg,sitting on,bus,121,338,110,143,people,17,108,108,156,1,3,481,231,264,125,"(110, 231, 143, 481)","(108, 125, 156, 264)"
2360174.jpg,mounted on,building,129,497,1,3,pole,98,15,1,134,0,3,500,130,149,99,"(1, 130, 3, 500)","(1, 99, 134, 149)"
2362090.jpg,sitting on,sill,32,97,317,399,cat,205,126,130,123,1,3,496,349,249,335,"(317, 349, 399, 496)","(130, 335, 123, 249)"
2317981.jpg,riding,bicycle,92,168,195,169,man,138,82,149,225,0,3,337,287,307,287,"(195, 287, 169, 337)","(149, 287, 225, 307)"
2322314.jpg,wearing,t-shirt,77,82,240,297,man,149,80,223,312,0,3,379,317,392,372,"(240, 317, 297, 379)","(223, 372, 312, 392)"
2326730.jpg,sitting on,couch,116,274,241,170,woman,110,64,206,387,1,3,444,357,451,316,"(241, 357, 170, 444)","(206, 316, 387, 451)"
2417815.jpg,sitting on,stool,33,37,116,376,man,60,32,74,360,1,3,413,149,392,134,"(116, 149, 376, 413)","(74, 134, 360, 392)"
2381916.jpg,sitting on,bench,10,36,200,428,people,21,29,183,435,1,3,464,210,464,204,"(200, 210, 428, 464)","(183, 204, 435, 464)"
2409261.jpg,using,laptop,58,99,274,302,man,137,134,196,330,0,3,401,332,464,333,"(274, 332, 302, 401)","(196, 333, 330, 464)"
2335822.jpg,sitting on,desk,185,295,125,93,box,60,129,74,269,1,3,388,310,398,134,"(125, 310, 93, 388)","(74, 134, 269, 398)"
2385470.jpg,sitting on,bench,118,306,204,75,woman,94,165,176,65,1,3,381,322,230,270,"(204, 322, 75, 381)","(176, 270, 65, 230)"
2410392.jpg,sitting on,bench,228,398,110,78,man,311,256,13,196,1,3,476,338,452,324,"(110, 338, 78, 476)","(13, 324, 196, 452)"
2395929.jpg,sitting on,horse,85,120,133,130,cowboy,79,32,87,170,1,3,250,218,202,166,"(133, 218, 130, 250)","(87, 166, 170, 202)"
2389372.jpg,sitting on,floor,140,271,234,215,ottoman,63,76,308,139,1,3,486,374,215,371,"(234, 374, 215, 486)","(308, 371, 139, 215)"
2323982.jpg,sitting on,ground,58,477,138,7,bottle,26,14,130,117,1,3,484,196,131,156,"(138, 196, 7, 484)","(130, 156, 117, 131)"
2389504.jpg,wearing,blouse,119,73,142,136,woman,345,82,75,137,0,3,209,261,219,420,"(142, 261, 136, 209)","(75, 420, 137, 219)"
2367730.jpg,parked on,sand,104,174,267,325,bicycle,41,30,242,396,0,3,499,371,426,283,"(267, 371, 325, 499)","(242, 283, 396, 426)"
2389099.jpg,sitting on,fence,119,293,92,207,post,30,6,1,334,1,3,500,211,340,31,"(92, 211, 207, 500)","(1, 31, 334, 340)"
2381620.jpg,sitting on,stand,84,156,237,321,tv,113,135,121,350,1,3,477,321,485,234,"(237, 321, 321, 477)","(121, 234, 350, 485)"
2378017.jpg,sitting on,wall,18,19,203,238,people,31,48,186,193,1,3,257,221,241,217,"(203, 221, 238, 257)","(186, 217, 193, 241)"
2378707.jpg,sitting on,table,104,480,270,19,glass,64,29,257,394,1,3,499,374,423,321,"(270, 374, 19, 499)","(257, 321, 394, 423)"
2403638.jpg,wearing,hat,40,30,85,267,boy,200,65,83,244,0,3,297,125,309,283,"(85, 125, 267, 297)","(83, 283, 244, 309)"
2348651.jpg,sitting on,bench,92,191,219,98,person,142,72,168,122,1,3,289,311,194,310,"(219, 311, 98, 289)","(168, 310, 122, 194)"
2403492.jpg,sitting on,floor,122,366,210,134,basket,67,45,236,442,1,3,500,332,487,303,"(210, 332, 134, 500)","(236, 303, 442, 487)"
2375848.jpg,carrying,umbrella,30,48,206,232,person,107,42,233,217,0,3,280,236,259,340,"(206, 236, 232, 280)","(233, 340, 217, 259)"
2415990.jpg,sitting on,table,28,203,270,3,computer,53,89,226,97,1,3,206,298,186,279,"(270, 298, 3, 206)","(226, 279, 97, 186)"
2380309.jpg,wearing,pants,44,52,215,138,woman,203,65,115,133,0,3,190,259,198,318,"(215, 259, 138, 190)","(115, 318, 133, 198)"
2368732.jpg,sitting on,table,110,492,226,7,cat,179,197,141,38,1,3,499,336,235,320,"(226, 336, 7, 499)","(141, 320, 38, 235)"
2410389.jpg,wearing,skis,58,8,266,231,skier,255,190,69,88,0,3,239,324,278,324,"(266, 324, 231, 239)","(69, 324, 88, 278)"
2404570.jpg,wearing,pants,29,53,156,184,surfer,124,93,80,178,0,3,237,185,271,204,"(156, 185, 184, 237)","(80, 204, 178, 271)"
2374030.jpg,sitting on,table,231,391,101,2,mouse,22,24,171,330,1,3,393,332,354,193,"(101, 332, 2, 393)","(171, 193, 330, 354)"
2343951.jpg,sitting on,desk,177,496,156,2,keyboard,22,157,155,175,1,3,498,333,332,177,"(156, 333, 2, 498)","(155, 177, 175, 332)"
2362194.jpg,sitting on,napkin,283,354,44,2,hotdog,287,453,40,47,1,3,356,327,500,327,"(44, 327, 2, 356)","(40, 327, 47, 500)"
2385877.jpg,sitting on,table,314,464,60,2,sandwich,158,175,142,193,1,3,466,374,368,300,"(60, 374, 2, 466)","(142, 300, 193, 368)"
2379999.jpg,wearing,jacket,54,57,140,155,woman,143,69,113,145,0,3,212,194,214,256,"(140, 194, 155, 212)","(113, 256, 145, 214)"
2315976.jpg,wearing,hat,12,17,142,331,man,117,42,145,321,0,3,348,154,363,262,"(142, 154, 331, 348)","(145, 262, 321, 363)"
2362874.jpg,sitting on,bed,319,363,177,7,child,351,226,115,45,1,3,370,496,271,466,"(177, 496, 7, 370)","(115, 466, 45, 271)"
2403007.jpg,says,closed,20,41,135,247,sign,54,85,132,212,0,3,288,155,297,186,"(135, 155, 247, 288)","(132, 186, 212, 297)"
713279.jpg,sitting on,desk,437,528,351,491,laptop,202,207,232,498,1,3,1019,788,705,434,"(351, 788, 491, 1019)","(232, 434, 498, 705)"
2403713.jpg,wearing,jeans,88,55,392,265,man,58,47,400,262,0,3,320,480,309,458,"(392, 480, 265, 320)","(400, 458, 262, 309)"
2374950.jpg,sitting on,ground,188,495,141,3,boxes,32,43,176,409,1,3,498,329,452,208,"(141, 329, 3, 498)","(176, 208, 409, 452)"
2335601.jpg,wearing,shirt,19,27,117,146,person,57,42,104,138,0,3,173,136,180,161,"(117, 136, 146, 173)","(104, 161, 138, 180)"
2409662.jpg,wearing,cap,51,69,0,197,man,495,115,1,213,0,3,266,51,328,496,"(0, 51, 197, 266)","(1, 496, 213, 328)"
2406051.jpg,sitting on,bicycle,61,101,220,41,man,89,34,188,69,1,3,142,281,103,277,"(220, 281, 41, 142)","(188, 277, 69, 103)"
2330700.jpg,sitting on,cart,190,98,26,163,bread,55,38,81,188,1,3,261,216,226,136,"(26, 216, 163, 261)","(81, 136, 188, 226)"
2371045.jpg,riding,skateboard,19,26,308,244,boy,173,93,143,201,0,3,270,327,294,316,"(308, 327, 244, 270)","(143, 316, 201, 294)"
2353747.jpg,playing,indoors,264,436,24,28,man,40,32,167,173,0,3,464,288,205,207,"(24, 288, 28, 464)","(167, 207, 173, 205)"
2357662.jpg,sitting on,bench,94,180,89,227,man,97,57,96,283,1,3,407,183,340,193,"(89, 183, 227, 407)","(96, 193, 283, 340)"
2358669.jpg,sitting on,snow,149,64,329,257,person,415,126,84,38,1,3,321,478,164,499,"(329, 478, 257, 321)","(84, 499, 38, 164)"
2346390.jpg,wearing,glasses,21,72,108,184,man,210,258,70,147,0,3,256,129,405,280,"(108, 129, 184, 256)","(70, 280, 147, 405)"
2340211.jpg,sitting on,table,53,498,281,0,cup,121,68,209,54,1,3,498,334,122,330,"(281, 334, 0, 498)","(209, 330, 54, 122)"
2410910.jpg,sitting on,table,461,300,38,0,plate,60,154,270,33,1,3,300,499,187,330,"(38, 499, 0, 300)","(270, 330, 33, 187)"
2347357.jpg,sitting on,grass,45,125,113,4,people,48,30,78,0,1,3,129,158,30,126,"(113, 158, 4, 129)","(78, 126, 0, 30)"
2385662.jpg,sitting on,chair,373,353,0,147,cat,273,420,40,43,1,3,500,373,463,313,"(0, 373, 147, 500)","(40, 313, 43, 463)"
2355516.jpg,sitting on,counter,182,497,190,1,paint,109,340,79,63,1,3,498,372,403,188,"(190, 372, 1, 498)","(79, 188, 63, 403)"
2328620.jpg,sitting on,laptop,363,489,11,8,cat,298,339,2,160,1,3,497,374,499,300,"(11, 374, 8, 497)","(2, 300, 160, 499)"
2372253.jpg,wearing,shirt,87,75,69,101,man,266,144,14,93,0,3,176,156,237,280,"(69, 156, 101, 176)","(14, 280, 93, 237)"
2382130.jpg,wearing,shoes,25,48,252,78,woman,182,81,98,43,0,3,126,277,124,280,"(252, 277, 78, 126)","(98, 280, 43, 124)"
983.jpg,riding,bike,48,26,295,353,person,59,34,279,343,0,3,379,343,377,338,"(295, 343, 353, 379)","(279, 338, 343, 377)"
2318752.jpg,sitting on,chair,86,83,93,119,man,169,100,22,76,1,3,202,179,176,191,"(93, 179, 119, 202)","(22, 191, 76, 176)"
2321899.jpg,sitting on,floor,70,44,423,326,bottle,55,40,390,333,1,3,370,493,373,445,"(423, 493, 326, 370)","(390, 445, 333, 373)"
2412101.jpg,parked on,street,210,337,289,3,car,141,319,356,56,0,3,340,499,375,497,"(289, 499, 3, 340)","(356, 497, 56, 375)"
2417349.jpg,walking on,sidewalk,171,216,293,0,person,78,24,274,195,0,3,216,464,219,352,"(293, 464, 0, 216)","(274, 352, 195, 219)"
2412024.jpg,sitting on,table,213,478,285,2,bowl,258,362,196,72,1,3,480,498,434,454,"(285, 498, 2, 480)","(196, 454, 72, 434)"
2355488.jpg,walking in,stream,93,498,238,0,bear,61,138,198,251,0,3,498,331,389,259,"(238, 331, 0, 498)","(198, 259, 251, 389)"
2389464.jpg,wearing,sandal,24,41,418,313,woman,35,30,360,26,0,3,354,442,56,395,"(418, 442, 313, 354)","(360, 395, 26, 56)"
2397289.jpg,wearing,shirt,103,90,267,159,kid,283,108,217,140,0,3,249,370,248,500,"(267, 370, 159, 249)","(217, 500, 140, 248)"
2392019.jpg,sitting on,table,119,156,215,3,bowl,26,32,253,0,1,3,159,334,32,279,"(215, 334, 3, 159)","(253, 279, 0, 32)"
2414937.jpg,sitting on,couch,140,324,192,0,man,311,328,20,50,1,3,324,332,378,331,"(192, 332, 0, 324)","(20, 331, 50, 378)"
2392121.jpg,wearing,pants,39,31,215,388,umpire,86,49,175,383,0,3,419,254,432,261,"(215, 254, 388, 419)","(175, 261, 383, 432)"
2356965.jpg,sitting on,towel,61,90,57,251,fan,71,86,0,253,1,3,341,118,339,71,"(57, 118, 251, 341)","(0, 71, 253, 339)"
2364130.jpg,sitting on,table,279,373,220,0,orange,84,98,368,226,1,3,373,499,324,452,"(220, 499, 0, 373)","(368, 452, 226, 324)"
2407357.jpg,wearing,pants,116,55,183,206,man,237,76,78,190,0,3,261,299,266,315,"(183, 299, 206, 261)","(78, 315, 190, 266)"
2378376.jpg,wearing,eyeglasses,22,59,150,100,woman,156,101,65,62,0,3,159,172,163,221,"(150, 172, 100, 159)","(65, 221, 62, 163)"
2384036.jpg,mounted on,boat,276,450,126,16,horn,14,21,234,351,0,3,466,402,372,248,"(126, 402, 16, 466)","(234, 248, 351, 372)"
2335698.jpg,sitting on,desk,212,381,142,14,object,51,48,187,444,1,3,395,354,492,238,"(142, 354, 14, 395)","(187, 238, 444, 492)"
2383827.jpg,wearing,shirt,101,112,231,209,man,154,122,179,198,0,3,321,332,320,333,"(231, 332, 209, 321)","(179, 333, 198, 320)"
2328074.jpg,sitting on,bench,157,316,164,179,person,138,110,111,282,1,3,495,321,392,249,"(164, 321, 179, 495)","(111, 249, 282, 392)"
2407176.jpg,wearing,visor,47,72,27,108,girl,280,170,34,63,0,3,180,74,233,314,"(27, 74, 108, 180)","(34, 314, 63, 233)"
2406805.jpg,mounted on,wall,275,45,209,228,light,14,23,425,250,0,3,273,484,273,439,"(209, 484, 228, 273)","(425, 439, 250, 273)"
2371582.jpg,sitting on,sidewalk,225,475,128,19,woman,212,167,81,211,1,3,494,353,378,293,"(128, 353, 19, 494)","(81, 293, 211, 378)"
2403761.jpg,sitting on,table,369,493,1,4,orange,156,167,75,46,1,3,497,370,213,231,"(1, 370, 4, 497)","(75, 231, 46, 213)"
2376306.jpg,eating,pizza,34,85,217,235,boy,260,399,9,65,0,3,320,251,464,269,"(217, 251, 235, 320)","(9, 269, 65, 464)"
2352779.jpg,sitting on,bench,74,61,144,243,man,267,135,61,23,1,3,304,218,158,328,"(144, 218, 243, 304)","(61, 328, 23, 158)"
2381028.jpg,growing on,hill,178,288,48,0,tree,19,17,78,138,0,3,288,226,155,97,"(48, 226, 0, 288)","(78, 97, 138, 155)"
2360922.jpg,sitting on,table,201,492,126,4,mug,92,88,74,270,1,3,496,327,358,166,"(126, 327, 4, 496)","(74, 166, 270, 358)"
2381345.jpg,sitting on,shelf,20,43,71,198,speaker,12,32,61,204,1,3,241,91,236,73,"(71, 91, 198, 241)","(61, 73, 204, 236)"
2326550.jpg,hanging from,roof,191,479,0,2,umbrella,92,121,89,301,0,3,481,191,422,181,"(0, 191, 2, 481)","(89, 181, 301, 422)"
2414897.jpg,wearing,helmet,34,41,22,245,person,161,103,14,194,0,3,286,56,297,175,"(22, 56, 245, 286)","(14, 175, 194, 297)"
2348904.jpg,wearing,gloves,10,21,194,256,man,150,63,188,206,0,3,277,204,269,338,"(194, 204, 256, 277)","(188, 338, 206, 269)"
2380991.jpg,sitting on,shelf,64,74,173,425,vase,33,24,151,457,1,3,499,237,481,184,"(173, 237, 425, 499)","(151, 184, 457, 481)"
2342050.jpg,hanging from,ceiling,27,117,0,381,planter,17,31,23,421,0,3,498,27,452,40,"(0, 27, 381, 498)","(23, 40, 421, 452)"
2352349.jpg,sitting on,ground,57,136,305,337,man,191,62,136,437,1,3,473,362,499,327,"(305, 362, 337, 473)","(136, 327, 437, 499)"
4196.jpg,sitting on,floor,62,378,532,414,cooler,74,97,516,576,1,3,792,594,673,590,"(532, 594, 414, 792)","(516, 590, 576, 673)"
2352473.jpg,sitting on,stand,65,320,79,119,controller,36,36,88,157,1,3,439,144,193,124,"(79, 144, 119, 439)","(88, 124, 157, 193)"
2368880.jpg,sitting on,grass,45,121,328,317,glass,61,30,286,440,1,3,438,373,470,347,"(328, 373, 317, 438)","(286, 347, 440, 470)"
2319603.jpg,flying in,sky,377,251,1,0,kite,77,60,40,139,0,3,251,378,199,117,"(1, 378, 0, 251)","(40, 117, 139, 199)"
2348818.jpg,sitting on,surface,375,498,1,1,bottle,164,175,0,289,1,3,499,376,464,164,"(1, 376, 1, 499)","(0, 164, 289, 464)"
2382166.jpg,sitting on,motorcycle,120,91,199,354,man,144,70,93,352,1,3,445,319,422,237,"(199, 319, 354, 445)","(93, 237, 352, 422)"
2356099.jpg,sitting on,shelf,13,46,228,233,book,39,4,195,244,1,3,279,241,248,234,"(228, 241, 233, 279)","(195, 234, 244, 248)"
2332329.jpg,lying on,ground,117,322,379,0,kite,29,67,394,128,0,3,322,496,195,423,"(379, 496, 0, 322)","(394, 423, 128, 195)"
713588.jpg,sitting on,ground,165,631,314,3,man,128,76,261,0,1,3,634,479,76,389,"(314, 479, 3, 634)","(261, 389, 0, 76)"
2350418.jpg,sitting on,shoes,127,174,82,133,cat,230,298,13,192,1,3,307,209,490,243,"(82, 209, 133, 307)","(13, 243, 192, 490)"
2394995.jpg,hanging from,ceiling,71,372,0,1,light,77,156,0,127,0,3,373,71,283,77,"(0, 71, 1, 373)","(0, 77, 127, 283)"
2376440.jpg,sitting on,floor,311,483,17,1,boy,119,77,131,223,1,3,484,328,300,250,"(17, 328, 1, 484)","(131, 250, 223, 300)"
1593194.jpg,wearing,dress,286,251,670,302,woman,460,244,495,304,0,3,553,956,548,955,"(670, 956, 302, 553)","(495, 955, 304, 548)"
2315606.jpg,sitting on,area,47,114,268,37,people,144,162,143,103,1,3,151,315,265,287,"(268, 315, 37, 151)","(143, 287, 103, 265)"
2412326.jpg,wearing,bikini,23,26,173,449,woman,41,34,158,441,0,3,475,196,475,199,"(173, 196, 449, 475)","(158, 199, 441, 475)"
2410613.jpg,standing on,grass,56,70,206,203,person,29,7,224,238,0,3,273,262,245,253,"(206, 262, 203, 273)","(224, 253, 238, 245)"
2349247.jpg,sitting on,motorcycle,66,77,211,26,man,67,40,185,79,1,3,103,277,119,252,"(211, 277, 26, 103)","(185, 252, 79, 119)"
2385322.jpg,wearing,shirt,179,256,312,10,woman,315,259,175,8,0,3,266,491,267,490,"(312, 491, 10, 266)","(175, 490, 8, 267)"
2355640.jpg,sitting on,track,242,385,252,114,train,165,373,206,122,1,3,499,494,495,371,"(252, 494, 114, 499)","(206, 371, 122, 495)"
2340582.jpg,wearing,goggles,16,42,56,146,girl,329,111,28,129,0,3,188,72,240,357,"(56, 72, 146, 188)","(28, 357, 129, 240)"
2342663.jpg,wearing,hat,9,10,242,174,person,58,18,241,169,0,3,184,251,187,299,"(242, 251, 174, 184)","(241, 299, 169, 187)"
2413920.jpg,sitting on,bed,242,497,129,0,bear,300,252,41,10,1,3,497,371,262,341,"(129, 371, 0, 497)","(41, 341, 10, 262)"
2334613.jpg,sitting on,ground,443,368,53,1,dog,161,219,338,37,1,3,369,496,256,499,"(53, 496, 1, 369)","(338, 499, 37, 256)"
2410764.jpg,wearing,apron,132,131,79,354,person,230,234,1,266,0,3,485,211,500,231,"(79, 211, 354, 485)","(1, 231, 266, 500)"
2400544.jpg,wearing,shirt,99,118,71,109,boy,212,119,52,108,0,3,227,170,227,264,"(71, 170, 109, 227)","(52, 264, 108, 227)"
2397893.jpg,sitting on,bench,131,185,354,313,man,209,102,272,309,1,3,498,485,411,481,"(354, 485, 313, 498)","(272, 481, 309, 411)"
2367117.jpg,standing on,ground,151,484,62,0,house,44,120,50,120,0,3,484,213,240,94,"(62, 213, 0, 484)","(50, 94, 120, 240)"
2413103.jpg,wearing,glove,14,12,75,258,skater,167,80,75,191,0,3,270,89,271,242,"(75, 89, 258, 270)","(75, 242, 191, 271)"
2390055.jpg,sitting on,horse,54,38,216,316,rider,50,19,199,328,1,3,354,270,347,249,"(216, 270, 316, 354)","(199, 249, 328, 347)"
2377101.jpg,wearing,identification,25,33,208,11,man,303,91,29,5,0,3,44,233,96,332,"(208, 233, 11, 44)","(29, 332, 5, 96)"
2383696.jpg,sitting on,bench,48,109,253,64,person,26,22,229,77,1,3,173,301,99,255,"(253, 301, 64, 173)","(229, 255, 77, 99)"
2379794.jpg,wearing,sunglasses,9,14,397,211,man,85,40,390,200,0,3,225,406,240,475,"(397, 406, 211, 225)","(390, 475, 200, 240)"
2326316.jpg,wearing,sandals,21,33,303,182,boy,132,36,190,179,0,3,215,324,215,322,"(303, 324, 182, 215)","(190, 322, 179, 215)"
4581.jpg,wearing,jacket,42,23,310,572,man,61,26,304,581,0,3,595,352,607,365,"(310, 352, 572, 595)","(304, 365, 581, 607)"
2412814.jpg,wearing,outfit,92,115,63,191,man,247,138,35,169,0,3,306,155,307,282,"(63, 155, 191, 306)","(35, 282, 169, 307)"
2396758.jpg,sitting on,bench,60,91,337,283,woman,81,35,319,329,1,3,374,397,364,400,"(337, 397, 283, 374)","(319, 400, 329, 364)"
2402548.jpg,sitting on,shelf,7,82,19,417,bowl,16,23,5,442,1,3,499,26,465,21,"(19, 26, 417, 499)","(5, 21, 442, 465)"
2408833.jpg,using,cell,38,79,375,215,man,475,316,24,3,0,3,294,413,319,499,"(375, 413, 215, 294)","(24, 499, 3, 319)"
2319593.jpg,sitting on,stands,243,494,153,1,woman,171,78,228,412,1,3,495,396,490,399,"(153, 396, 1, 495)","(228, 399, 412, 490)"
2318035.jpg,standing on,surfboard,22,144,246,161,man,221,79,37,224,0,3,305,268,303,258,"(246, 268, 161, 305)","(37, 258, 224, 303)"
2375218.jpg,wearing,clothing,30,35,158,322,person,49,36,145,319,0,3,357,188,355,194,"(158, 188, 322, 357)","(145, 194, 319, 355)"
2323287.jpg,wearing,belt,13,35,153,155,girl,167,88,87,124,0,3,190,166,212,254,"(153, 166, 155, 190)","(87, 254, 124, 212)"
2388119.jpg,sitting on,burner,10,37,136,81,pan,28,64,117,55,1,3,118,146,119,145,"(136, 146, 81, 118)","(117, 145, 55, 119)"
2353678.jpg,sitting on,bench,14,58,163,330,people,107,174,133,235,1,3,388,177,409,240,"(163, 177, 330, 388)","(133, 240, 235, 409)"
2394949.jpg,wearing,goggles,32,27,96,207,person,152,152,15,101,0,3,234,128,253,167,"(96, 128, 207, 234)","(15, 167, 101, 253)"
2348766.jpg,sitting on,surfboard,6,27,183,313,man,42,28,150,316,1,3,340,189,344,192,"(183, 189, 313, 340)","(150, 192, 316, 344)"
2361548.jpg,sitting on,side,160,119,115,59,person,106,57,76,201,1,3,178,275,258,182,"(115, 275, 59, 178)","(76, 182, 201, 258)"
2366704.jpg,wearing,shirt,107,93,198,234,woman,164,127,153,204,0,3,327,305,331,317,"(198, 305, 234, 327)","(153, 317, 204, 331)"
225.jpg,carrying,bag,68,45,349,553,woman,181,89,304,515,0,3,598,417,604,485,"(349, 417, 553, 598)","(304, 485, 515, 604)"
713420.jpg,wearing,clothing,276,112,391,592,woman,302,127,386,583,0,3,704,667,710,688,"(391, 667, 592, 704)","(386, 688, 583, 710)"
2353606.jpg,sitting on,sidewalk,336,369,161,4,chair,205,161,184,211,1,3,373,497,372,389,"(161, 497, 4, 373)","(184, 389, 211, 372)"
2324747.jpg,sitting on,lid,270,422,82,13,pear,111,70,58,166,1,3,435,352,236,169,"(82, 352, 13, 435)","(58, 169, 166, 236)"
2355360.jpg,sitting on,table,61,499,267,1,apple,34,36,259,242,1,3,500,328,278,293,"(267, 328, 1, 500)","(259, 293, 242, 278)"
2411837.jpg,wearing,dress,152,102,324,71,girl,261,138,224,57,0,3,173,476,195,485,"(324, 476, 71, 173)","(224, 485, 57, 195)"
2387064.jpg,sitting on,ground,29,489,272,7,boy,106,64,192,71,1,3,496,301,135,298,"(272, 301, 7, 496)","(192, 298, 71, 135)"
2389658.jpg,sitting on,berth,153,137,347,196,person,92,84,407,246,1,3,333,500,330,499,"(347, 500, 196, 333)","(407, 499, 246, 330)"
2318770.jpg,sitting on,plate,368,332,46,0,cucumber,136,101,259,45,1,3,332,414,146,395,"(46, 414, 0, 332)","(259, 395, 45, 146)"
2328590.jpg,sitting on,couch,245,500,86,0,baby,208,185,66,2,1,3,500,331,187,274,"(86, 331, 0, 500)","(66, 274, 2, 187)"
2382943.jpg,sitting on,grass,135,461,240,39,man,103,163,272,39,1,3,500,375,202,375,"(240, 375, 39, 500)","(272, 375, 39, 202)"
2345676.jpg,wearing,jeans,260,255,0,182,person,260,296,0,138,0,3,437,260,434,260,"(0, 260, 182, 437)","(0, 260, 138, 434)"
2381839.jpg,sitting on,boat,134,154,69,41,man,34,40,84,100,1,3,195,203,140,118,"(69, 203, 41, 195)","(84, 118, 100, 140)"
2368319.jpg,covering,wall,174,497,9,1,graffiti,178,495,8,2,0,3,498,183,497,186,"(9, 183, 1, 498)","(8, 186, 2, 497)"
2367195.jpg,wearing,jacket,93,121,74,170,man,220,136,41,168,0,3,291,167,304,261,"(74, 167, 170, 291)","(41, 261, 168, 304)"
2341138.jpg,sitting on,plate,341,337,90,7,cake,334,271,50,12,1,3,344,431,283,384,"(90, 431, 7, 344)","(50, 384, 12, 283)"
2358942.jpg,covering,ground,425,329,72,0,snow,426,330,73,1,0,3,329,497,331,499,"(72, 497, 0, 329)","(73, 499, 1, 331)"
2343715.jpg,sitting on,bench,116,117,172,217,people,111,97,124,201,1,3,334,288,298,235,"(172, 288, 217, 334)","(124, 235, 201, 298)"
2371888.jpg,sitting on,gravel,36,100,109,398,motorbike,130,91,2,407,1,3,498,145,498,132,"(109, 145, 398, 498)","(2, 132, 407, 498)"
2343531.jpg,hanging from,ceiling,258,486,3,4,plane,62,116,141,96,0,3,490,261,212,203,"(3, 261, 4, 490)","(141, 203, 96, 212)"
2416032.jpg,sitting on,chair,41,47,169,68,backpack,25,27,161,93,1,3,115,210,120,186,"(169, 210, 68, 115)","(161, 186, 93, 120)"
2347382.jpg,sitting on,bed,320,495,7,4,item,67,96,249,198,1,3,499,327,294,316,"(7, 327, 4, 499)","(249, 316, 198, 294)"
2328959.jpg,sitting on,shelf,138,147,48,56,books,115,106,61,80,1,3,203,186,186,176,"(48, 186, 56, 203)","(61, 176, 80, 186)"
2372643.jpg,sitting on,desk,217,341,107,156,laptop,213,211,78,246,1,3,497,324,457,291,"(107, 324, 156, 497)","(78, 291, 246, 457)"
2412731.jpg,wearing,shirt,12,10,207,312,visitor,19,15,201,312,0,3,322,219,327,220,"(207, 219, 312, 322)","(201, 220, 312, 327)"
2416609.jpg,sitting on,counter,128,494,206,4,microwave,125,201,156,23,1,3,498,334,224,281,"(206, 334, 4, 498)","(156, 281, 23, 224)"
2399159.jpg,wearing,jacket,38,34,299,108,man,83,38,293,107,0,3,142,337,145,376,"(299, 337, 108, 142)","(293, 376, 107, 145)"
2367864.jpg,walking in,snow,362,493,11,2,person,112,87,0,333,0,3,495,373,420,112,"(11, 373, 2, 495)","(0, 112, 333, 420)"
2380097.jpg,sitting on,building,400,299,78,97,birds,79,210,79,125,1,3,396,478,335,158,"(78, 478, 97, 396)","(79, 158, 125, 335)"
2335891.jpg,sitting on,table,328,371,167,0,orange,53,69,53,161,1,3,371,495,230,106,"(167, 495, 0, 371)","(53, 106, 161, 230)"
2324943.jpg,sitting on,motorbike,209,167,122,189,man,217,164,51,186,1,3,356,331,350,268,"(122, 331, 189, 356)","(51, 268, 186, 350)"
2328275.jpg,sitting on,desk,206,494,113,4,bottle,39,16,118,347,1,3,498,319,363,157,"(113, 319, 4, 498)","(118, 157, 347, 363)"
2318063.jpg,wearing,pants,71,67,147,148,snowboarder,140,196,82,130,0,3,215,218,326,222,"(147, 218, 148, 215)","(82, 222, 130, 326)"
2337256.jpg,wearing,pants,121,129,145,54,boy,212,177,80,17,0,3,183,266,194,292,"(145, 266, 54, 183)","(80, 292, 17, 194)"
2409741.jpg,wearing,glasses,9,22,69,236,woman,86,43,62,234,0,3,258,78,277,148,"(69, 78, 236, 258)","(62, 148, 234, 277)"
2373899.jpg,standing on,field,369,498,4,0,umpire,130,38,183,411,0,3,498,373,449,313,"(4, 373, 0, 498)","(183, 313, 411, 449)"
2400914.jpg,sitting on,plate,183,288,101,208,cupcakes,154,209,98,261,1,3,496,284,470,252,"(101, 284, 208, 496)","(98, 252, 261, 470)"
2340366.jpg,sitting on,bench,29,70,94,25,people,41,24,82,62,1,3,95,123,86,123,"(94, 123, 25, 95)","(82, 123, 62, 86)"
2362649.jpg,sitting on,table,89,206,260,199,glass,92,34,231,268,1,3,405,349,302,323,"(260, 349, 199, 405)","(231, 323, 268, 302)"
2407522.jpg,standing on,surfboard,28,79,191,296,person,113,86,88,317,0,3,375,219,403,201,"(191, 219, 296, 375)","(88, 201, 317, 403)"
2326178.jpg,eating,trunk,162,124,295,177,elephant,411,293,86,0,0,3,301,457,293,497,"(295, 457, 177, 301)","(86, 497, 0, 293)"
2323817.jpg,wearing,shoe,44,24,275,339,man,256,179,63,317,0,3,363,319,496,319,"(275, 319, 339, 363)","(63, 319, 317, 496)"
2401831.jpg,standing on,curb,220,110,150,30,tree,256,250,2,16,0,3,140,370,266,258,"(150, 370, 30, 140)","(2, 258, 16, 266)"
2317019.jpg,wearing,dress,205,94,49,12,girl,316,91,11,3,0,3,106,254,94,327,"(49, 254, 12, 106)","(11, 327, 3, 94)"
2387440.jpg,sitting on,rock,95,397,276,2,bird,248,186,81,169,1,3,399,371,355,329,"(276, 371, 2, 399)","(81, 329, 169, 355)"
2350204.jpg,wearing,socks,28,25,211,320,man,276,198,1,281,0,3,345,239,479,277,"(211, 239, 320, 345)","(1, 277, 281, 479)"
2317019.jpg,wearing,sweater,154,170,172,231,girl,271,145,55,248,0,3,401,326,393,326,"(172, 326, 231, 401)","(55, 326, 248, 393)"
2346473.jpg,standing on,slope,51,296,262,25,building,5,12,259,158,0,3,321,313,170,264,"(262, 313, 25, 321)","(259, 264, 158, 170)"
2368390.jpg,sitting on,sidewalk,88,495,254,4,drawer,31,79,277,70,1,3,499,342,149,308,"(254, 342, 4, 499)","(277, 308, 70, 149)"
2324699.jpg,wearing,socks,41,93,279,75,man,131,94,161,80,0,3,168,320,174,292,"(279, 320, 75, 168)","(161, 292, 80, 174)"
2345720.jpg,sitting on,floor,102,97,194,248,cat,255,171,5,83,1,3,345,296,254,260,"(194, 296, 248, 345)","(5, 260, 83, 254)"
2408126.jpg,sitting on,ground,499,316,0,2,container,172,264,228,32,1,3,318,499,296,400,"(0, 499, 2, 318)","(228, 400, 32, 296)"
2400746.jpg,sitting on,grass,68,106,208,84,cow,169,343,113,150,1,3,190,276,493,282,"(208, 276, 84, 190)","(113, 282, 150, 493)"
2395673.jpg,sitting on,cabinet,78,26,221,294,appliance,36,47,180,296,1,3,320,299,343,216,"(221, 299, 294, 320)","(180, 216, 296, 343)"
2399835.jpg,sitting on,legs,145,218,182,168,cat,103,139,118,196,1,3,386,327,335,221,"(182, 327, 168, 386)","(118, 221, 196, 335)"
2378795.jpg,wearing,shirt,30,25,223,44,boy,71,32,209,41,0,3,69,253,73,280,"(223, 253, 44, 69)","(209, 280, 41, 73)"
2324275.jpg,sitting on,floor,17,20,121,110,woman,26,17,138,64,1,3,130,138,81,164,"(121, 138, 110, 130)","(138, 164, 64, 81)"
2327405.jpg,sitting on,sidewalk,18,28,88,49,bin,124,55,77,0,1,3,77,106,55,201,"(88, 106, 49, 77)","(77, 201, 0, 55)"
150269.jpg,eating,grass,608,1009,71,11,deer,33,40,172,368,0,3,1020,679,408,205,"(71, 679, 11, 1020)","(172, 205, 368, 408)"
2399293.jpg,wearing,glasses,28,58,164,303,people,372,270,126,214,0,3,361,192,484,498,"(164, 192, 303, 361)","(126, 498, 214, 484)"
2340143.jpg,sitting on,bench,44,138,2,179,woman,50,88,0,218,1,3,317,46,306,50,"(2, 46, 179, 317)","(0, 50, 218, 306)"
2351613.jpg,sitting on,table,54,125,276,312,stuff,329,117,1,381,1,3,437,330,498,330,"(276, 330, 312, 437)","(1, 330, 381, 498)"
2396192.jpg,sitting on,grass,174,497,200,2,people,198,499,176,1,1,3,499,374,500,374,"(200, 374, 2, 499)","(176, 374, 1, 500)"
2356552.jpg,wearing,dress,105,38,66,352,lady,145,62,47,341,0,3,390,171,403,192,"(66, 171, 352, 390)","(47, 192, 341, 403)"
2334549.jpg,wearing,shirt,25,22,72,238,man,80,51,50,234,0,3,260,97,285,130,"(72, 97, 238, 260)","(50, 130, 234, 285)"
2336110.jpg,sitting on,surfboard,16,23,205,115,man,40,26,183,85,1,3,138,221,111,223,"(205, 221, 115, 138)","(183, 223, 85, 111)"
2355717.jpg,wearing,sweater,38,32,1,124,person,64,42,0,121,0,3,156,39,163,64,"(1, 39, 124, 156)","(0, 64, 121, 163)"
498004.jpg,hanging from,ceiling,130,506,32,343,light,276,137,27,341,0,3,849,162,478,303,"(32, 162, 343, 849)","(27, 303, 341, 478)"
2351793.jpg,sitting on,plate,53,265,0,10,food,40,227,4,30,1,3,275,53,257,44,"(0, 53, 10, 275)","(4, 44, 30, 257)"
2356316.jpg,sitting on,road,161,316,171,0,flag,333,273,0,227,1,3,316,332,500,333,"(171, 332, 0, 316)","(0, 333, 227, 500)"
713181.jpg,sitting on,chair,32,104,656,1027,woman,60,27,623,1048,1,3,1131,688,1075,683,"(656, 688, 1027, 1131)","(623, 683, 1048, 1075)"
2320090.jpg,wearing,cap,30,32,17,164,boy,207,98,9,131,0,3,196,47,229,216,"(17, 47, 164, 196)","(9, 216, 131, 229)"
2370592.jpg,parked on,street,190,297,182,1,motorcycle,67,82,185,206,0,3,298,372,288,252,"(182, 372, 1, 298)","(185, 252, 206, 288)"
2411250.jpg,sitting on,ground,292,243,3,6,leaf,14,14,19,58,1,3,249,295,72,33,"(3, 295, 6, 249)","(19, 33, 58, 72)"
2318630.jpg,carrying,person,95,38,91,357,elephant,184,304,146,187,0,3,395,186,491,330,"(91, 186, 357, 395)","(146, 330, 187, 491)"
2404048.jpg,wearing,glasses,64,125,0,138,man,499,373,0,1,0,3,263,64,374,499,"(0, 64, 138, 263)","(0, 499, 1, 374)"
2369797.jpg,sitting on,shelf,40,211,458,66,book,90,15,374,133,1,3,277,498,148,464,"(458, 498, 66, 277)","(374, 464, 133, 148)"
2357596.jpg,wearing,cap,19,26,9,322,man,129,28,10,323,0,3,348,28,351,139,"(9, 28, 322, 348)","(10, 139, 323, 351)"
2367475.jpg,painted on,turf,110,297,381,33,circle,111,302,386,16,0,3,330,491,318,497,"(381, 491, 33, 330)","(386, 497, 16, 318)"
2391853.jpg,wearing,scarf,31,51,48,132,woman,305,169,12,37,0,3,183,79,206,317,"(48, 79, 132, 183)","(12, 317, 37, 206)"
2331604.jpg,wearing,boots,32,39,240,52,woman,151,78,129,34,0,3,91,272,112,280,"(240, 272, 52, 91)","(129, 280, 34, 112)"
2400522.jpg,wearing,hat,25,43,53,318,man,125,97,52,309,0,3,361,78,406,177,"(53, 78, 318, 361)","(52, 177, 309, 406)"
2323526.jpg,sitting on,table,47,150,282,174,laptop,101,141,204,198,1,3,324,329,339,305,"(282, 329, 174, 324)","(204, 305, 198, 339)"
2389973.jpg,wearing,shirt,55,45,382,72,lady,131,59,364,69,0,3,117,437,128,495,"(382, 437, 72, 117)","(364, 495, 69, 128)"
2413930.jpg,sitting on,table,253,498,79,2,book,43,94,78,277,1,3,500,332,371,121,"(79, 332, 2, 500)","(78, 121, 277, 371)"
2369170.jpg,wearing,cap,15,29,182,98,man,190,55,178,98,0,3,127,197,153,368,"(182, 197, 98, 127)","(178, 368, 98, 153)"
2353102.jpg,sitting on,runway,152,437,210,14,cone,68,42,290,48,1,3,451,362,90,358,"(210, 362, 14, 451)","(290, 358, 48, 90)"
2344255.jpg,sitting on,saucer,52,122,69,59,bowl,78,106,40,68,1,3,181,121,174,118,"(69, 121, 59, 181)","(40, 118, 68, 174)"
2393364.jpg,wearing,hat,14,16,104,333,lady,65,30,104,328,0,3,349,118,358,169,"(104, 118, 333, 349)","(104, 169, 328, 358)"
2396564.jpg,sitting on,bench,18,39,189,316,woman,194,57,74,191,1,3,355,207,248,268,"(189, 207, 316, 355)","(74, 268, 191, 248)"
2317491.jpg,sitting on,bench,207,249,96,123,guy,246,215,39,86,1,3,372,303,301,285,"(96, 303, 123, 372)","(39, 285, 86, 301)"
2362613.jpg,sitting on,bus,266,291,45,75,person,21,17,191,119,1,3,366,311,136,212,"(45, 311, 75, 366)","(191, 212, 119, 136)"
2352328.jpg,says,x8,19,81,189,175,wing,58,183,166,123,0,3,256,208,306,224,"(189, 208, 175, 256)","(166, 224, 123, 306)"
2404811.jpg,lying on,floor,97,151,0,316,purse,76,101,0,338,0,3,467,97,439,76,"(0, 97, 316, 467)","(0, 76, 338, 439)"
2374208.jpg,sitting on,stove,210,235,279,139,spoon,50,196,448,82,1,3,374,489,278,498,"(279, 489, 139, 374)","(448, 498, 82, 278)"
2339660.jpg,sitting on,shelf,82,248,384,66,basket,44,42,360,239,1,3,314,466,281,404,"(384, 466, 66, 314)","(360, 404, 239, 281)"
2391878.jpg,sitting on,boat,372,495,2,1,cup,41,23,22,112,1,3,496,374,135,63,"(2, 374, 1, 496)","(22, 63, 112, 135)"
2343131.jpg,sitting on,hill,242,299,118,180,man,79,88,55,387,1,3,479,360,475,134,"(118, 360, 180, 479)","(55, 134, 387, 475)"
2345227.jpg,sitting on,speaker,45,29,186,151,phone,28,16,158,158,1,3,180,231,174,186,"(186, 231, 151, 180)","(158, 186, 158, 174)"
2382116.jpg,wearing,shorts,55,41,371,382,man,220,95,266,347,0,3,423,426,442,486,"(371, 426, 382, 423)","(266, 486, 347, 442)"
2321587.jpg,wearing,shirt,67,60,148,30,boy,211,74,112,29,0,3,90,215,103,323,"(148, 215, 30, 90)","(112, 323, 29, 103)"
1159804.jpg,sitting on,sofa,335,242,290,622,person,245,212,284,635,1,3,864,625,847,529,"(290, 625, 622, 864)","(284, 529, 635, 847)"
2413341.jpg,wearing,shorts,30,25,247,314,man,65,68,195,280,0,3,339,277,348,260,"(247, 277, 314, 339)","(195, 260, 280, 348)"
2364458.jpg,sitting on,head,23,21,272,354,hat,10,14,274,352,1,3,375,295,366,284,"(272, 295, 354, 375)","(274, 284, 352, 366)"
2407006.jpg,sitting on,bleachers,212,360,45,139,man,144,94,4,335,1,3,499,257,429,148,"(45, 257, 139, 499)","(4, 148, 335, 429)"
2379415.jpg,sitting on,bench,121,103,165,351,woman,109,80,143,316,1,3,454,286,396,252,"(165, 286, 351, 454)","(143, 252, 316, 396)"
2385597.jpg,wearing,ring,7,13,86,69,woman,333,190,1,1,0,3,82,93,191,334,"(86, 93, 69, 82)","(1, 334, 1, 191)"
2386039.jpg,using,camera,30,52,217,324,man,121,67,179,357,0,3,376,247,424,300,"(217, 247, 324, 376)","(179, 300, 357, 424)"
2386510.jpg,wearing,shirt,189,156,155,214,woman,323,289,36,85,0,3,370,344,374,359,"(155, 344, 214, 370)","(36, 359, 85, 374)"
3452.jpg,sitting on,shoulder,20,12,508,222,bag,63,41,507,214,1,3,234,528,255,570,"(508, 528, 222, 234)","(507, 570, 214, 255)"
2320057.jpg,sitting on,shelf,19,136,99,177,bear,59,59,42,170,1,3,313,118,229,101,"(99, 118, 177, 313)","(42, 101, 170, 229)"
2338569.jpg,sitting on,table,370,500,1,0,food,186,110,118,39,1,3,500,371,149,304,"(1, 371, 0, 500)","(118, 304, 39, 149)"
2367535.jpg,wearing,sock,14,36,439,272,girl,265,138,214,244,0,3,308,453,382,479,"(439, 453, 272, 308)","(214, 479, 244, 382)"
2394553.jpg,sitting on,chair,92,118,2,271,person,121,285,0,2,1,3,389,94,287,121,"(2, 94, 271, 389)","(0, 121, 2, 287)"
2415046.jpg,wearing,helmet,13,13,194,93,skier,77,24,194,87,0,3,106,207,111,271,"(194, 207, 93, 106)","(194, 271, 87, 111)"
2320580.jpg,wearing,bracelet,8,7,129,304,person,126,145,114,172,0,3,311,137,317,240,"(129, 137, 304, 311)","(114, 240, 172, 317)"
2402491.jpg,sitting on,street,331,478,3,21,bench,266,318,68,1,1,3,499,334,319,334,"(3, 334, 21, 499)","(68, 334, 1, 319)"
1159713.jpg,wearing,outfit,55,57,146,273,cyclist,188,362,112,136,0,3,330,201,498,300,"(146, 201, 273, 330)","(112, 300, 136, 498)"
2341357.jpg,wearing,trunks,93,120,162,224,boy,159,340,92,73,0,3,344,255,413,251,"(162, 255, 224, 344)","(92, 251, 73, 413)"
285606.jpg,sitting on,chair,110,91,87,144,girl,108,68,54,174,1,3,235,197,242,162,"(87, 197, 144, 235)","(54, 162, 174, 242)"
2360625.jpg,parked on,pavement,113,129,74,370,car,92,113,20,384,0,3,499,187,497,112,"(74, 187, 370, 499)","(20, 112, 384, 497)"
2376807.jpg,sitting on,bench,100,346,241,69,man,129,142,195,292,1,3,415,341,434,324,"(241, 341, 69, 415)","(195, 324, 292, 434)"
2331395.jpg,sitting on,bed,264,329,233,2,dog,332,205,111,27,1,3,331,497,232,443,"(233, 497, 2, 331)","(111, 443, 27, 232)"
2396311.jpg,sitting on,grass,66,462,48,0,person,6,11,63,85,1,3,462,114,96,69,"(48, 114, 0, 462)","(63, 69, 85, 96)"
2397231.jpg,sitting on,table,195,406,135,89,glass,65,48,204,300,1,3,495,330,348,269,"(135, 330, 89, 495)","(204, 269, 300, 348)"
2378091.jpg,sitting on,table,321,460,158,19,bowl,106,150,164,71,1,3,479,479,221,270,"(158, 479, 19, 479)","(164, 270, 71, 221)"
2329502.jpg,sitting on,ground,8,16,304,310,man,21,10,290,322,1,3,326,312,332,311,"(304, 312, 310, 326)","(290, 311, 322, 332)"
2335758.jpg,watching,motorcyles,186,475,123,19,person,45,31,105,246,0,3,494,309,277,150,"(123, 309, 19, 494)","(105, 150, 246, 277)"
2368662.jpg,sitting on,elephant,219,286,112,88,man,119,81,33,270,1,3,374,331,351,152,"(112, 331, 88, 374)","(33, 152, 270, 351)"
2335151.jpg,wearing,lipstick,27,27,228,180,man,471,211,27,120,0,3,207,255,331,498,"(228, 255, 180, 207)","(27, 498, 120, 331)"
2343495.jpg,sitting on,couch,207,433,91,1,man,185,144,16,206,1,3,434,298,350,201,"(91, 298, 1, 434)","(16, 201, 206, 350)"
2356849.jpg,sitting on,table,112,252,205,88,paperweight,53,53,201,277,1,3,340,317,330,254,"(205, 317, 88, 340)","(201, 254, 277, 330)"
2323312.jpg,sitting on,park,330,492,29,2,person,35,32,89,20,1,3,494,359,52,124,"(29, 359, 2, 494)","(89, 124, 20, 52)"
2409025.jpg,sitting on,booth,183,410,91,89,person,218,211,77,285,1,3,499,274,496,295,"(91, 274, 89, 499)","(77, 295, 285, 496)"
1759.jpg,sitting on,bench,34,66,402,423,person,35,20,403,463,1,3,489,436,483,438,"(402, 436, 423, 489)","(403, 438, 463, 483)"
2398141.jpg,sitting on,table,73,352,260,83,clock,237,144,13,192,1,3,435,333,336,250,"(260, 333, 83, 435)","(13, 250, 192, 336)"
2405586.jpg,parked on,gravel,45,481,280,2,bicycle,168,251,155,103,0,3,483,325,354,323,"(280, 325, 2, 483)","(155, 323, 103, 354)"
2340432.jpg,sitting on,ground,124,462,375,37,people,32,39,360,427,1,3,499,499,466,392,"(375, 499, 37, 499)","(360, 392, 427, 466)"
2378091.jpg,sitting on,table,321,460,158,19,bowl,115,145,160,238,1,3,479,479,383,275,"(158, 479, 19, 479)","(160, 275, 238, 383)"
2381657.jpg,sitting on,ground,376,450,123,2,box,26,50,154,50,1,3,452,499,100,180,"(123, 499, 2, 452)","(154, 180, 50, 100)"
2391779.jpg,sitting on,sofa,390,378,109,62,boy,366,151,132,65,1,3,440,499,216,498,"(109, 499, 62, 440)","(132, 498, 65, 216)"
2386512.jpg,wearing,scooter,219,282,70,65,woman,280,103,28,122,0,3,347,289,225,308,"(70, 289, 65, 347)","(28, 308, 122, 225)"
2352875.jpg,sitting on,sofa,190,165,138,102,woman,305,169,132,2,1,3,267,328,171,437,"(138, 328, 102, 267)","(132, 437, 2, 171)"
2367082.jpg,sitting on,beach,187,456,1,43,cow,95,164,80,42,1,3,499,188,206,175,"(1, 188, 43, 499)","(80, 175, 42, 206)"
2365424.jpg,sitting on,bench,137,255,201,122,girl,163,112,175,178,1,3,377,338,290,338,"(201, 338, 122, 377)","(175, 338, 178, 290)"
2389705.jpg,wearing,uniform,152,352,254,1,man,184,384,217,1,0,3,353,406,385,401,"(254, 406, 1, 353)","(217, 401, 1, 385)"
2394021.jpg,sitting on,ground,494,373,1,0,girl,442,302,57,71,1,3,373,495,373,499,"(1, 495, 0, 373)","(57, 499, 71, 373)"
2395069.jpg,wearing,glasses,13,37,133,221,man,304,226,94,173,0,3,258,146,399,398,"(133, 146, 221, 258)","(94, 398, 173, 399)"
2341765.jpg,sitting on,ground,115,498,216,0,plane,18,48,216,381,1,3,498,331,429,234,"(216, 331, 0, 498)","(216, 234, 381, 429)"
2393392.jpg,wearing,pants,29,23,234,298,batter,48,27,213,297,0,3,321,263,324,261,"(234, 263, 298, 321)","(213, 261, 297, 324)"
2410144.jpg,wearing,shirt,148,155,93,150,man,249,160,24,149,0,3,305,241,309,273,"(93, 241, 150, 305)","(24, 273, 149, 309)"
2336202.jpg,wearing,garment,89,60,168,357,woman,172,67,145,351,0,3,417,257,418,317,"(168, 257, 357, 417)","(145, 317, 351, 418)"
2345920.jpg,standing on,concrete,49,496,343,1,person,125,41,230,412,0,3,497,392,453,355,"(343, 392, 1, 497)","(230, 355, 412, 453)"
2243.jpg,covering,window,44,429,76,310,blinds,34,411,82,317,0,3,739,120,728,116,"(76, 120, 310, 739)","(82, 116, 317, 728)"
2393447.jpg,sitting on,pier,90,480,282,2,person,73,119,180,27,1,3,482,372,146,253,"(282, 372, 2, 482)","(180, 253, 27, 146)"
2355849.jpg,wearing,shoe,18,17,298,296,person,105,153,230,278,0,3,313,316,431,335,"(298, 316, 296, 313)","(230, 335, 278, 431)"
2392536.jpg,parked on,asphalt,79,57,181,48,trucks,262,404,18,47,0,3,105,260,451,280,"(181, 260, 48, 105)","(18, 280, 47, 451)"
2359774.jpg,sitting on,table,364,465,11,19,bowl,376,475,12,9,1,3,484,375,484,388,"(11, 375, 19, 484)","(12, 388, 9, 484)"
2403932.jpg,sitting on,pillow,263,437,16,62,bowl,276,374,4,47,1,3,499,279,421,280,"(16, 279, 62, 499)","(4, 280, 47, 421)"
2369911.jpg,playing,baseball,265,400,26,49,player,158,110,81,200,0,3,449,291,310,239,"(26, 291, 49, 449)","(81, 239, 200, 310)"
2361548.jpg,wearing,white,10,19,146,195,person,24,20,142,226,0,3,214,156,246,166,"(146, 156, 195, 214)","(142, 166, 226, 246)"
2387042.jpg,wearing,shoes,19,29,228,247,person,164,132,90,149,0,3,276,247,281,254,"(228, 247, 247, 276)","(90, 254, 149, 281)"
2403019.jpg,sitting on,bus,343,495,1,3,girl,252,237,92,2,1,3,498,344,239,344,"(1, 344, 3, 498)","(92, 344, 2, 239)"
2358119.jpg,sitting on,ground,59,387,270,0,box,21,45,297,326,1,3,387,329,371,318,"(270, 329, 0, 387)","(297, 318, 326, 371)"
2354880.jpg,lying on,ground,397,478,2,1,cat,194,360,174,74,0,3,479,399,434,368,"(2, 399, 1, 479)","(174, 368, 74, 434)"
2383922.jpg,watching,trick,66,47,18,190,man,89,180,17,188,0,3,237,84,368,106,"(18, 84, 190, 237)","(17, 106, 188, 368)"
2405638.jpg,wearing,shorts,55,56,150,105,man,141,126,112,72,0,3,161,205,198,253,"(150, 205, 105, 161)","(112, 253, 72, 198)"
2323914.jpg,sitting on,couch,241,498,88,1,woman,301,220,26,2,1,3,499,329,222,327,"(88, 329, 1, 499)","(26, 327, 2, 222)"
2322301.jpg,sitting on,bench,32,193,147,0,people,37,89,82,258,1,3,193,179,347,119,"(147, 179, 0, 193)","(82, 119, 258, 347)"
4687.jpg,walking on,staircase,371,479,1,0,person,50,35,255,344,0,3,479,372,379,305,"(1, 372, 0, 479)","(255, 305, 344, 379)"
2396253.jpg,sitting on,bench,34,133,254,2,man,81,44,202,68,1,3,135,288,112,283,"(254, 288, 2, 135)","(202, 283, 68, 112)"
2374468.jpg,wearing,sunglasses,21,47,148,213,man,251,145,134,185,0,3,260,169,330,385,"(148, 169, 213, 260)","(134, 385, 185, 330)"
2316160.jpg,sitting on,floor,240,254,257,118,purse,36,46,303,263,1,3,372,497,309,339,"(257, 497, 118, 372)","(303, 339, 263, 309)"
2356258.jpg,sitting on,desk,156,498,219,1,monitor,152,132,86,76,1,3,499,375,208,238,"(219, 375, 1, 499)","(86, 238, 76, 208)"
150505.jpg,using,laptop,88,134,422,580,man,420,453,345,30,0,3,714,510,483,765,"(422, 510, 580, 714)","(345, 765, 30, 483)"
2394889.jpg,wearing,shorts,104,87,281,151,girl,323,95,140,142,0,3,238,385,237,463,"(281, 385, 151, 238)","(140, 463, 142, 237)"
2338061.jpg,standing on,sand,127,498,246,1,bird,179,335,109,122,0,3,499,373,457,288,"(246, 373, 1, 499)","(109, 288, 122, 457)"
2325411.jpg,flying in,sky,202,484,0,0,bird,20,26,104,438,0,3,484,202,464,124,"(0, 202, 0, 484)","(104, 124, 438, 464)"
2384182.jpg,hanging from,ceiling,117,262,14,61,bulb,26,14,101,230,0,3,323,131,244,127,"(14, 131, 61, 323)","(101, 127, 230, 244)"
2404069.jpg,sitting on,table,153,499,183,0,speaker,75,36,116,329,1,3,499,336,365,191,"(183, 336, 0, 499)","(116, 191, 329, 365)"
1593164.jpg,wearing,jacket,383,320,47,122,man,475,416,5,113,0,3,442,430,529,480,"(47, 430, 122, 442)","(5, 480, 113, 529)"
2361555.jpg,sitting on,stool,156,153,343,48,dog,213,127,245,64,1,3,201,499,191,458,"(343, 499, 48, 201)","(245, 458, 64, 191)"
2397000.jpg,eating,grass,324,362,175,3,horse,29,48,192,76,0,3,365,499,124,221,"(175, 499, 3, 365)","(192, 221, 76, 124)"
2376739.jpg,flying in,sky,81,480,2,0,bird,19,20,64,58,0,3,480,83,78,83,"(2, 83, 0, 480)","(64, 83, 58, 78)"
2367077.jpg,wearing,uniform,69,74,54,146,rider,153,116,39,139,0,3,220,123,255,192,"(54, 123, 146, 220)","(39, 192, 139, 255)"
2400140.jpg,flying in,sky,366,497,5,3,plane,67,181,170,208,0,3,500,371,389,237,"(5, 371, 3, 500)","(170, 237, 208, 389)"
2348542.jpg,wearing,shirt,135,282,85,96,girl,221,291,0,94,0,3,378,220,385,221,"(85, 220, 96, 378)","(0, 221, 94, 385)"
2411600.jpg,wearing,shirt,66,65,101,149,girl,129,71,59,142,0,3,214,167,213,188,"(101, 167, 149, 214)","(59, 188, 142, 213)"
2415345.jpg,wearing,shirt,102,130,216,329,woman,197,135,146,324,0,3,459,318,459,343,"(216, 318, 329, 459)","(146, 343, 324, 459)"
2399786.jpg,wearing,shirt,45,68,411,31,lady,122,85,365,29,0,3,99,456,114,487,"(411, 456, 31, 99)","(365, 487, 29, 114)"
2379505.jpg,sitting on,arm,225,86,104,184,cellphone,14,27,176,209,1,3,270,329,236,190,"(104, 329, 184, 270)","(176, 190, 209, 236)"
2323631.jpg,wearing,jewelry,30,77,250,380,lady,322,202,40,290,0,3,457,280,492,362,"(250, 280, 380, 457)","(40, 362, 290, 492)"
2358720.jpg,sitting on,bench,29,148,172,337,people,70,35,130,450,1,3,485,201,485,200,"(172, 201, 337, 485)","(130, 200, 450, 485)"
2397199.jpg,wearing,dress,136,90,184,83,woman,308,115,24,66,0,3,173,320,181,332,"(184, 320, 83, 173)","(24, 332, 66, 181)"
2404843.jpg,sitting on,couch,158,394,215,76,pillow,81,47,220,383,1,3,470,373,430,301,"(215, 373, 76, 470)","(220, 301, 383, 430)"
2330567.jpg,sitting on,train,187,197,83,239,man,39,33,106,311,1,3,436,270,344,145,"(83, 270, 239, 436)","(106, 145, 311, 344)"
2372101.jpg,sitting on,table,331,499,102,0,plate,176,252,259,67,1,3,499,433,319,435,"(102, 433, 0, 499)","(259, 435, 67, 319)"
436.jpg,sitting on,chair,28,22,453,118,person,52,49,384,98,1,3,140,481,147,436,"(453, 481, 118, 140)","(384, 436, 98, 147)"
2347908.jpg,sitting on,napkin,261,87,114,0,silverware,221,108,153,0,1,3,87,375,108,374,"(114, 375, 0, 87)","(153, 374, 0, 108)"
2214.jpg,sitting on,floor,146,610,583,188,chair,430,265,295,430,1,3,798,729,695,725,"(583, 729, 188, 798)","(295, 725, 430, 695)"
2317336.jpg,riding,bicycle,55,23,209,167,woman,78,27,172,166,0,3,190,264,193,250,"(209, 264, 167, 190)","(172, 250, 166, 193)"
2411664.jpg,wearing,cap,7,28,89,187,skier,129,143,83,113,0,3,215,96,256,212,"(89, 96, 187, 215)","(83, 212, 113, 256)"
2407557.jpg,standing on,floor,83,85,166,332,foot,35,20,194,356,0,3,417,249,376,229,"(166, 249, 332, 417)","(194, 229, 356, 376)"
2376950.jpg,sitting on,beach,246,499,86,0,group,24,50,125,441,1,3,499,332,491,149,"(86, 332, 0, 499)","(125, 149, 441, 491)"
285845.jpg,wearing,uniform,156,81,270,582,girl,195,78,236,565,0,3,663,426,643,431,"(270, 426, 582, 663)","(236, 431, 565, 643)"
2371407.jpg,wearing,jersey,95,115,204,296,catcher,190,142,169,304,0,3,411,299,446,359,"(204, 299, 296, 411)","(169, 359, 304, 446)"
2318803.jpg,sitting on,bench,154,307,176,0,man,302,360,28,112,1,3,307,330,472,330,"(176, 330, 0, 307)","(28, 330, 112, 472)"
2397131.jpg,sitting on,branch,99,499,164,0,bird,108,100,65,322,1,3,499,263,422,173,"(164, 263, 0, 499)","(65, 173, 322, 422)"
2354452.jpg,sitting on,branch,24,116,258,170,bird,221,150,46,72,1,3,286,282,222,267,"(258, 282, 170, 286)","(46, 267, 72, 222)"
2349483.jpg,sitting on,chair,158,110,159,60,lamp,132,74,102,95,1,3,170,317,169,234,"(159, 317, 60, 170)","(102, 234, 95, 169)"
2378217.jpg,wearing,cleat,18,23,226,348,girl,193,85,47,345,0,3,371,244,430,240,"(226, 244, 348, 371)","(47, 240, 345, 430)"
2396643.jpg,walking on,sidewalk,81,26,155,193,person,10,7,148,209,0,3,219,236,216,158,"(155, 236, 193, 219)","(148, 158, 209, 216)"
2334577.jpg,wearing,shorts,99,43,216,137,man,211,103,110,128,0,3,180,315,231,321,"(216, 315, 137, 180)","(110, 321, 128, 231)"
2344583.jpg,sitting on,bench,47,109,122,123,man,87,43,93,180,1,3,232,169,223,180,"(122, 169, 123, 232)","(93, 180, 180, 223)"
2402291.jpg,wearing,sock,16,29,466,215,girl,483,332,16,54,0,3,244,482,386,499,"(466, 482, 215, 244)","(16, 499, 54, 386)"
2347400.jpg,sitting on,couch,197,463,177,35,man,305,300,69,192,1,3,498,374,492,374,"(177, 374, 35, 498)","(69, 374, 192, 492)"
2357994.jpg,sitting on,table,206,419,126,81,dog,133,178,117,134,1,3,500,332,312,250,"(126, 332, 81, 500)","(117, 250, 134, 312)"
2323106.jpg,wearing,vest,70,54,95,273,man,200,62,72,270,0,3,327,165,332,272,"(95, 165, 273, 327)","(72, 272, 270, 332)"
2392148.jpg,sitting on,ground,33,303,276,113,bench,32,68,244,213,1,3,416,309,281,276,"(276, 309, 113, 416)","(244, 276, 213, 281)"
2358931.jpg,sitting on,bench,89,348,240,70,people,223,381,117,66,1,3,418,329,447,340,"(240, 329, 70, 418)","(117, 340, 66, 447)"
2406838.jpg,wearing,shirt,70,58,80,206,man,258,114,35,177,0,3,264,150,291,293,"(80, 150, 206, 264)","(35, 293, 177, 291)"
2400009.jpg,standing on,grass,111,499,368,0,man,460,303,13,28,0,3,499,479,331,473,"(368, 479, 0, 499)","(13, 473, 28, 331)"
2404301.jpg,sitting on,bench,167,463,164,1,man,299,249,32,2,1,3,464,331,251,331,"(164, 331, 1, 464)","(32, 331, 2, 251)"
2317770.jpg,sitting on,railing,64,293,104,200,boys,40,28,102,366,1,3,493,168,394,142,"(104, 168, 200, 493)","(102, 142, 366, 394)"
2354402.jpg,sitting on,boat,296,390,21,106,woman,256,204,29,87,1,3,496,317,291,285,"(21, 317, 106, 496)","(29, 285, 87, 291)"
2391390.jpg,sitting on,counter,48,165,60,172,toothbrush,16,11,43,295,1,3,337,108,306,59,"(60, 108, 172, 337)","(43, 59, 295, 306)"
2342894.jpg,wearing,sunglasses,11,31,79,188,man,183,104,69,174,0,3,219,90,278,252,"(79, 90, 188, 219)","(69, 252, 174, 278)"
2395431.jpg,sitting on,bench,65,105,185,44,man,79,55,134,96,1,3,149,250,151,213,"(185, 250, 44, 149)","(134, 213, 96, 151)"
1848.jpg,parked on,street,181,555,407,90,car,28,49,370,174,0,3,645,588,223,398,"(407, 588, 90, 645)","(370, 398, 174, 223)"
2402903.jpg,standing on,distance,70,499,6,0,tree,28,87,12,111,0,3,499,76,198,40,"(6, 76, 0, 499)","(12, 40, 111, 198)"
2350195.jpg,sitting on,sink,122,212,209,3,tissue,30,20,189,142,1,3,215,331,162,219,"(209, 331, 3, 215)","(189, 219, 142, 162)"
2409976.jpg,sitting on,breakwater,111,357,137,136,animal,43,53,74,126,1,3,493,248,179,117,"(137, 248, 136, 493)","(74, 117, 126, 179)"
2387064.jpg,wearing,romper,73,43,159,4,girl,147,43,130,4,0,3,47,232,47,277,"(159, 232, 4, 47)","(130, 277, 4, 47)"
2343443.jpg,sitting on,floor,49,138,375,57,person,83,49,167,174,1,3,195,424,223,250,"(375, 424, 57, 195)","(167, 250, 174, 223)"
2396951.jpg,standing on,skies,17,46,197,425,person,87,34,119,420,0,3,471,214,454,206,"(197, 214, 425, 471)","(119, 206, 420, 454)"
2351676.jpg,sitting on,bleachers,105,319,3,3,person,29,27,3,248,1,3,322,108,275,32,"(3, 108, 3, 322)","(3, 32, 248, 275)"
2398823.jpg,wearing,glasses,8,25,201,259,man,142,153,189,174,0,3,284,209,327,331,"(201, 209, 259, 284)","(189, 331, 174, 327)"
2411951.jpg,wearing,shoes,51,113,269,130,man,275,134,48,123,0,3,243,320,257,323,"(269, 320, 130, 243)","(48, 323, 123, 257)"
2322932.jpg,covering,ground,37,483,294,1,brick,10,56,314,284,0,3,484,331,340,324,"(294, 331, 1, 484)","(314, 324, 284, 340)"
2408405.jpg,says,jurassic,13,64,274,155,bus,237,471,100,1,0,3,219,287,472,337,"(274, 287, 155, 219)","(100, 337, 1, 472)"
2391000.jpg,sitting on,carriage,59,63,156,111,man,41,23,120,124,1,3,174,215,147,161,"(156, 215, 111, 174)","(120, 161, 124, 147)"
2386555.jpg,wearing,shirt,95,112,186,42,catcher,188,136,145,39,0,3,154,281,175,333,"(186, 281, 42, 154)","(145, 333, 39, 175)"
2345921.jpg,sitting on,rock,166,496,208,2,bird,136,184,123,194,1,3,498,374,378,259,"(208, 374, 2, 498)","(123, 259, 194, 378)"
2400606.jpg,covering,ground,214,500,131,0,snow,215,498,130,1,0,3,500,345,499,345,"(131, 345, 0, 500)","(130, 345, 1, 499)"
2375114.jpg,covering,trees,163,365,336,5,snow,25,50,402,20,0,3,370,499,70,427,"(336, 499, 5, 370)","(402, 427, 20, 70)"
2376745.jpg,wearing,sunglasses,10,22,72,213,woman,245,169,52,165,0,3,235,82,334,297,"(72, 82, 213, 235)","(52, 297, 165, 334)"
2366705.jpg,covered in,snow,72,113,301,384,trees,321,273,10,225,0,3,497,373,498,331,"(301, 373, 384, 497)","(10, 331, 225, 498)"
2348601.jpg,sitting on,bed,9,11,282,425,laptop,55,90,182,173,1,3,436,291,263,237,"(282, 291, 425, 436)","(182, 237, 173, 263)"
2408202.jpg,wearing,bandana,33,41,137,136,girl,185,137,136,108,0,3,177,170,245,321,"(137, 170, 136, 177)","(136, 321, 108, 245)"
2362220.jpg,sitting on,table,272,471,207,13,bear,319,297,93,9,1,3,484,479,306,412,"(207, 479, 13, 484)","(93, 412, 9, 306)"
2375117.jpg,covered in,snow,16,17,235,164,tracks,22,26,206,141,0,3,181,251,167,228,"(235, 251, 164, 181)","(206, 228, 141, 167)"
2406957.jpg,sitting on,table,301,386,72,113,bowl,61,47,72,452,1,3,499,373,499,133,"(72, 373, 113, 499)","(72, 133, 452, 499)"
2408977.jpg,sitting on,floor,151,241,223,257,appliance,49,34,271,288,1,3,498,374,322,320,"(223, 374, 257, 498)","(271, 320, 288, 322)"
2373220.jpg,parked on,road,114,100,133,1,car,21,32,137,66,0,3,101,247,98,158,"(133, 247, 1, 101)","(137, 158, 66, 98)"
2323033.jpg,sitting on,bench,237,153,90,183,person,228,163,103,273,1,3,336,327,436,331,"(90, 327, 183, 336)","(103, 331, 273, 436)"
1159392.jpg,sitting on,table,273,534,475,315,glass,128,68,505,565,1,3,849,748,633,633,"(475, 748, 315, 849)","(505, 633, 565, 633)"
2392335.jpg,wearing,shorts,76,58,270,93,man,379,122,90,93,0,3,151,346,215,469,"(270, 346, 93, 151)","(90, 469, 93, 215)"
2371264.jpg,sitting on,table,97,119,208,48,bottle,23,11,185,86,1,3,167,305,97,208,"(208, 305, 48, 167)","(185, 208, 86, 97)"
2362567.jpg,wearing,wetsuit,123,140,189,29,man,127,141,189,28,0,3,169,312,169,316,"(189, 312, 29, 169)","(189, 316, 28, 169)"
2330523.jpg,wearing,sweater,64,53,132,273,person,173,61,107,271,0,3,326,196,332,280,"(132, 196, 273, 326)","(107, 280, 271, 332)"
2404263.jpg,sitting on,table,314,465,168,18,bottle,252,78,45,325,1,3,483,482,403,297,"(168, 482, 18, 483)","(45, 297, 325, 403)"
2378560.jpg,sitting on,horse,204,213,159,95,man,161,92,25,154,1,3,308,363,246,186,"(159, 363, 95, 308)","(25, 186, 154, 246)"
2404289.jpg,wearing,vest,24,21,176,67,man,35,22,167,66,0,3,88,200,88,202,"(176, 200, 67, 88)","(167, 202, 66, 88)"
2386437.jpg,sitting on,floor,362,488,133,5,box,71,106,65,4,1,3,493,495,110,136,"(133, 495, 5, 493)","(65, 136, 4, 110)"
2398471.jpg,wearing,helmet,18,27,90,266,umpire,99,106,85,265,0,3,293,108,371,184,"(90, 108, 266, 293)","(85, 184, 265, 371)"
2380194.jpg,wearing,vest,39,25,151,243,man,93,26,138,306,0,3,268,190,332,231,"(151, 190, 243, 268)","(138, 231, 306, 332)"
2335891.jpg,sitting on,table,64,72,112,293,books,33,49,87,300,1,3,365,176,349,120,"(112, 176, 293, 365)","(87, 120, 300, 349)"
1592187.jpg,walking on,bridge,87,314,175,547,person,46,24,139,743,0,3,861,262,767,185,"(175, 262, 547, 861)","(139, 185, 743, 767)"
2377683.jpg,wearing,pants,65,69,139,278,girl,211,165,50,238,0,3,347,204,403,261,"(139, 204, 278, 347)","(50, 261, 238, 403)"
2411575.jpg,wearing,shorts,11,53,198,159,kid,252,85,37,144,0,3,212,209,229,289,"(198, 209, 159, 212)","(37, 289, 144, 229)"
2405100.jpg,playing,tennis,122,107,355,210,lady,372,163,89,28,0,3,317,477,191,461,"(355, 477, 210, 317)","(89, 461, 28, 191)"
2321798.jpg,sitting on,bench,32,86,22,401,woman,40,27,0,415,1,3,487,54,442,40,"(22, 54, 401, 487)","(0, 40, 415, 442)"
2340656.jpg,sitting on,table,369,316,75,6,plate,340,300,138,4,1,3,322,444,304,478,"(75, 444, 6, 322)","(138, 478, 4, 304)"
2325902.jpg,standing on,grass,57,498,171,1,man,110,34,63,11,0,3,499,228,45,173,"(171, 228, 1, 499)","(63, 173, 11, 45)"
2345032.jpg,sitting on,rack,37,63,220,418,rim,13,10,221,432,1,3,481,257,442,234,"(220, 257, 418, 481)","(221, 234, 432, 442)"
1592337.jpg,covering,ground,439,926,837,3,brick,22,47,1241,240,0,3,929,1276,287,1263,"(837, 1276, 3, 929)","(1241, 1263, 240, 287)"
2405554.jpg,wearing,pants,13,31,283,306,woman,54,31,259,306,0,3,337,296,337,313,"(283, 296, 306, 337)","(259, 313, 306, 337)"
2348394.jpg,watching,stadium,372,493,2,1,people,31,25,142,250,0,3,494,374,275,173,"(2, 374, 1, 494)","(142, 173, 250, 275)"
2410863.jpg,wearing,scarf,24,43,220,243,girl,157,140,110,208,0,3,286,244,348,267,"(220, 244, 243, 286)","(110, 267, 208, 348)"
2381676.jpg,watching,man,110,102,44,273,crowd,165,499,114,0,0,3,375,154,499,279,"(44, 154, 273, 375)","(114, 279, 0, 499)"
2323345.jpg,sitting on,chair,90,460,281,38,person,91,73,266,210,1,3,498,371,283,357,"(281, 371, 38, 498)","(266, 357, 210, 283)"
2369952.jpg,riding,surfboard,130,258,174,85,man,216,206,35,212,0,3,343,304,418,251,"(174, 304, 85, 343)","(35, 251, 212, 418)"
2331382.jpg,wearing,jeans,62,75,147,214,boy,166,112,56,207,0,3,289,209,319,222,"(147, 209, 214, 289)","(56, 222, 207, 319)"
498268.jpg,sitting on,bench,582,770,91,245,man,677,569,4,118,1,3,1015,673,687,681,"(91, 673, 245, 1015)","(4, 681, 118, 687)"
2384866.jpg,sitting on,grass,182,499,148,0,dog,125,118,141,108,1,3,499,330,226,266,"(148, 330, 0, 499)","(141, 266, 108, 226)"
2352271.jpg,wearing,pants,123,55,134,16,woman,120,95,16,22,0,3,71,257,117,136,"(134, 257, 16, 71)","(16, 136, 22, 117)"
2387643.jpg,riding,elephant,158,117,102,195,rider,77,64,68,202,0,3,312,260,266,145,"(102, 260, 195, 312)","(68, 145, 202, 266)"
2410851.jpg,wearing,shirt,94,109,117,327,man,288,89,78,340,0,3,436,211,429,366,"(117, 211, 327, 436)","(78, 366, 340, 429)"
2356593.jpg,wearing,shirt,27,27,258,247,man,78,28,246,247,0,3,274,285,275,324,"(258, 285, 247, 274)","(246, 324, 247, 275)"
2400778.jpg,wearing,shirt,10,10,175,197,man,20,13,169,195,0,3,207,185,208,189,"(175, 185, 197, 207)","(169, 189, 195, 208)"
2408686.jpg,wearing,shorts,73,88,161,394,man,211,162,86,338,0,3,482,234,500,297,"(161, 234, 394, 482)","(86, 297, 338, 500)"
2381890.jpg,sitting on,table,116,220,219,80,cake,61,158,214,116,1,3,300,335,274,275,"(219, 335, 80, 300)","(214, 275, 116, 274)"
2378351.jpg,wearing,pants,99,89,129,261,kid,214,203,40,165,0,3,350,228,368,254,"(129, 228, 261, 350)","(40, 254, 165, 368)"
2351095.jpg,sitting on,table,110,316,177,65,tv,116,181,57,116,1,3,381,287,297,173,"(177, 287, 65, 381)","(57, 173, 116, 297)"
2357850.jpg,standing on,grass,91,378,401,1,woman,52,22,387,242,0,3,379,492,264,439,"(401, 492, 1, 379)","(387, 439, 242, 264)"
2369155.jpg,sitting on,grass,80,374,419,0,people,14,54,431,161,1,3,374,499,215,445,"(419, 499, 0, 374)","(431, 445, 161, 215)"
2386438.jpg,sitting on,rug,156,499,218,0,girl,205,143,150,229,1,3,499,374,372,355,"(218, 374, 0, 499)","(150, 355, 229, 372)"
2414486.jpg,wearing,skirt,282,196,62,0,woman,241,407,60,1,0,3,196,344,408,301,"(62, 344, 0, 196)","(60, 301, 1, 408)"
2390684.jpg,wearing,sweater,148,257,149,109,man,267,385,59,111,0,3,366,297,496,326,"(149, 297, 109, 366)","(59, 326, 111, 496)"
2356387.jpg,sitting on,branch,449,351,51,54,bucket,117,166,333,243,1,3,405,500,409,450,"(51, 500, 54, 405)","(333, 450, 243, 409)"
2322686.jpg,sitting on,platform,35,196,143,1,luggage,19,15,155,53,1,3,197,178,68,174,"(143, 178, 1, 197)","(155, 174, 53, 68)"
2589.jpg,wearing,shirt,53,55,595,263,man,117,74,572,248,0,3,318,648,322,689,"(595, 648, 263, 318)","(572, 689, 248, 322)"
2337319.jpg,wearing,shoes,8,15,185,311,man,76,26,127,297,0,3,326,193,323,203,"(185, 193, 311, 326)","(127, 203, 297, 323)"
2375522.jpg,wearing,glasses,13,44,46,176,lady,328,123,46,221,0,3,220,59,344,374,"(46, 59, 176, 220)","(46, 374, 221, 344)"
2394407.jpg,sitting on,desk,173,488,128,4,keyboard,69,164,175,333,1,3,492,301,497,244,"(128, 301, 4, 492)","(175, 244, 333, 497)"
2358808.jpg,wearing,pants,69,36,258,57,man,103,52,231,59,0,3,93,327,111,334,"(258, 327, 57, 93)","(231, 334, 59, 111)"
2332109.jpg,sitting on,seat,153,360,345,9,dog,485,293,7,80,1,3,369,498,373,492,"(345, 498, 9, 369)","(7, 492, 80, 373)"
2352225.jpg,wearing,shirt,106,44,9,117,man,93,45,21,105,0,3,161,115,150,114,"(9, 115, 117, 161)","(21, 114, 105, 150)"
2382349.jpg,wearing,pants,96,52,110,343,man,192,83,28,326,0,3,395,206,409,220,"(110, 206, 343, 395)","(28, 220, 326, 409)"
2367471.jpg,covering,ground,243,332,254,0,snow,182,212,317,120,0,3,332,497,332,499,"(254, 497, 0, 332)","(317, 499, 120, 332)"
2405742.jpg,sitting on,bench,366,395,8,66,girl,368,361,6,54,1,3,461,374,415,374,"(8, 374, 66, 461)","(6, 374, 54, 415)"
2384796.jpg,flying in,air,16,29,34,243,kite,48,42,61,230,0,3,272,50,272,109,"(34, 50, 243, 272)","(61, 109, 230, 272)"
2365142.jpg,sitting on,beach,118,495,214,4,person,16,10,208,306,1,3,499,332,316,224,"(214, 332, 4, 499)","(208, 224, 306, 316)"
2337251.jpg,wearing,glasses,17,18,144,176,guy,155,137,125,104,0,3,194,161,241,280,"(144, 161, 176, 194)","(125, 280, 104, 241)"
2356099.jpg,sitting on,shelf,8,47,137,235,book,32,7,109,258,1,3,282,145,265,141,"(137, 145, 235, 282)","(109, 141, 258, 265)"
2364130.jpg,sitting on,table,318,347,173,21,banana,267,152,223,195,1,3,368,491,347,490,"(173, 491, 21, 368)","(223, 490, 195, 347)"
2316947.jpg,sitting on,chair,303,316,65,59,woman,210,200,52,137,1,3,375,368,337,262,"(65, 368, 59, 375)","(52, 262, 137, 337)"
2408926.jpg,wearing,helmet,51,39,40,293,snowboarder,287,136,40,239,0,3,332,91,375,327,"(40, 91, 293, 332)","(40, 327, 239, 375)"
2363994.jpg,sitting on,table,178,352,192,147,man,185,130,70,367,1,3,499,370,497,255,"(192, 370, 147, 499)","(70, 255, 367, 497)"
2318913.jpg,sitting on,platform,181,278,153,3,suitcase,63,77,165,24,1,3,281,334,101,228,"(153, 334, 3, 281)","(165, 228, 24, 101)"
1694.jpg,parked on,street,214,796,382,2,car,229,755,181,5,0,3,798,596,760,410,"(382, 596, 2, 798)","(181, 410, 5, 760)"
2392695.jpg,wearing,jacket,81,66,70,383,man,106,77,36,375,0,3,449,151,452,142,"(70, 151, 383, 449)","(36, 142, 375, 452)"
2322403.jpg,sitting on,table,125,243,12,138,glass,103,120,11,188,1,3,381,137,308,114,"(12, 137, 138, 381)","(11, 114, 188, 308)"
2381255.jpg,sitting on,stove,69,168,176,291,pot,47,51,174,305,1,3,459,245,356,221,"(176, 245, 291, 459)","(174, 221, 305, 356)"
2327469.jpg,covering,trashcan,104,78,377,251,bag,24,37,399,246,0,3,329,481,283,423,"(377, 481, 251, 329)","(399, 423, 246, 283)"
2372759.jpg,wearing,shirt,45,55,232,271,boy,92,67,202,271,0,3,326,277,338,294,"(232, 277, 271, 326)","(202, 294, 271, 338)"
2384383.jpg,sitting on,bench,27,361,179,2,man,176,96,83,108,1,3,363,206,204,259,"(179, 206, 2, 363)","(83, 259, 108, 204)"
2317077.jpg,wearing,shirt,182,114,122,133,man,331,152,43,115,0,3,247,304,267,374,"(122, 304, 133, 247)","(43, 374, 115, 267)"
2342735.jpg,eating,pizza,20,45,149,266,boy,203,156,92,250,0,3,311,169,406,295,"(149, 169, 266, 311)","(92, 295, 250, 406)"
2417097.jpg,wearing,shirt,131,107,171,177,man,190,117,141,175,0,3,284,302,292,331,"(171, 302, 177, 284)","(141, 331, 175, 292)"
2324163.jpg,wearing,shorts,45,41,261,316,legs,59,46,262,314,0,3,357,306,360,321,"(261, 306, 316, 357)","(262, 321, 314, 360)"
2403660.jpg,riding,skateboard,58,89,422,193,shoes,52,70,410,192,0,3,282,480,262,462,"(422, 480, 193, 282)","(410, 462, 192, 262)"
2372025.jpg,wearing,vest,104,99,91,192,man,210,55,67,206,0,3,291,195,261,277,"(91, 195, 192, 291)","(67, 277, 206, 261)"
2374999.jpg,sitting on,horse,215,336,158,162,boy,313,151,19,331,1,3,498,373,482,332,"(158, 373, 162, 498)","(19, 332, 331, 482)"
2325938.jpg,mounted on,bus,215,450,87,34,headlight,17,12,243,59,0,3,484,302,71,260,"(87, 302, 34, 484)","(243, 260, 59, 71)"
2396060.jpg,sitting on,curb,33,46,106,232,people,40,39,107,206,1,3,278,139,245,147,"(106, 139, 232, 278)","(107, 147, 206, 245)"
2401398.jpg,flying in,air,293,487,8,3,kite,52,42,148,66,0,3,490,301,108,200,"(8, 301, 3, 490)","(148, 200, 66, 108)"
2376299.jpg,growing on,horse,118,472,210,26,mane,45,156,209,329,0,3,498,328,485,254,"(210, 328, 26, 498)","(209, 254, 329, 485)"
2357166.jpg,sitting on,counter,33,88,457,216,glass,256,120,166,118,1,3,304,490,238,422,"(457, 490, 216, 304)","(166, 422, 118, 238)"
2350372.jpg,wearing,pants,60,46,188,208,person,108,54,154,205,0,3,254,248,259,262,"(188, 248, 208, 254)","(154, 262, 205, 259)"
2400017.jpg,covered in,rocks,147,473,175,4,beach,144,469,178,8,0,3,477,322,477,322,"(175, 322, 4, 477)","(178, 322, 8, 477)"
2402206.jpg,wearing,shirt,47,22,253,246,man,56,62,242,253,0,3,268,300,315,298,"(253, 300, 246, 268)","(242, 298, 253, 315)"
2403149.jpg,sitting on,desk,197,499,177,0,cellphone,46,53,247,422,1,3,499,374,475,293,"(177, 374, 0, 499)","(247, 293, 422, 475)"
2352129.jpg,sitting on,couch,144,231,102,76,boy,135,57,119,166,1,3,307,246,223,254,"(102, 246, 76, 307)","(119, 254, 166, 223)"
2415224.jpg,sitting on,skateboard,41,52,120,321,someone,132,60,1,314,1,3,373,161,374,133,"(120, 161, 321, 373)","(1, 133, 314, 374)"
2351676.jpg,sitting on,bleachers,105,319,3,3,person,42,37,10,176,1,3,322,108,213,52,"(3, 108, 3, 322)","(10, 52, 176, 213)"
2362184.jpg,wearing,glove,60,78,403,205,man,497,250,3,106,0,3,283,463,356,500,"(403, 463, 205, 283)","(3, 500, 106, 356)"
2398627.jpg,sitting on,chair,169,211,162,20,man,316,398,13,38,1,3,231,331,436,329,"(162, 331, 20, 231)","(13, 329, 38, 436)"
2356099.jpg,sitting on,shelf,49,43,138,146,books,39,2,147,151,1,3,189,187,153,186,"(138, 187, 146, 189)","(147, 186, 151, 153)"
2394518.jpg,wearing,top,93,55,130,193,woman,327,271,82,107,0,3,248,223,378,409,"(130, 223, 193, 248)","(82, 409, 107, 378)"
2375623.jpg,sitting on,field,315,497,15,2,lamb,17,24,105,329,1,3,499,330,353,122,"(15, 330, 2, 499)","(105, 122, 329, 353)"
2368487.jpg,covered in,windows,36,80,56,137,building,78,174,40,110,0,3,217,92,284,118,"(56, 92, 137, 217)","(40, 118, 110, 284)"
2329490.jpg,eating,hay,33,457,202,28,zebra,113,133,102,34,0,3,485,235,167,215,"(202, 235, 28, 485)","(102, 215, 34, 167)"
2372388.jpg,wearing,pants,87,77,245,122,man,238,95,93,121,0,3,199,332,216,331,"(245, 332, 122, 199)","(93, 331, 121, 216)"
2390269.jpg,sitting on,table,176,499,102,0,vase,130,46,18,332,1,3,499,278,378,148,"(102, 278, 0, 499)","(18, 148, 332, 378)"
2385573.jpg,sitting on,bench,104,255,373,65,friend,175,186,246,108,1,3,320,477,294,421,"(373, 477, 65, 320)","(246, 421, 108, 294)"
2342286.jpg,covering,ground,262,407,68,3,dirt,261,382,70,5,0,3,410,330,387,331,"(68, 330, 3, 410)","(70, 331, 5, 387)"
2358708.jpg,sitting on,horse,260,249,216,18,woman,430,256,51,28,1,3,267,476,284,481,"(216, 476, 18, 267)","(51, 481, 28, 284)"
2394305.jpg,hanging from,roof,214,498,1,2,light,31,39,65,167,0,3,500,215,206,96,"(1, 215, 2, 500)","(65, 96, 167, 206)"
2388273.jpg,sitting on,ledge,208,373,284,2,woman,366,174,101,164,1,3,375,492,338,467,"(284, 492, 2, 375)","(101, 467, 164, 338)"
2358863.jpg,wearing,top,192,247,50,1,woman,269,275,15,0,0,3,248,242,275,284,"(50, 242, 1, 248)","(15, 284, 0, 275)"
2374610.jpg,sitting on,sidewalk,58,366,235,100,television,77,77,177,289,1,3,466,293,366,254,"(235, 293, 100, 466)","(177, 254, 289, 366)"
2398100.jpg,wearing,helmet,47,51,35,182,policeman,65,57,32,183,0,3,233,82,240,97,"(35, 82, 182, 233)","(32, 97, 183, 240)"
2383584.jpg,wearing,shirt,115,95,51,257,man,318,110,14,243,0,3,352,166,353,332,"(51, 166, 257, 352)","(14, 332, 243, 353)"
2398519.jpg,sitting on,water,19,35,224,287,boat,31,77,197,127,1,3,322,243,204,228,"(224, 243, 287, 322)","(197, 228, 127, 204)"
4074.jpg,sitting on,table,94,100,200,8,phone,26,29,162,36,1,3,108,294,65,188,"(200, 294, 8, 108)","(162, 188, 36, 65)"
2326862.jpg,wearing,jeans,125,96,104,133,woman,237,155,0,133,0,3,229,229,288,237,"(104, 229, 133, 229)","(0, 237, 133, 288)"
2328393.jpg,carrying,bag,52,55,128,192,person,210,80,50,216,0,3,247,180,296,260,"(128, 180, 192, 247)","(50, 260, 216, 296)"
2319827.jpg,sitting on,bench,32,285,104,86,player,102,42,53,310,1,3,371,136,352,155,"(104, 136, 86, 371)","(53, 155, 310, 352)"
2387623.jpg,wearing,belt,24,72,374,297,man,364,208,64,277,0,3,369,398,485,428,"(374, 398, 297, 369)","(64, 428, 277, 485)"
2378691.jpg,sitting on,table,499,307,0,2,vase,484,282,8,14,1,3,309,499,296,492,"(0, 499, 2, 309)","(8, 492, 14, 296)"
2344845.jpg,sitting on,ground,107,473,211,2,woman,100,54,160,445,1,3,475,318,499,260,"(211, 318, 2, 475)","(160, 260, 445, 499)"
2410579.jpg,wearing,shorts,38,73,220,86,woman,361,108,53,72,0,3,159,258,180,414,"(220, 258, 86, 159)","(53, 414, 72, 180)"
2392695.jpg,sitting on,motorcycle,44,51,91,448,guy,93,35,58,465,1,3,499,135,500,151,"(91, 135, 448, 499)","(58, 151, 465, 500)"
2391334.jpg,sitting on,street,201,424,128,74,motorcycle,185,136,132,209,1,3,498,329,345,317,"(128, 329, 74, 498)","(132, 317, 209, 345)"
2405138.jpg,sitting on,dugout,135,337,76,2,player,67,52,141,117,1,3,339,211,169,208,"(76, 211, 2, 339)","(141, 208, 117, 169)"
2377574.jpg,sitting on,laptop,93,99,240,303,cat,199,331,126,53,1,3,402,333,384,325,"(240, 333, 303, 402)","(126, 325, 53, 384)"
2358219.jpg,wearing,outfit,106,85,132,327,girl,163,105,75,308,0,3,412,238,413,238,"(132, 238, 327, 412)","(75, 238, 308, 413)"
2390596.jpg,says,fedex,24,43,31,0,truck,45,57,26,0,0,3,43,55,57,71,"(31, 55, 0, 43)","(26, 71, 0, 57)"
2399305.jpg,sitting on,tarmac,177,483,153,1,airplane,96,430,122,8,1,3,484,330,438,218,"(153, 330, 1, 484)","(122, 218, 8, 438)"
2320750.jpg,mounted on,motorcycle,150,188,180,77,tailpipe,29,44,280,199,0,3,265,330,243,309,"(180, 330, 77, 265)","(280, 309, 199, 243)"
2316961.jpg,wearing,shoes,47,121,357,112,man,308,147,97,106,0,3,233,404,253,405,"(357, 404, 112, 233)","(97, 405, 106, 253)"
2384610.jpg,wearing,shirt,171,116,112,79,man,462,189,13,34,0,3,195,283,223,475,"(112, 283, 79, 195)","(13, 475, 34, 223)"
2412613.jpg,sitting on,benches,25,103,218,376,people,55,103,185,357,1,3,479,243,460,240,"(218, 243, 376, 479)","(185, 240, 357, 460)"
2402548.jpg,sitting on,shelves,126,85,3,414,dishes,21,79,24,420,1,3,499,129,499,45,"(3, 129, 414, 499)","(24, 45, 420, 499)"
2318133.jpg,sitting on,deck,210,328,287,2,people,51,83,258,20,1,3,330,497,103,309,"(287, 497, 2, 330)","(258, 309, 20, 103)"
2356443.jpg,riding,skateboard,19,130,297,209,man,235,120,81,182,0,3,339,316,302,316,"(297, 316, 209, 339)","(81, 316, 182, 302)"
2406117.jpg,carrying,cargo,117,234,99,23,train,178,440,76,22,0,3,257,216,462,254,"(99, 216, 23, 257)","(76, 254, 22, 462)"
2376267.jpg,wearing,shirt,151,103,190,262,boy,259,124,115,255,0,3,365,341,379,374,"(190, 341, 262, 365)","(115, 374, 255, 379)"
2416983.jpg,wearing,helmet,14,67,122,262,men,111,182,119,148,0,3,329,136,330,230,"(122, 136, 262, 329)","(119, 230, 148, 330)"
2345902.jpg,sitting on,ground,116,378,359,19,man,166,165,194,226,1,3,397,475,391,360,"(359, 475, 19, 397)","(194, 360, 226, 391)"
2384681.jpg,sitting on,bar,121,217,289,35,newspaper,56,72,336,216,1,3,252,410,288,392,"(289, 410, 35, 252)","(336, 392, 216, 288)"
2356028.jpg,sitting on,shelves,53,93,264,106,books,41,56,270,149,1,3,199,317,205,311,"(264, 317, 106, 199)","(270, 311, 149, 205)"
3109.jpg,wearing,shirt,14,20,370,89,person,50,24,347,88,0,3,109,384,112,397,"(370, 384, 89, 109)","(347, 397, 88, 112)"
2331530.jpg,growing on,plant,113,62,63,196,leaf,41,38,70,208,0,3,258,176,246,111,"(63, 176, 196, 258)","(70, 111, 208, 246)"
2376698.jpg,wearing,shirt,60,36,146,440,man,153,42,124,436,0,3,476,206,478,277,"(146, 206, 440, 476)","(124, 277, 436, 478)"
2342099.jpg,sitting on,blanket,24,45,276,287,man,53,42,244,289,1,3,332,300,331,297,"(276, 300, 287, 332)","(244, 297, 289, 331)"
2319610.jpg,sitting on,bench,79,192,47,211,person,84,48,41,226,1,3,403,126,274,125,"(47, 126, 211, 403)","(41, 125, 226, 274)"
2397533.jpg,wearing,gloves,86,128,89,200,man,305,402,8,65,0,3,328,175,467,313,"(89, 175, 200, 328)","(8, 313, 65, 467)"
2401880.jpg,sitting on,tray,196,95,2,2,doughnut,65,73,2,1,1,3,97,198,74,67,"(2, 198, 2, 97)","(2, 67, 1, 74)"
2324526.jpg,sitting on,bed,209,498,165,1,sheep,142,143,89,353,1,3,499,374,496,231,"(165, 374, 1, 499)","(89, 231, 353, 496)"
2351770.jpg,watching,sheep,92,65,148,344,dog,97,176,271,323,0,3,409,240,499,368,"(148, 240, 344, 409)","(271, 368, 323, 499)"
1159819.jpg,sitting on,elephant,507,781,211,164,man,197,166,61,590,1,3,945,718,756,258,"(211, 718, 164, 945)","(61, 258, 590, 756)"
2319639.jpg,sitting on,shelf,245,101,129,399,vase,80,47,50,452,1,3,500,374,499,130,"(129, 374, 399, 500)","(50, 130, 452, 499)"
2360066.jpg,wearing,pants,115,77,187,289,woman,218,72,75,296,0,3,366,302,368,293,"(187, 302, 289, 366)","(75, 293, 296, 368)"
2357034.jpg,wearing,jacket,54,120,38,238,man,214,200,13,233,0,3,358,92,433,227,"(38, 92, 238, 358)","(13, 227, 233, 433)"
2374600.jpg,sitting on,table,357,417,100,42,can,162,95,49,94,1,3,459,457,189,211,"(100, 457, 42, 459)","(49, 211, 94, 189)"
2322992.jpg,standing on,slab,75,345,227,154,person,168,130,121,279,0,3,499,302,409,289,"(227, 302, 154, 499)","(121, 289, 279, 409)"
2356641.jpg,covered in,snow,148,473,154,11,ground,71,405,226,46,0,3,484,302,451,297,"(154, 302, 11, 484)","(226, 297, 46, 451)"
3109.jpg,growing on,tree,523,327,2,270,branch,37,69,78,429,0,3,597,525,498,115,"(2, 525, 270, 597)","(78, 115, 429, 498)"
2334010.jpg,sitting on,bench,235,422,22,76,person,90,158,18,49,1,3,498,257,207,108,"(22, 257, 76, 498)","(18, 108, 49, 207)"
2318570.jpg,wearing,glasses,10,15,242,67,man,45,35,235,68,0,3,82,252,103,280,"(242, 252, 67, 82)","(235, 280, 68, 103)"
2385621.jpg,sitting on,ledge,58,433,230,59,woman,147,88,166,275,1,3,492,288,363,313,"(230, 288, 59, 492)","(166, 313, 275, 363)"
2372081.jpg,sitting on,counter,184,495,312,0,jar,352,88,16,56,1,3,495,496,144,368,"(312, 496, 0, 495)","(16, 368, 56, 144)"
2403491.jpg,wearing,goggles,12,30,81,206,person,231,187,56,164,0,3,236,93,351,287,"(81, 93, 206, 236)","(56, 287, 164, 351)"
2411641.jpg,wearing,shoe,37,35,321,284,man,332,76,31,278,0,3,319,358,354,363,"(321, 358, 284, 319)","(31, 363, 278, 354)"
2332822.jpg,sitting on,snow,103,243,228,40,man,96,156,180,98,1,3,283,331,254,276,"(228, 331, 40, 283)","(180, 276, 98, 254)"
547.jpg,sitting on,shelf,19,78,92,427,book,21,7,77,430,1,3,505,111,437,98,"(92, 111, 427, 505)","(77, 98, 430, 437)"
2412942.jpg,sitting on,sidewalk,17,32,278,380,family,92,87,207,410,1,3,412,295,497,299,"(278, 295, 380, 412)","(207, 299, 410, 497)"
2367307.jpg,sitting on,beach,61,498,312,1,person,13,10,320,68,1,3,499,373,78,333,"(312, 373, 1, 499)","(320, 333, 68, 78)"
2374977.jpg,sitting on,table,265,465,106,4,can,52,27,137,201,1,3,469,371,228,189,"(106, 371, 4, 469)","(137, 189, 201, 228)"
2324003.jpg,wearing,bracelet,15,7,7,51,boy,279,181,7,33,0,3,58,22,214,286,"(7, 22, 51, 58)","(7, 286, 33, 214)"
2382187.jpg,sitting on,bench,40,51,158,21,people,325,476,32,22,1,3,72,198,498,357,"(158, 198, 21, 72)","(32, 357, 22, 498)"
2359825.jpg,wearing,shirt,71,85,44,361,guy,142,114,33,326,0,3,446,115,440,175,"(44, 115, 361, 446)","(33, 175, 326, 440)"
2323817.jpg,sitting on,chair,13,12,35,122,man,62,42,13,126,1,3,134,48,168,75,"(35, 48, 122, 134)","(13, 75, 126, 168)"
2385375.jpg,sitting on,mat,331,499,0,0,keyboard,127,314,0,178,1,3,499,331,492,127,"(0, 331, 0, 499)","(0, 127, 178, 492)"
2365936.jpg,sitting on,counter,497,332,1,0,bowl,62,138,0,0,1,3,332,498,138,62,"(1, 498, 0, 332)","(0, 62, 0, 138)"
2358931.jpg,sitting on,ground,73,123,295,8,bench,89,348,240,70,1,3,131,368,418,329,"(295, 368, 8, 131)","(240, 329, 70, 418)"
2381657.jpg,sitting on,ground,376,450,123,2,box,21,30,116,143,1,3,452,499,173,137,"(123, 499, 2, 452)","(116, 137, 143, 173)"
2391817.jpg,sitting on,desk,375,499,0,1,telephone,83,143,6,150,1,3,500,375,293,89,"(0, 375, 1, 500)","(6, 89, 150, 293)"
2322281.jpg,flying in,air,32,342,7,30,frisbee,56,81,8,170,0,3,372,39,251,64,"(7, 39, 30, 372)","(8, 64, 170, 251)"
2332665.jpg,wearing,pants,46,32,167,136,woman,89,35,124,129,0,3,168,213,164,213,"(167, 213, 136, 168)","(124, 213, 129, 164)"
2369715.jpg,sitting on,counter,55,205,139,58,microwave,24,42,119,209,1,3,263,194,251,143,"(139, 194, 58, 263)","(119, 143, 209, 251)"
2333357.jpg,sitting on,heart,220,415,114,39,bear,136,137,50,185,1,3,454,334,322,186,"(114, 334, 39, 454)","(50, 186, 185, 322)"
2392871.jpg,sitting on,carpet,68,499,264,0,vase,288,147,17,262,1,3,499,332,409,305,"(264, 332, 0, 499)","(17, 305, 262, 409)"
2340342.jpg,sitting on,horse,353,400,146,1,woman,398,149,11,67,1,3,401,499,216,409,"(146, 499, 1, 401)","(11, 409, 67, 216)"
2347722.jpg,wearing,shorts,23,35,140,191,man,57,69,127,172,0,3,226,163,241,184,"(140, 163, 191, 226)","(127, 184, 172, 241)"
2404145.jpg,playing,paddle,69,33,189,76,boy,243,90,131,42,0,3,109,258,132,374,"(189, 258, 76, 109)","(131, 374, 42, 132)"
2391678.jpg,sitting on,paper,235,266,116,174,hotdog,178,206,131,187,1,3,440,351,393,309,"(116, 351, 174, 440)","(131, 309, 187, 393)"
2322434.jpg,hanging from,head,260,397,1,0,string,45,15,171,128,0,3,397,261,143,216,"(1, 261, 0, 397)","(171, 216, 128, 143)"
2402878.jpg,riding,horse,234,95,46,180,man,257,136,2,153,0,3,275,280,289,259,"(46, 280, 180, 275)","(2, 259, 153, 289)"
3296.jpg,mounted on,bench,114,280,426,104,slat,23,273,426,106,0,3,384,540,379,449,"(426, 540, 104, 384)","(426, 449, 106, 379)"
2386369.jpg,sitting on,steps,66,53,182,212,backpack,28,25,218,117,1,3,265,248,142,246,"(182, 248, 212, 265)","(218, 246, 117, 142)"
2330220.jpg,wearing,coat,140,265,299,0,woman,394,301,46,4,0,3,265,439,305,440,"(299, 439, 0, 265)","(46, 440, 4, 305)"
2345394.jpg,wearing,glasses,27,60,46,185,man,345,205,29,61,0,3,245,73,266,374,"(46, 73, 185, 245)","(29, 374, 61, 266)"
1438.jpg,parked on,road,274,440,309,2,car,91,261,492,2,0,3,442,583,263,583,"(309, 583, 2, 442)","(492, 583, 2, 263)"
2321138.jpg,standing on,street,75,330,257,39,person,32,10,238,238,0,3,369,332,248,270,"(257, 332, 39, 369)","(238, 270, 238, 248)"
2374326.jpg,wearing,coat,55,114,272,175,woman,105,114,224,178,0,3,289,327,292,329,"(272, 327, 175, 289)","(224, 329, 178, 292)"
2374208.jpg,sitting on,stove,205,342,293,32,pot,143,147,295,103,1,3,374,498,250,438,"(293, 498, 32, 374)","(295, 438, 103, 250)"
2412126.jpg,covering,ground,150,459,179,14,snow,111,327,217,13,0,3,473,329,340,328,"(179, 329, 14, 473)","(217, 328, 13, 340)"
2327270.jpg,covered in,leaf,13,13,126,358,tree,78,96,101,301,0,3,371,139,397,179,"(126, 139, 358, 371)","(101, 179, 301, 397)"
2398737.jpg,sitting on,stump,105,290,394,17,panda,435,312,61,19,1,3,307,499,331,496,"(394, 499, 17, 307)","(61, 496, 19, 331)"
2381419.jpg,wearing,dress,297,100,203,127,lady,398,136,101,122,0,3,227,500,258,499,"(203, 500, 127, 227)","(101, 499, 122, 258)"
2341866.jpg,sitting on,chair,284,201,213,106,boy,215,114,169,138,1,3,307,497,252,384,"(213, 497, 106, 307)","(169, 384, 138, 252)"
2403779.jpg,sitting on,plate,378,347,75,21,pickle,164,55,224,289,1,3,368,453,344,388,"(75, 453, 21, 368)","(224, 388, 289, 344)"
2409165.jpg,wearing,skirt,26,13,152,123,person,55,20,125,123,0,3,136,178,143,180,"(152, 178, 123, 136)","(125, 180, 123, 143)"
2385398.jpg,wearing,shirt,21,37,276,292,man,159,56,204,275,0,3,329,297,331,363,"(276, 297, 292, 329)","(204, 363, 275, 331)"
2403411.jpg,wearing,pants,104,51,178,21,umpire,114,51,88,19,0,3,72,282,70,202,"(178, 282, 21, 72)","(88, 202, 19, 70)"
2340617.jpg,sitting on,fireplace,210,345,0,0,logs,80,128,59,22,1,3,345,210,150,139,"(0, 210, 0, 345)","(59, 139, 22, 150)"
2324833.jpg,sitting on,motorcycle,265,379,108,3,boy,283,200,82,61,1,3,382,373,261,365,"(108, 373, 3, 382)","(82, 365, 61, 261)"
2325879.jpg,standing on,toes,17,78,463,82,woman,481,215,1,19,0,3,160,480,234,482,"(463, 480, 82, 160)","(1, 482, 19, 234)"
2406682.jpg,sitting on,desk,51,464,406,19,laptop,37,99,417,198,1,3,483,457,297,454,"(406, 457, 19, 483)","(417, 454, 198, 297)"
2389840.jpg,eating,pizza,13,35,154,141,woman,270,202,56,11,0,3,176,167,213,326,"(154, 167, 141, 176)","(56, 326, 11, 213)"
2316952.jpg,wearing,sunglasses,21,61,100,190,dog,252,124,85,129,0,3,251,121,253,337,"(100, 121, 190, 251)","(85, 337, 129, 253)"
2382338.jpg,sitting on,bench,89,391,242,32,man,236,118,93,332,1,3,423,331,450,329,"(242, 331, 32, 423)","(93, 329, 332, 450)"
2359079.jpg,sitting on,ground,53,126,260,170,man,33,54,268,217,1,3,296,313,271,301,"(260, 313, 170, 296)","(268, 301, 217, 271)"
2354848.jpg,sitting on,shelf,25,296,174,40,tag,55,36,133,55,1,3,336,199,91,188,"(174, 199, 40, 336)","(133, 188, 55, 91)"
2388493.jpg,wearing,skates,49,136,386,88,bear,375,205,33,89,0,3,224,435,294,408,"(386, 435, 88, 224)","(33, 408, 89, 294)"
2397833.jpg,wearing,jeans,66,97,210,343,woman,215,133,64,321,0,3,440,276,454,279,"(210, 276, 343, 440)","(64, 279, 321, 454)"
2368050.jpg,sitting on,computer,256,451,118,14,bird,129,105,36,342,1,3,465,374,447,165,"(118, 374, 14, 465)","(36, 165, 342, 447)"
2351926.jpg,sitting on,table,293,497,204,2,mug,202,177,190,305,1,3,499,497,482,392,"(204, 497, 2, 499)","(190, 392, 305, 482)"
2345477.jpg,sitting on,tarmac,215,491,159,2,airplane,59,163,124,129,1,3,493,374,292,183,"(159, 374, 2, 493)","(124, 183, 129, 292)"
2403938.jpg,walking on,sand,123,489,206,5,women,134,492,197,7,0,3,494,329,499,331,"(206, 329, 5, 494)","(197, 331, 7, 499)"
1592636.jpg,sitting on,train,398,863,148,11,woman,202,94,312,13,1,3,874,546,107,514,"(148, 546, 11, 874)","(312, 514, 13, 107)"
2380655.jpg,sitting on,windowsill,24,406,155,92,remote,13,46,151,359,1,3,498,179,405,164,"(155, 179, 92, 498)","(151, 164, 359, 405)"
2366564.jpg,sitting on,bench,123,125,171,374,man,163,159,126,309,1,3,499,294,468,289,"(171, 294, 374, 499)","(126, 289, 309, 468)"
2402291.jpg,wearing,shoe,40,69,459,289,girl,483,332,16,54,0,3,358,499,386,499,"(459, 499, 289, 358)","(16, 499, 54, 386)"
2347478.jpg,wearing,jeans,73,41,166,236,person,134,52,110,228,0,3,277,239,280,244,"(166, 239, 236, 277)","(110, 244, 228, 280)"
771.jpg,mounted on,car,112,161,338,521,wheel,34,24,414,606,0,3,682,450,630,448,"(338, 450, 521, 682)","(414, 448, 606, 630)"
2374203.jpg,sitting on,motorcycle,245,423,87,45,man,258,132,28,225,1,3,468,332,357,286,"(87, 332, 45, 468)","(28, 286, 225, 357)"
2390985.jpg,sitting on,table,138,307,236,191,cans,53,75,262,290,1,3,498,374,365,315,"(236, 374, 191, 498)","(262, 315, 290, 365)"
2408482.jpg,hanging from,pole,60,498,232,1,sign,41,94,271,254,0,3,499,292,348,312,"(232, 292, 1, 499)","(271, 312, 254, 348)"
2357199.jpg,sitting on,building,291,427,73,45,chimney,54,38,43,92,1,3,472,364,130,97,"(73, 364, 45, 472)","(43, 97, 92, 130)"
2353193.jpg,wearing,apron,144,158,229,43,man,370,327,3,16,0,3,201,373,343,373,"(229, 373, 43, 201)","(3, 373, 16, 343)"
2390756.jpg,sitting on,ground,103,489,223,8,airplane,116,354,110,14,1,3,497,326,368,226,"(223, 326, 8, 497)","(110, 226, 14, 368)"
2399102.jpg,sitting on,end,181,104,27,387,tomato,84,100,34,374,1,3,491,208,474,118,"(27, 208, 387, 491)","(34, 118, 374, 474)"
2323091.jpg,sitting on,mantle,45,97,65,63,vases,30,35,42,88,1,3,160,110,123,72,"(65, 110, 63, 160)","(42, 72, 88, 123)"
2347908.jpg,sitting on,napkin,261,87,114,0,knife,119,107,256,1,1,3,87,375,108,375,"(114, 375, 0, 87)","(256, 375, 1, 108)"
2361869.jpg,wearing,shoes,34,91,175,204,man,182,177,29,118,0,3,295,209,295,211,"(175, 209, 204, 295)","(29, 211, 118, 295)"
2401354.jpg,sitting on,table,331,499,1,0,plate,44,179,0,27,1,3,499,332,206,44,"(1, 332, 0, 499)","(0, 44, 27, 206)"
2394862.jpg,wearing,sandal,48,56,341,354,woman,259,134,58,339,0,3,410,389,473,317,"(341, 389, 354, 410)","(58, 317, 339, 473)"
2321268.jpg,wearing,skirt,218,98,220,54,woman,284,89,64,62,0,3,152,438,151,348,"(220, 438, 54, 152)","(64, 348, 62, 151)"
2351057.jpg,sitting on,pizza,136,245,45,14,pepperoni,19,29,125,171,1,3,259,181,200,144,"(45, 181, 14, 259)","(125, 144, 171, 200)"
2393642.jpg,sitting on,runway,29,490,219,4,plane,153,419,62,33,1,3,494,248,452,215,"(219, 248, 4, 494)","(62, 215, 33, 452)"
2411768.jpg,sitting on,box,283,499,90,1,cake,208,237,125,113,1,3,500,373,350,333,"(90, 373, 1, 500)","(125, 333, 113, 350)"
2349717.jpg,sitting on,chair,49,72,305,347,man,159,129,193,305,1,3,419,354,434,352,"(305, 354, 347, 419)","(193, 352, 305, 434)"
2391390.jpg,sitting on,sink,20,82,77,201,faucet,19,22,69,254,1,3,283,97,276,88,"(77, 97, 201, 283)","(69, 88, 254, 276)"
2381968.jpg,wearing,pants,65,72,167,228,man,199,154,41,158,0,3,300,232,312,240,"(167, 232, 228, 300)","(41, 240, 158, 312)"
2350418.jpg,sitting on,shoes,66,303,385,53,cat,143,223,265,149,1,3,356,451,372,408,"(385, 451, 53, 356)","(265, 408, 149, 372)"
2349498.jpg,sitting on,tv,42,53,91,367,cat,20,21,75,384,1,3,420,133,405,95,"(91, 133, 367, 420)","(75, 95, 384, 405)"
2384562.jpg,wearing,sweatpants,96,159,265,91,woman,247,245,127,73,0,3,250,361,318,374,"(265, 361, 91, 250)","(127, 374, 73, 318)"
1662.jpg,sitting on,bookshelf,388,269,115,161,book,75,21,197,215,1,3,430,503,236,272,"(115, 503, 161, 430)","(197, 272, 215, 236)"
2323725.jpg,sitting on,ground,121,498,210,0,boy,129,198,155,247,1,3,498,331,445,284,"(210, 331, 0, 498)","(155, 284, 247, 445)"
2342871.jpg,lying on,ground,217,498,115,1,helmet,20,27,224,90,0,3,499,332,117,244,"(115, 332, 1, 499)","(224, 244, 90, 117)"
2404832.jpg,sitting on,bed,302,468,29,31,box,119,177,130,6,1,3,499,331,183,249,"(29, 331, 31, 499)","(130, 249, 6, 183)"
713588.jpg,sitting on,sidewalk,41,176,295,455,person,75,64,260,448,1,3,631,336,512,335,"(295, 336, 455, 631)","(260, 335, 448, 512)"
2374546.jpg,sitting on,pipe,214,151,39,315,bird,57,70,6,355,1,3,466,253,425,63,"(39, 253, 315, 466)","(6, 63, 355, 425)"
2337303.jpg,sitting on,bench,225,410,147,1,people,300,275,73,106,1,3,411,372,381,373,"(147, 372, 1, 411)","(73, 373, 106, 381)"
2367678.jpg,sitting on,lap,53,96,199,300,laptop,97,131,140,270,1,3,396,252,401,237,"(199, 252, 300, 396)","(140, 237, 270, 401)"
2408561.jpg,sitting on,sink,104,358,163,138,cup,52,28,138,241,1,3,496,267,269,190,"(163, 267, 138, 496)","(138, 190, 241, 269)"
2323249.jpg,wearing,shoe,18,17,299,312,man,110,40,182,297,0,3,329,317,337,292,"(299, 317, 312, 329)","(182, 292, 297, 337)"
2352779.jpg,sitting on,woman,300,130,61,303,purse,35,43,180,354,1,3,433,361,397,215,"(61, 361, 303, 433)","(180, 215, 354, 397)"
2381924.jpg,sitting on,table,50,499,282,0,glass,84,35,204,50,1,3,499,332,85,288,"(282, 332, 0, 499)","(204, 288, 50, 85)"
2393971.jpg,wearing,jeans,45,80,178,308,man,138,89,85,297,0,3,388,223,386,223,"(178, 223, 308, 388)","(85, 223, 297, 386)"
2328427.jpg,sitting on,couch,151,238,167,246,man,169,83,130,221,1,3,484,318,304,299,"(167, 318, 246, 484)","(130, 299, 221, 304)"
2369964.jpg,standing on,island,32,53,261,417,signs,135,100,39,366,0,3,470,293,466,174,"(261, 293, 417, 470)","(39, 174, 366, 466)"
2359288.jpg,sitting on,bench,90,425,240,73,woman,229,185,101,164,1,3,498,330,349,330,"(240, 330, 73, 498)","(101, 330, 164, 349)"
2390018.jpg,parked on,ground,120,499,142,0,truck,248,473,7,21,0,3,499,262,494,255,"(142, 262, 0, 499)","(7, 255, 21, 494)"
2413341.jpg,carrying,guide,40,36,138,157,elephant,111,132,204,132,0,3,193,178,264,315,"(138, 178, 157, 193)","(204, 315, 132, 264)"
497990.jpg,sitting on,bench,169,351,446,87,man,279,128,378,137,1,3,438,615,265,657,"(446, 615, 87, 438)","(378, 657, 137, 265)"
382.jpg,sitting on,cabinet,433,222,104,27,crate,75,155,46,79,1,3,249,537,234,121,"(104, 537, 27, 249)","(46, 121, 79, 234)"
2356684.jpg,sitting on,lap,134,212,231,90,child,150,130,117,182,1,3,302,365,312,267,"(231, 365, 90, 302)","(117, 267, 182, 312)"
2354061.jpg,sitting on,table,492,365,1,4,bowl,210,214,289,89,1,3,369,493,303,499,"(1, 493, 4, 369)","(289, 499, 89, 303)"
2371602.jpg,sitting on,monument,466,330,0,2,skateboarder,157,78,215,154,1,3,332,466,232,372,"(0, 466, 2, 332)","(215, 372, 154, 232)"
2363990.jpg,sitting on,floor,100,424,228,72,chair,132,89,133,88,1,3,496,328,177,265,"(228, 328, 72, 496)","(133, 265, 88, 177)"
2371077.jpg,wearing,shirt,37,27,390,195,man,106,41,382,188,0,3,222,427,229,488,"(390, 427, 195, 222)","(382, 488, 188, 229)"
2406388.jpg,sitting on,ground,345,494,0,0,people,28,152,208,141,1,3,494,345,293,236,"(0, 345, 0, 494)","(208, 236, 141, 293)"
2357550.jpg,wearing,pants,114,72,141,310,man,263,121,19,285,0,3,382,255,406,282,"(141, 255, 310, 382)","(19, 282, 285, 406)"
2364209.jpg,sitting on,mountain,374,498,0,0,skier,247,221,126,51,1,3,498,374,272,373,"(0, 374, 0, 498)","(126, 373, 51, 272)"
2399468.jpg,carrying,containers,46,8,165,241,truck,96,208,154,137,0,3,249,211,345,250,"(165, 211, 241, 249)","(154, 250, 137, 345)"
2348163.jpg,sitting on,elephant,323,359,176,15,handler,132,69,79,108,1,3,374,499,177,211,"(176, 499, 15, 374)","(79, 211, 108, 177)"
2330906.jpg,walking on,sidewalk,86,322,400,0,person,44,18,394,67,0,3,322,486,85,438,"(400, 486, 0, 322)","(394, 438, 67, 85)"
2404976.jpg,sitting on,motorcycle,73,73,183,354,woman,81,37,170,383,1,3,427,256,420,251,"(183, 256, 354, 427)","(170, 251, 383, 420)"
2392561.jpg,sitting on,plate,340,495,34,4,sandwich,273,497,24,2,1,3,499,374,499,297,"(34, 374, 4, 499)","(24, 297, 2, 499)"
2353762.jpg,wearing,pants,40,17,196,198,woman,70,28,168,192,0,3,215,236,220,238,"(196, 236, 198, 215)","(168, 238, 192, 220)"
2320446.jpg,sitting on,bench,37,47,20,91,person,36,17,22,118,1,3,138,57,135,58,"(20, 57, 91, 138)","(22, 58, 118, 135)"
2396267.jpg,hanging from,motorcycle,132,241,33,112,helmet,41,38,34,203,0,3,353,165,241,75,"(33, 165, 112, 353)","(34, 75, 203, 241)"
2369056.jpg,sitting on,chair,30,27,243,240,people,57,95,225,249,1,3,267,273,344,282,"(243, 273, 240, 267)","(225, 282, 249, 344)"
2408386.jpg,wearing,shoe,42,62,397,134,man,386,190,54,73,0,3,196,439,263,440,"(397, 439, 134, 196)","(54, 440, 73, 263)"
2376744.jpg,riding,horse,81,40,255,83,man,45,36,212,88,0,3,123,336,124,257,"(255, 336, 83, 123)","(212, 257, 88, 124)"
2341521.jpg,wearing,sneakers,75,79,210,101,man,18,18,260,156,0,3,180,285,174,278,"(210, 285, 101, 180)","(260, 278, 156, 174)"
2361765.jpg,flying in,sky,283,97,0,0,bird,7,14,197,5,0,3,97,283,19,204,"(0, 283, 0, 97)","(197, 204, 5, 19)"
2336715.jpg,growing on,bush,188,157,185,283,leaf,5,8,280,304,0,3,440,373,312,285,"(185, 373, 283, 440)","(280, 285, 304, 312)"
2357137.jpg,sitting on,sidewalk,330,499,0,0,bench,179,288,0,0,1,3,499,330,288,179,"(0, 330, 0, 499)","(0, 179, 0, 288)"
2328930.jpg,sitting on,bench,157,104,124,172,man,107,56,170,184,1,3,276,281,240,277,"(124, 281, 172, 276)","(170, 277, 184, 240)"
2369131.jpg,wearing,vest,127,158,201,5,man,236,138,136,28,0,3,163,328,166,372,"(201, 328, 5, 163)","(136, 372, 28, 166)"
2334812.jpg,hanging from,ring,23,32,149,408,towel,91,40,169,397,0,3,440,172,437,260,"(149, 172, 408, 440)","(169, 260, 397, 437)"
2401520.jpg,sitting on,desk,118,494,255,3,monitor,65,83,188,157,1,3,497,373,240,253,"(255, 373, 3, 497)","(188, 253, 157, 240)"
2398495.jpg,sitting on,floor,109,494,265,2,guy,103,80,125,418,1,3,496,374,498,228,"(265, 374, 2, 496)","(125, 228, 418, 498)"
2386368.jpg,wearing,shoes,32,27,201,103,man,133,126,1,38,0,3,130,233,164,134,"(201, 233, 103, 130)","(1, 134, 38, 164)"
2359109.jpg,sitting on,grass,330,495,2,2,people,304,488,2,10,1,3,497,332,498,306,"(2, 332, 2, 497)","(2, 306, 10, 498)"
2392421.jpg,mounted on,wall,222,248,2,8,photos,76,88,52,108,0,3,256,224,196,128,"(2, 224, 8, 256)","(52, 128, 108, 196)"
2383975.jpg,sitting on,table,91,271,241,160,woman,276,285,49,215,1,3,431,332,500,325,"(241, 332, 160, 431)","(49, 325, 215, 500)"
2341698.jpg,wearing,purse,171,108,91,0,woman,243,124,25,54,0,3,108,262,178,268,"(91, 262, 0, 108)","(25, 268, 54, 178)"
2342229.jpg,wearing,shirt,35,31,205,278,person,80,37,194,273,0,3,309,240,310,274,"(205, 240, 278, 309)","(194, 274, 273, 310)"
2392382.jpg,sitting on,steps,72,179,230,147,man,22,19,233,182,1,3,326,302,201,255,"(230, 302, 147, 326)","(233, 255, 182, 201)"
2335162.jpg,eating,grass,83,492,288,1,horse,227,280,109,36,0,3,493,371,316,336,"(288, 371, 1, 493)","(109, 336, 36, 316)"
2410278.jpg,wearing,pants,92,62,282,370,man,213,168,161,264,0,3,432,374,432,374,"(282, 374, 370, 432)","(161, 374, 264, 432)"
2405687.jpg,sitting on,grass,93,148,160,81,person,22,25,189,172,1,3,229,253,197,211,"(160, 253, 81, 229)","(189, 211, 172, 197)"
2333104.jpg,sitting on,counter,81,490,171,6,plate,19,40,193,22,1,3,496,252,62,212,"(171, 252, 6, 496)","(193, 212, 22, 62)"
2364040.jpg,sitting on,fence,101,493,231,6,cat,170,216,81,254,1,3,499,332,470,251,"(231, 332, 6, 499)","(81, 251, 254, 470)"
1592107.jpg,wearing,jacket,267,172,333,23,man,542,172,222,35,0,3,195,600,207,764,"(333, 600, 23, 195)","(222, 764, 35, 207)"
2380537.jpg,wearing,coat,33,70,163,162,person,54,73,142,157,0,3,232,196,230,196,"(163, 196, 162, 232)","(142, 196, 157, 230)"
2376132.jpg,wearing,shorts,155,112,345,0,player,473,287,26,2,0,3,112,500,289,499,"(345, 500, 0, 112)","(26, 499, 2, 289)"
2367369.jpg,sitting on,bed,225,424,274,48,child,162,92,217,339,1,3,472,499,431,379,"(274, 499, 48, 472)","(217, 379, 339, 431)"
2401302.jpg,sitting on,bench,258,349,152,23,woman,443,189,46,184,1,3,372,410,373,489,"(152, 410, 23, 372)","(46, 489, 184, 373)"
2343380.jpg,wearing,sandals,23,32,351,90,man,182,120,195,56,0,3,122,374,176,377,"(351, 374, 90, 122)","(195, 377, 56, 176)"
2388054.jpg,sitting on,lawn,121,140,262,280,sign,60,103,186,318,1,3,420,383,421,246,"(262, 383, 280, 420)","(186, 246, 318, 421)"
2380035.jpg,sitting on,table,247,332,253,1,pan,235,332,262,0,1,3,333,500,332,497,"(253, 500, 1, 333)","(262, 497, 0, 332)"
2394800.jpg,sitting on,beach,38,498,226,1,people,18,75,235,425,1,3,499,264,500,253,"(226, 264, 1, 499)","(235, 253, 425, 500)"
2397838.jpg,sitting on,table,172,281,311,136,cat,101,76,246,154,1,3,417,483,230,347,"(311, 483, 136, 417)","(246, 347, 154, 230)"
2381460.jpg,wearing,tie,141,32,195,364,man,268,147,105,339,0,3,396,336,486,373,"(195, 336, 364, 396)","(105, 373, 339, 486)"
2405727.jpg,sitting on,bike,44,27,241,249,person,63,17,215,256,1,3,276,285,273,278,"(241, 285, 249, 276)","(215, 278, 256, 273)"
2355360.jpg,sitting on,table,61,499,267,1,bottle,265,77,33,57,1,3,500,328,134,298,"(267, 328, 1, 500)","(33, 298, 57, 134)"
2366382.jpg,wearing,shirt,79,74,104,373,man,223,81,67,376,0,3,447,183,457,290,"(104, 183, 373, 447)","(67, 290, 376, 457)"
2402252.jpg,wearing,skis,25,105,249,153,child,146,50,101,210,0,3,258,274,260,247,"(249, 274, 153, 258)","(101, 247, 210, 260)"
150552.jpg,wearing,shirt,93,96,660,248,man,122,111,634,248,0,3,344,753,359,756,"(660, 753, 248, 344)","(634, 756, 248, 359)"
2396773.jpg,wearing,glasses,7,16,5,253,woman,38,52,1,233,0,3,269,12,285,39,"(5, 12, 253, 269)","(1, 39, 233, 285)"
713374.jpg,sitting on,desk,695,1273,261,5,spoon,216,90,594,722,1,3,1278,956,812,810,"(261, 956, 5, 1278)","(594, 810, 722, 812)"
2379381.jpg,sitting on,table,311,500,21,0,plate,296,499,36,0,1,3,500,332,499,332,"(21, 332, 0, 500)","(36, 332, 0, 499)"
2320545.jpg,sitting on,trunk,163,492,169,3,bird,96,161,131,73,1,3,495,332,234,227,"(169, 332, 3, 495)","(131, 227, 73, 234)"
2395479.jpg,wearing,hat,45,46,100,43,person,190,101,106,17,0,3,89,145,118,296,"(100, 145, 43, 89)","(106, 296, 17, 118)"
2320856.jpg,wearing,glasses,13,48,44,138,man,265,240,16,78,0,3,186,57,318,281,"(44, 57, 138, 186)","(16, 281, 78, 318)"
2382284.jpg,wearing,bracelets,14,23,182,33,girl,383,233,37,24,0,3,56,196,257,420,"(182, 196, 33, 56)","(37, 420, 24, 257)"
2372402.jpg,wearing,hat,63,39,168,272,boy,330,222,127,151,0,3,311,231,373,457,"(168, 231, 272, 311)","(127, 457, 151, 373)"
2413449.jpg,sitting on,floor,91,417,283,22,fan,33,72,341,401,1,3,439,374,473,374,"(283, 374, 22, 439)","(341, 374, 401, 473)"
2341765.jpg,sitting on,ground,115,498,216,0,plane,33,90,199,149,1,3,498,331,239,232,"(216, 331, 0, 498)","(199, 232, 149, 239)"
2409847.jpg,sitting on,counter,499,373,0,1,bowl,237,252,219,77,1,3,374,499,329,456,"(0, 499, 1, 374)","(219, 456, 77, 329)"
2375434.jpg,flying in,sky,330,499,1,0,bird,59,251,112,177,0,3,499,331,428,171,"(1, 331, 0, 499)","(112, 171, 177, 428)"
1160048.jpg,wearing,tie,273,48,321,777,man,480,325,175,644,0,3,825,594,969,655,"(321, 594, 777, 825)","(175, 655, 644, 969)"
2391901.jpg,wearing,boot,40,27,240,362,woman,166,96,117,358,0,3,389,280,454,283,"(240, 280, 362, 389)","(117, 283, 358, 454)"
2351332.jpg,sitting on,bench,103,324,213,61,man,197,73,111,262,1,3,385,316,335,308,"(213, 316, 61, 385)","(111, 308, 262, 335)"
2338535.jpg,sitting on,dashboard,122,296,252,202,dog,169,100,128,183,1,3,498,374,283,297,"(252, 374, 202, 498)","(128, 297, 183, 283)"
2368620.jpg,wearing,shirt,45,65,27,236,man,104,90,15,229,0,3,301,72,319,119,"(27, 72, 236, 301)","(15, 119, 229, 319)"
2391853.jpg,sitting on,bench,168,487,69,8,woman,305,169,12,37,1,3,495,237,206,317,"(69, 237, 8, 495)","(12, 317, 37, 206)"
2317644.jpg,wearing,collar,43,13,280,159,dog,137,182,235,27,0,3,172,323,209,372,"(280, 323, 159, 172)","(235, 372, 27, 209)"
2321966.jpg,playing,game,217,338,85,45,people,323,449,8,13,0,3,383,302,462,331,"(85, 302, 45, 383)","(8, 331, 13, 462)"
2359133.jpg,hanging from,pole,90,16,83,245,banner,32,42,117,247,0,3,261,173,289,149,"(83, 173, 245, 261)","(117, 149, 247, 289)"
2411088.jpg,wearing,t-shirt,130,84,207,113,man,298,145,175,60,0,3,197,337,205,473,"(207, 337, 113, 197)","(175, 473, 60, 205)"
2348191.jpg,sitting on,counter,148,261,241,0,glass,37,30,334,21,1,3,261,389,51,371,"(241, 389, 0, 261)","(334, 371, 21, 51)"
1593126.jpg,wearing,shoes,52,110,408,405,girl,221,90,185,288,0,3,515,460,378,406,"(408, 460, 405, 515)","(185, 406, 288, 378)"
2394261.jpg,wearing,helmet,70,53,30,263,man,212,203,28,199,0,3,316,100,402,240,"(30, 100, 263, 316)","(28, 240, 199, 402)"
2335666.jpg,sitting on,shelf,118,447,234,28,bottle,262,133,17,306,1,3,475,352,439,279,"(234, 352, 28, 475)","(17, 279, 306, 439)"
2364813.jpg,eating,grass,67,367,242,109,zebra,162,270,80,94,0,3,476,309,364,242,"(242, 309, 109, 476)","(80, 242, 94, 364)"
2402332.jpg,growing on,sidewalk,372,476,1,23,grass,86,94,288,48,0,3,499,373,142,374,"(1, 373, 23, 499)","(288, 374, 48, 142)"
2323243.jpg,eating,food,10,8,212,353,elephant,98,55,130,312,0,3,361,222,367,228,"(212, 222, 353, 361)","(130, 228, 312, 367)"
2404475.jpg,lying on,table,280,495,51,3,cat,279,384,0,0,0,3,498,331,384,279,"(51, 331, 3, 498)","(0, 279, 0, 384)"
2351985.jpg,wearing,jacket,5,7,285,45,man,17,8,281,45,0,3,52,290,53,298,"(285, 290, 45, 52)","(281, 298, 45, 53)"
2372025.jpg,sitting on,stove,119,81,167,313,pot,20,42,158,352,1,3,394,286,394,178,"(167, 286, 313, 394)","(158, 178, 352, 394)"
2934.jpg,sitting on,sidewalk,20,320,433,2,bench,21,67,414,265,1,3,322,453,332,435,"(433, 453, 2, 322)","(414, 435, 265, 332)"
1159453.jpg,sitting on,bench,40,53,316,781,person,39,20,256,818,1,3,834,356,838,295,"(316, 356, 781, 834)","(256, 295, 818, 838)"
2385749.jpg,wearing,jeans,52,24,268,303,passenger,103,45,216,284,0,3,327,320,329,319,"(268, 320, 303, 327)","(216, 319, 284, 329)"
2393579.jpg,sitting on,ground,353,373,146,1,man,430,198,69,94,1,3,374,499,292,499,"(146, 499, 1, 374)","(69, 499, 94, 292)"
2323396.jpg,wearing,watch,14,25,223,331,man,458,315,4,54,0,3,356,237,369,462,"(223, 237, 331, 356)","(4, 462, 54, 369)"
2371548.jpg,sitting on,shelf,199,349,175,35,book,68,24,215,148,1,3,384,374,172,283,"(175, 374, 35, 384)","(215, 283, 148, 172)"
2345023.jpg,wearing,boots,47,82,393,180,man,290,112,150,154,0,3,262,440,266,440,"(393, 440, 180, 262)","(150, 440, 154, 266)"
2398976.jpg,wearing,necklace,21,26,121,229,woman,199,71,75,208,0,3,255,142,279,274,"(121, 142, 229, 255)","(75, 274, 208, 279)"
2377776.jpg,sitting on,stove,192,100,177,2,pot,70,37,153,2,1,3,102,369,39,223,"(177, 369, 2, 102)","(153, 223, 2, 39)"
2343137.jpg,sitting on,table,50,358,282,140,dog,175,115,155,278,1,3,498,332,393,330,"(282, 332, 140, 498)","(155, 330, 278, 393)"
2348182.jpg,carrying,surfboards,140,236,43,18,men,177,166,17,31,0,3,254,183,197,194,"(43, 183, 18, 254)","(17, 194, 31, 197)"
2397305.jpg,wearing,jacket,60,53,418,92,man,99,49,399,92,0,3,145,478,141,498,"(418, 478, 92, 145)","(399, 498, 92, 141)"
2369221.jpg,wearing,shirt,54,51,168,65,man,143,64,150,56,0,3,116,222,120,293,"(168, 222, 65, 116)","(150, 293, 56, 120)"
2407784.jpg,sitting on,curb,89,499,215,0,man,201,186,108,111,1,3,499,304,297,309,"(215, 304, 0, 499)","(108, 309, 111, 297)"
2356948.jpg,wearing,hat,25,20,102,199,guy,132,75,103,173,0,3,219,127,248,235,"(102, 127, 199, 219)","(103, 235, 173, 248)"
2339091.jpg,mounted on,plane,218,489,80,2,wheel,19,19,272,394,0,3,491,298,413,291,"(80, 298, 2, 491)","(272, 291, 394, 413)"
2403864.jpg,wearing,suit,46,20,202,55,person,57,22,194,56,0,3,75,248,78,251,"(202, 248, 55, 75)","(194, 251, 56, 78)"
1069.jpg,sitting on,bench,67,63,236,666,person,127,83,185,512,1,3,729,303,595,312,"(236, 303, 666, 729)","(185, 312, 512, 595)"
2405430.jpg,sitting on,couch,171,200,204,0,man,157,104,217,0,1,3,200,375,104,374,"(204, 375, 0, 200)","(217, 374, 0, 104)"
2412824.jpg,wearing,pants,35,34,119,298,skiier,74,50,86,295,0,3,332,154,345,160,"(119, 154, 298, 332)","(86, 160, 295, 345)"
2346507.jpg,wearing,collar,44,41,70,259,cat,197,227,17,117,0,3,300,114,344,214,"(70, 114, 259, 300)","(17, 214, 117, 344)"
2401063.jpg,wearing,watch,36,18,250,189,guy,224,278,75,87,0,3,207,286,365,299,"(250, 286, 189, 207)","(75, 299, 87, 365)"
4572.jpg,sitting on,shelf,288,110,0,24,container,56,75,72,41,1,3,134,288,116,128,"(0, 288, 24, 134)","(72, 128, 41, 116)"
2417472.jpg,watching,game,224,487,110,9,spectator,51,60,40,374,0,3,496,334,434,91,"(110, 334, 9, 496)","(40, 91, 374, 434)"
2340328.jpg,wearing,shirt,28,36,29,363,woman,58,38,9,364,0,3,399,57,402,67,"(29, 57, 363, 399)","(9, 67, 364, 402)"
2347398.jpg,sitting on,ground,223,490,148,9,man,42,39,49,375,1,3,499,371,414,91,"(148, 371, 9, 499)","(49, 91, 375, 414)"
2389827.jpg,sitting on,bike,68,116,203,296,lady,53,31,194,311,1,3,412,271,342,247,"(203, 271, 296, 412)","(194, 247, 311, 342)"
2374619.jpg,sitting on,counter,81,146,293,227,appliance,109,53,203,321,1,3,373,374,374,312,"(293, 374, 227, 373)","(203, 312, 321, 374)"
2347496.jpg,sitting on,chair,106,144,268,340,person,145,121,230,263,1,3,484,374,384,375,"(268, 374, 340, 484)","(230, 375, 263, 384)"
2354885.jpg,wearing,glove,35,45,198,231,man,293,267,40,163,0,3,276,233,430,333,"(198, 233, 231, 276)","(40, 333, 163, 430)"
2364939.jpg,sitting on,bus,242,345,130,153,passenger,45,33,222,400,1,3,498,372,433,267,"(130, 372, 153, 498)","(222, 267, 400, 433)"
2345032.jpg,sitting on,rack,37,63,220,418,rim,7,9,238,450,1,3,481,257,459,245,"(220, 257, 418, 481)","(238, 245, 450, 459)"
2399720.jpg,sitting on,table,27,103,346,140,softdrink,63,22,298,199,1,3,243,373,221,361,"(346, 373, 140, 243)","(298, 361, 199, 221)"
2336921.jpg,wearing,pants,90,57,181,384,boy,178,100,96,368,0,3,441,271,468,274,"(181, 271, 384, 441)","(96, 274, 368, 468)"
2400820.jpg,sitting on,deck,7,24,188,209,person,33,30,199,37,1,3,233,195,67,232,"(188, 195, 209, 233)","(199, 232, 37, 67)"
2381569.jpg,wearing,shoe,11,55,322,271,man,316,129,15,275,0,3,326,333,404,331,"(322, 333, 271, 326)","(15, 331, 275, 404)"
285638.jpg,sitting on,table,318,587,1,207,fabric,414,596,114,11,1,3,794,319,607,528,"(1, 319, 207, 794)","(114, 528, 11, 607)"
2382751.jpg,sitting on,branch,122,224,210,179,bird,294,133,23,162,1,3,403,332,295,317,"(210, 332, 179, 403)","(23, 317, 162, 295)"
2393033.jpg,wearing,jacket,171,174,151,104,lady,384,209,94,74,0,3,278,322,283,478,"(151, 322, 104, 278)","(94, 478, 74, 283)"
2407372.jpg,riding,skateboard,22,46,228,432,girl,122,56,122,409,0,3,478,250,465,244,"(228, 250, 432, 478)","(122, 244, 409, 465)"
2343031.jpg,wearing,jeans,78,54,179,167,man,178,100,92,162,0,3,221,257,262,270,"(179, 257, 167, 221)","(92, 270, 162, 262)"
2401971.jpg,sitting on,plate,272,493,85,3,pizza,258,474,79,6,1,3,496,357,480,337,"(85, 357, 3, 496)","(79, 337, 6, 480)"
2335797.jpg,wearing,socks,40,112,456,179,baby,317,297,181,3,0,3,291,496,300,498,"(456, 496, 179, 291)","(181, 498, 3, 300)"
2406225.jpg,wearing,helmet,10,8,144,148,snowboarder,68,38,118,145,0,3,156,154,183,186,"(144, 154, 148, 156)","(118, 186, 145, 183)"
2355755.jpg,wearing,shoes,27,37,322,322,man,116,86,235,323,0,3,359,349,409,351,"(322, 349, 322, 359)","(235, 351, 323, 409)"
2344832.jpg,sitting on,gantry,30,164,232,166,plane,49,97,207,225,1,3,330,262,322,256,"(232, 262, 166, 330)","(207, 256, 225, 322)"
2325718.jpg,hanging from,hook,34,18,46,16,banana,35,33,70,6,0,3,34,80,39,105,"(46, 80, 16, 34)","(70, 105, 6, 39)"
2349242.jpg,sitting on,elephant,255,490,74,3,man,52,37,20,344,1,3,493,329,381,72,"(74, 329, 3, 493)","(20, 72, 344, 381)"
2384266.jpg,sitting on,table,256,498,109,1,jug,105,43,85,299,1,3,499,365,342,190,"(109, 365, 1, 499)","(85, 190, 299, 342)"
2343372.jpg,wearing,sweater,137,85,91,96,skateboarder,341,122,62,95,0,3,181,228,217,403,"(91, 228, 96, 181)","(62, 403, 95, 217)"
2402105.jpg,riding,skateboard,58,114,224,259,girl,249,81,41,271,0,3,373,282,352,290,"(224, 282, 259, 373)","(41, 290, 271, 352)"
2416201.jpg,sitting on,couch,227,492,112,2,girl,162,127,51,19,1,3,494,339,146,213,"(112, 339, 2, 494)","(51, 213, 19, 146)"
2350798.jpg,sitting on,ground,118,494,155,6,plane,238,480,0,1,1,3,500,273,481,238,"(155, 273, 6, 500)","(0, 238, 1, 481)"
2356099.jpg,sitting on,shelf,9,43,179,146,book,36,4,147,153,1,3,189,188,157,183,"(179, 188, 146, 189)","(147, 183, 153, 157)"
2348367.jpg,carrying,suitcase,57,43,163,379,person,126,60,69,334,0,3,422,220,394,195,"(163, 220, 379, 422)","(69, 195, 334, 394)"
2416177.jpg,sitting on,plate,104,233,30,126,food,130,120,0,182,1,3,359,134,302,130,"(30, 134, 126, 359)","(0, 130, 182, 302)"
2346113.jpg,sitting on,rock,119,170,145,313,bear,180,184,94,304,1,3,483,264,488,274,"(145, 264, 313, 483)","(94, 274, 304, 488)"
2389531.jpg,wearing,necklace,24,12,212,265,woman,152,93,142,234,0,3,277,236,327,294,"(212, 236, 265, 277)","(142, 294, 234, 327)"
2404446.jpg,covered in,snow,28,35,175,309,ground,65,67,204,407,0,3,344,203,474,269,"(175, 203, 309, 344)","(204, 269, 407, 474)"
2358061.jpg,wearing,socks,37,25,326,170,man,297,133,93,71,0,3,195,363,204,390,"(326, 363, 170, 195)","(93, 390, 71, 204)"
2316258.jpg,wearing,glasses,30,49,104,332,woman,160,137,75,281,0,3,381,134,418,235,"(104, 134, 332, 381)","(75, 235, 281, 418)"
2394472.jpg,eating,cake,59,83,441,176,woman,431,373,22,1,0,3,259,500,374,453,"(441, 500, 176, 259)","(22, 453, 1, 374)"
2410312.jpg,wearing,top,167,202,206,179,girl,345,306,30,124,0,3,381,373,430,375,"(206, 373, 179, 381)","(30, 375, 124, 430)"
2410776.jpg,wearing,sock,18,22,269,287,man,210,155,94,259,0,3,309,287,414,304,"(269, 287, 287, 309)","(94, 304, 259, 414)"
2408748.jpg,using,tail,43,27,203,375,giraffe,105,124,174,376,0,3,402,246,500,279,"(203, 246, 375, 402)","(174, 279, 376, 500)"
2358947.jpg,sitting on,ground,230,498,106,1,animals,28,37,145,304,1,3,499,336,341,173,"(106, 336, 1, 499)","(145, 173, 304, 341)"
2386584.jpg,sitting on,bench,234,463,97,3,pelican,230,135,93,212,1,3,466,331,347,323,"(97, 331, 3, 466)","(93, 323, 212, 347)"
2363851.jpg,sitting on,counter,495,332,2,0,cup,133,82,154,15,1,3,332,497,97,287,"(2, 497, 0, 332)","(154, 287, 15, 97)"
2366850.jpg,wearing,sneakers,49,75,237,4,person,283,153,0,0,0,3,79,286,153,283,"(237, 286, 4, 79)","(0, 283, 0, 153)"
2408257.jpg,wearing,glasses,22,38,111,416,man,298,151,76,349,0,3,454,133,500,374,"(111, 133, 416, 454)","(76, 374, 349, 500)"
2336285.jpg,sitting on,bench,99,52,232,286,girl,66,50,177,313,1,3,338,331,363,243,"(232, 331, 286, 338)","(177, 243, 313, 363)"
2376614.jpg,riding,motorcycle,149,126,142,373,man,206,52,52,373,0,3,499,291,425,258,"(142, 291, 373, 499)","(52, 258, 373, 425)"
2382420.jpg,sitting on,ramp,72,158,388,265,kid,39,49,397,355,1,3,423,460,404,436,"(388, 460, 265, 423)","(397, 436, 355, 404)"
2394788.jpg,sitting on,couch,57,127,275,372,man,70,105,249,394,1,3,499,332,499,319,"(275, 332, 372, 499)","(249, 319, 394, 499)"
2392432.jpg,wearing,toga,133,66,139,41,man,198,93,89,19,0,3,107,272,112,287,"(139, 272, 41, 107)","(89, 287, 19, 112)"
2340103.jpg,sitting on,ground,152,209,170,58,stool,61,59,219,148,1,3,267,322,207,280,"(170, 322, 58, 267)","(219, 280, 148, 207)"
2402271.jpg,wearing,sandals,12,23,247,115,woman,162,83,99,66,0,3,138,259,149,261,"(247, 259, 115, 138)","(99, 261, 66, 149)"
2323747.jpg,sitting on,grass,71,149,231,334,motorcycle,238,205,27,132,1,3,483,302,337,265,"(231, 302, 334, 483)","(27, 265, 132, 337)"
2372420.jpg,sitting on,couch,137,260,59,74,woman,161,131,20,204,1,3,334,196,335,181,"(59, 196, 74, 334)","(20, 181, 204, 335)"
2388314.jpg,sitting on,couch,275,451,99,47,man,282,369,59,1,1,3,498,374,370,341,"(99, 374, 47, 498)","(59, 341, 1, 370)"
2318881.jpg,walking on,sidewalk,104,42,188,292,woman,67,44,249,52,0,3,334,292,96,316,"(188, 292, 292, 334)","(249, 316, 52, 96)"
2347496.jpg,sitting on,couch,151,246,169,215,woman,113,114,171,338,1,3,461,320,452,284,"(169, 320, 215, 461)","(171, 284, 338, 452)"
2398086.jpg,sitting on,bleacher,41,500,84,0,fans,124,500,0,0,1,3,500,125,500,124,"(84, 125, 0, 500)","(0, 124, 0, 500)"
2316426.jpg,wearing,pants,87,33,328,31,man,192,53,246,24,0,3,64,415,77,438,"(328, 415, 31, 64)","(246, 438, 24, 77)"
2376032.jpg,wearing,jeans,44,32,175,269,man,120,44,106,262,0,3,301,219,306,226,"(175, 219, 269, 301)","(106, 226, 262, 306)"
2388945.jpg,wearing,towel,320,232,37,151,child,322,297,33,145,0,3,383,357,442,355,"(37, 357, 151, 383)","(33, 355, 145, 442)"
2357307.jpg,sitting on,couch,84,234,185,189,guy,155,88,135,192,1,3,423,269,280,290,"(185, 269, 189, 423)","(135, 290, 192, 280)"
2391779.jpg,sitting on,couch,390,378,109,62,boy,347,166,151,246,1,3,440,499,412,498,"(109, 499, 62, 440)","(151, 498, 246, 412)"
2343203.jpg,sitting on,table,293,365,206,1,plates,266,362,230,3,1,3,366,499,365,496,"(206, 499, 1, 366)","(230, 496, 3, 365)"
2387285.jpg,sitting on,couch,318,491,5,9,cat,200,406,99,32,1,3,500,323,438,299,"(5, 323, 9, 500)","(99, 299, 32, 438)"
2336418.jpg,covered in,snow,176,498,198,1,ground,174,498,200,1,0,3,499,374,499,374,"(198, 374, 1, 499)","(200, 374, 1, 499)"
2411596.jpg,sitting on,plate,374,498,0,1,bagel,322,397,30,103,1,3,499,374,500,352,"(0, 374, 1, 499)","(30, 352, 103, 500)"
2410970.jpg,wearing,shirt,56,73,168,340,boy,192,124,136,294,0,3,413,224,418,328,"(168, 224, 340, 413)","(136, 328, 294, 418)"
2406602.jpg,riding,skateboard,40,61,409,129,girl,355,88,61,127,0,3,190,449,215,416,"(409, 449, 129, 190)","(61, 416, 127, 215)"
2403624.jpg,wearing,jeans,59,49,310,186,person,138,69,237,183,0,3,235,369,252,375,"(310, 369, 186, 235)","(237, 375, 183, 252)"
2378029.jpg,wearing,shoe,18,15,218,123,player,96,131,140,121,0,3,138,236,252,236,"(218, 236, 123, 138)","(140, 236, 121, 252)"
2405687.jpg,sitting on,grass,93,148,160,81,person,21,19,200,133,1,3,229,253,152,221,"(160, 253, 81, 229)","(200, 221, 133, 152)"
2386751.jpg,sitting on,rock,125,148,207,118,seagull,41,46,182,313,1,3,266,332,359,223,"(207, 332, 118, 266)","(182, 223, 313, 359)"
2321073.jpg,sitting on,bench,179,206,222,132,man,224,174,155,195,1,3,338,401,369,379,"(222, 401, 132, 338)","(155, 379, 195, 369)"
2404566.jpg,wearing,helmet,24,25,71,179,person,146,47,72,164,0,3,204,95,211,218,"(71, 95, 179, 204)","(72, 218, 164, 211)"
2388851.jpg,wearing,costume,353,90,117,330,man,352,90,117,330,0,3,420,470,420,469,"(117, 470, 330, 420)","(117, 469, 330, 420)"
2380757.jpg,wearing,shoes,60,64,409,149,man,447,235,19,8,0,3,213,469,243,466,"(409, 469, 149, 213)","(19, 466, 8, 243)"
2352923.jpg,sitting on,desk,245,497,129,2,glasses,42,61,151,132,1,3,499,374,193,193,"(129, 374, 2, 499)","(151, 193, 132, 193)"
2361177.jpg,wearing,wetsuit,119,57,190,92,surfer,153,60,172,90,0,3,149,309,150,325,"(190, 309, 92, 149)","(172, 325, 90, 150)"
3898.jpg,sitting on,bench,33,69,311,153,people,55,56,288,168,1,3,222,344,224,343,"(311, 344, 153, 222)","(288, 343, 168, 224)"
2359866.jpg,sitting on,concrete,225,493,102,5,bird,112,146,114,271,1,3,498,327,417,226,"(102, 327, 5, 498)","(114, 226, 271, 417)"
2387547.jpg,sitting on,bench,110,168,141,206,man,145,95,93,206,1,3,374,251,301,238,"(141, 251, 206, 374)","(93, 238, 206, 301)"
2416658.jpg,sitting on,sofa,332,402,40,0,cat,305,183,0,129,1,3,402,372,312,305,"(40, 372, 0, 402)","(0, 305, 129, 312)"
2376683.jpg,wearing,hat,54,76,5,296,man,156,138,1,259,0,3,372,59,397,157,"(5, 59, 296, 372)","(1, 157, 259, 397)"
2345612.jpg,painted on,road,108,499,230,0,line,27,37,315,145,0,3,499,338,182,342,"(230, 338, 0, 499)","(315, 342, 145, 182)"
2325553.jpg,sitting on,ground,224,331,275,1,rock,38,65,414,147,1,3,332,499,212,452,"(275, 499, 1, 332)","(414, 452, 147, 212)"
2390433.jpg,wearing,uniform,100,55,255,23,catcher,111,65,256,15,0,3,78,355,80,367,"(255, 355, 23, 78)","(256, 367, 15, 80)"
2331861.jpg,wearing,sky,20,50,109,173,this,74,173,52,115,0,3,223,129,288,126,"(109, 129, 173, 223)","(52, 126, 115, 288)"
2398989.jpg,sitting on,sofa,56,154,173,255,divan,20,25,177,258,1,3,409,229,283,197,"(173, 229, 255, 409)","(177, 197, 258, 283)"
2403021.jpg,wearing,ring,11,10,238,260,woman,130,145,200,147,0,3,270,249,292,330,"(238, 249, 260, 270)","(200, 330, 147, 292)"
1682.jpg,sitting on,counter,335,193,263,3,cup,62,34,251,98,1,3,196,598,132,313,"(263, 598, 3, 196)","(251, 313, 98, 132)"
2377103.jpg,flying in,sky,394,371,3,3,kites,277,237,145,90,0,3,374,397,327,422,"(3, 397, 3, 374)","(145, 422, 90, 327)"
2347277.jpg,sitting on,floor,195,328,304,1,box,82,118,379,7,1,3,329,499,125,461,"(304, 499, 1, 329)","(379, 461, 7, 125)"
2414124.jpg,wearing,shirt,194,156,83,56,man,297,218,12,36,0,3,212,277,254,309,"(83, 277, 56, 212)","(12, 309, 36, 254)"
2323312.jpg,sitting on,bench,21,35,112,20,person,35,32,89,20,1,3,55,133,52,124,"(112, 133, 20, 55)","(89, 124, 20, 52)"
2398405.jpg,wearing,boots,126,76,359,230,woman,449,149,36,196,0,3,306,485,345,485,"(359, 485, 230, 306)","(36, 485, 196, 345)"
2379301.jpg,sitting on,bench,36,54,181,279,woman,116,60,133,254,1,3,333,217,314,249,"(181, 217, 279, 333)","(133, 249, 254, 314)"
2385933.jpg,sitting on,scooter,115,97,159,251,boy,122,80,158,268,1,3,348,274,348,280,"(159, 274, 251, 348)","(158, 280, 268, 348)"
2341361.jpg,sitting on,chair,351,288,75,27,cat,80,117,206,83,1,3,315,426,200,286,"(75, 426, 27, 315)","(206, 286, 83, 200)"
2384559.jpg,sitting on,couch,210,316,1,4,woman,394,391,9,16,1,3,320,211,407,403,"(1, 211, 4, 320)","(9, 403, 16, 407)"
2362145.jpg,sitting on,table,85,212,413,151,cup,100,86,393,255,1,3,363,498,341,493,"(413, 498, 151, 363)","(393, 493, 255, 341)"
2416908.jpg,sitting on,bench,70,85,341,267,person,156,122,236,221,1,3,352,411,343,392,"(341, 411, 267, 352)","(236, 392, 221, 343)"
2367924.jpg,sitting on,windowsill,17,473,302,26,glass,52,34,253,429,1,3,499,319,463,305,"(302, 319, 26, 499)","(253, 305, 429, 463)"
2329089.jpg,sitting on,bench,130,199,202,18,man,271,226,59,28,1,3,217,332,254,330,"(202, 332, 18, 217)","(59, 330, 28, 254)"
2408037.jpg,wearing,tags,58,41,224,215,dog,365,486,18,1,0,3,256,282,487,383,"(224, 282, 215, 256)","(18, 383, 1, 487)"
2399307.jpg,sitting on,table,111,464,370,18,cake,30,53,360,356,1,3,482,481,409,390,"(370, 481, 18, 482)","(360, 390, 356, 409)"
2401357.jpg,wearing,jeans,156,93,218,178,woman,340,156,34,144,0,3,271,374,300,374,"(218, 374, 178, 271)","(34, 374, 144, 300)"
2412279.jpg,sitting on,blanket,265,374,232,0,cat,240,151,161,80,1,3,374,497,231,401,"(232, 497, 0, 374)","(161, 401, 80, 231)"
2377574.jpg,sitting on,table,57,29,235,426,earphones,61,41,204,458,1,3,455,292,499,265,"(235, 292, 426, 455)","(204, 265, 458, 499)"
2366251.jpg,sitting on,curb,470,464,16,18,television,231,292,111,80,1,3,482,486,372,342,"(16, 486, 18, 482)","(111, 342, 80, 372)"
2360664.jpg,sitting on,snow,147,495,180,3,woman,158,185,80,169,1,3,498,327,354,238,"(180, 327, 3, 498)","(80, 238, 169, 354)"
2356099.jpg,sitting on,shelf,9,46,186,283,book,36,10,153,311,1,3,329,195,321,189,"(186, 195, 283, 329)","(153, 189, 311, 321)"
2335698.jpg,sitting on,desk,246,404,108,8,object,55,37,129,321,1,3,412,354,358,184,"(108, 354, 8, 412)","(129, 184, 321, 358)"
2346148.jpg,wearing,shirt,81,42,258,89,man,110,57,235,94,0,3,131,339,151,345,"(258, 339, 89, 131)","(235, 345, 94, 151)"
2344963.jpg,walking on,street,40,253,320,163,person,103,47,253,358,0,3,416,360,405,356,"(320, 360, 163, 416)","(253, 356, 358, 405)"
2373489.jpg,sitting on,stand,33,50,84,64,tv,39,60,45,59,1,3,114,117,119,84,"(84, 117, 64, 114)","(45, 84, 59, 119)"
2407986.jpg,wearing,shoes,36,48,253,132,man,233,140,67,145,0,3,180,289,285,300,"(253, 289, 132, 180)","(67, 300, 145, 285)"
2373791.jpg,hanging from,branches,360,497,1,1,leaves,86,122,66,376,0,3,498,361,498,152,"(1, 361, 1, 498)","(66, 152, 376, 498)"
2348548.jpg,wearing,parka,124,83,93,49,skier,300,132,54,22,0,3,132,217,154,354,"(93, 217, 49, 132)","(54, 354, 22, 154)"
2348933.jpg,says,photos,10,29,65,93,sign,13,47,67,89,0,3,122,75,136,80,"(65, 75, 93, 122)","(67, 80, 89, 136)"
2320416.jpg,wearing,hat,42,74,21,91,man,101,91,27,84,0,3,165,63,175,128,"(21, 63, 91, 165)","(27, 128, 84, 175)"
2393031.jpg,sitting on,ground,232,494,252,5,luggage,127,170,268,265,1,3,499,484,435,395,"(252, 484, 5, 499)","(268, 395, 265, 435)"
2384382.jpg,sitting on,plate,247,427,127,41,orange,41,88,154,139,1,3,468,374,227,195,"(127, 374, 41, 468)","(154, 195, 139, 227)"
2370717.jpg,wearing,jacket,35,42,117,265,girl,62,54,100,274,0,3,307,152,328,162,"(117, 152, 265, 307)","(100, 162, 274, 328)"
2358061.jpg,wearing,shirt,116,73,142,118,man,297,133,93,71,0,3,191,258,204,390,"(142, 258, 118, 191)","(93, 390, 71, 204)"
2340366.jpg,sitting on,bench,29,70,94,25,people,39,30,82,31,1,3,95,123,61,121,"(94, 123, 25, 95)","(82, 121, 31, 61)"
2338857.jpg,wearing,dress,82,40,200,72,woman,177,48,152,65,0,3,112,282,113,329,"(200, 282, 72, 112)","(152, 329, 65, 113)"
2327281.jpg,sitting on,fence,62,118,103,357,boy,125,57,92,316,1,3,475,165,373,217,"(103, 165, 357, 475)","(92, 217, 316, 373)"
2395428.jpg,sitting on,grass,207,391,79,1,person,43,30,142,76,1,3,392,286,106,185,"(79, 286, 1, 392)","(142, 185, 76, 106)"
2343659.jpg,wearing,glasses,11,18,96,481,child,136,15,54,483,0,3,499,107,498,190,"(96, 107, 481, 499)","(54, 190, 483, 498)"
285930.jpg,sitting on,table,612,606,0,2,glass,195,147,47,8,1,3,608,612,155,242,"(0, 612, 2, 608)","(47, 242, 8, 155)"
2394584.jpg,sitting on,plate,78,330,280,92,apple,102,118,121,119,1,3,422,358,237,223,"(280, 358, 92, 422)","(121, 223, 119, 237)"
2338101.jpg,sitting on,stove,69,222,80,197,bottle,100,62,1,199,1,3,419,149,261,101,"(80, 149, 197, 419)","(1, 101, 199, 261)"
1159280.jpg,sitting on,structure,134,176,130,691,person,181,115,80,687,1,3,867,264,802,261,"(130, 264, 691, 867)","(80, 261, 687, 802)"
2358003.jpg,carrying,envelope,15,20,206,228,man,76,36,177,214,0,3,248,221,250,253,"(206, 221, 228, 248)","(177, 253, 214, 250)"
2394826.jpg,wearing,jacket,29,29,423,158,woman,67,24,413,160,0,3,187,452,184,480,"(423, 452, 158, 187)","(413, 480, 160, 184)"
2348960.jpg,parked on,road,16,42,96,11,car,41,82,32,284,0,3,53,112,366,73,"(96, 112, 11, 53)","(32, 73, 284, 366)"
2366184.jpg,sitting on,table,198,330,221,3,laptop,64,69,166,177,1,3,333,419,246,230,"(221, 419, 3, 333)","(166, 230, 177, 246)"
2372138.jpg,standing on,post,116,60,258,257,bird,48,49,211,255,0,3,317,374,304,259,"(258, 374, 257, 317)","(211, 259, 255, 304)"
2412135.jpg,wearing,sneaker,11,24,143,233,skater,142,130,10,146,0,3,257,154,276,152,"(143, 154, 233, 257)","(10, 152, 146, 276)"
2409789.jpg,carrying,bag,24,16,351,66,girl,55,55,330,51,0,3,82,375,106,385,"(351, 375, 66, 82)","(330, 385, 51, 106)"
2395314.jpg,hanging from,pole,27,265,49,106,bananas,93,78,207,122,0,3,371,76,200,300,"(49, 76, 106, 371)","(207, 300, 122, 200)"
2375114.jpg,sitting on,branch,18,51,330,117,bird,10,10,323,132,1,3,168,348,142,333,"(330, 348, 117, 168)","(323, 333, 132, 142)"
2342933.jpg,sitting on,floor,64,230,406,100,television,133,212,245,95,1,3,330,470,307,378,"(406, 470, 100, 330)","(245, 378, 95, 307)"
2343802.jpg,sitting on,bench,50,81,127,87,woman,68,38,108,125,1,3,168,177,163,176,"(127, 177, 87, 168)","(108, 176, 125, 163)"
2317122.jpg,sitting on,bench,284,275,216,1,man,453,350,45,23,1,3,276,500,373,498,"(216, 500, 1, 276)","(45, 498, 23, 373)"
2327564.jpg,wearing,shirt,38,46,68,146,man,40,49,50,139,0,3,192,106,188,90,"(68, 106, 146, 192)","(50, 90, 139, 188)"
2397070.jpg,sitting on,bench,160,318,107,88,person,234,133,56,281,1,3,406,267,414,290,"(107, 267, 88, 406)","(56, 290, 281, 414)"
2411136.jpg,sitting on,table,46,162,305,25,doll,79,48,254,71,1,3,187,351,119,333,"(305, 351, 25, 187)","(254, 333, 71, 119)"
2367082.jpg,sitting on,beach,187,456,1,43,cow,83,104,74,182,1,3,499,188,286,157,"(1, 188, 43, 499)","(74, 157, 182, 286)"
2378767.jpg,sitting on,sink,369,488,6,9,holder,42,66,4,96,1,3,497,375,162,46,"(6, 375, 9, 497)","(4, 46, 96, 162)"
2365601.jpg,sitting on,chair,112,64,259,260,boy,302,197,89,91,1,3,324,371,288,391,"(259, 371, 260, 324)","(89, 391, 91, 288)"
2332510.jpg,wearing,jersey,89,70,284,364,boy,115,107,258,347,0,3,434,373,454,373,"(284, 373, 364, 434)","(258, 373, 347, 454)"
4662.jpg,sitting on,table,121,184,186,0,laptop,36,79,232,17,1,3,184,307,96,268,"(186, 307, 0, 184)","(232, 268, 17, 96)"
2400784.jpg,wearing,shirt,105,83,70,416,man,167,83,30,417,0,3,499,175,500,197,"(70, 175, 416, 499)","(30, 197, 417, 500)"
2409467.jpg,sitting on,bench,143,107,356,177,man,107,107,354,150,1,3,284,499,257,461,"(356, 499, 177, 284)","(354, 461, 150, 257)"
2407001.jpg,eating,hen,43,54,124,190,fox,42,53,119,29,0,3,244,167,82,161,"(124, 167, 190, 244)","(119, 161, 29, 82)"
2352522.jpg,sitting on,bus,53,11,50,184,woman,104,48,116,3,1,3,195,103,51,220,"(50, 103, 184, 195)","(116, 220, 3, 51)"
2397043.jpg,sitting on,desk,35,92,121,168,computer,125,104,38,186,1,3,260,156,290,163,"(121, 156, 168, 260)","(38, 163, 186, 290)"
2383873.jpg,sitting on,bed,184,377,180,2,laptop,92,120,161,244,1,3,379,364,364,253,"(180, 364, 2, 379)","(161, 253, 244, 364)"
2410476.jpg,wearing,jeans,66,24,135,76,adult,178,38,25,75,0,3,100,201,113,203,"(135, 201, 76, 100)","(25, 203, 75, 113)"
2326168.jpg,sitting on,floor,110,55,220,128,woman,252,145,76,2,1,3,183,330,147,328,"(220, 330, 128, 183)","(76, 328, 2, 147)"
2375849.jpg,parked on,sidewalk,17,154,260,210,bike,50,22,231,344,0,3,364,277,366,281,"(260, 277, 210, 364)","(231, 281, 344, 366)"
2368659.jpg,sitting on,player,99,68,0,73,player,102,74,0,195,1,3,141,99,269,102,"(0, 99, 73, 141)","(0, 102, 195, 269)"
2409300.jpg,sitting on,blanket,16,65,458,107,person,44,35,421,104,1,3,172,474,139,465,"(458, 474, 107, 172)","(421, 465, 104, 139)"
2371744.jpg,sitting on,table,124,299,244,200,fork,37,49,277,450,1,3,499,368,499,314,"(244, 368, 200, 499)","(277, 314, 450, 499)"
2336467.jpg,standing on,grass,370,498,1,1,cow,30,34,81,465,0,3,499,371,499,111,"(1, 371, 1, 499)","(81, 111, 465, 499)"
2323992.jpg,wearing,jeans,174,193,220,29,guy,362,211,71,30,0,3,222,394,241,433,"(220, 394, 29, 222)","(71, 433, 30, 241)"
2315450.jpg,sitting on,bench,40,86,218,60,people,45,124,183,15,1,3,146,258,139,228,"(218, 258, 60, 146)","(183, 228, 15, 139)"
2378945.jpg,sitting on,sofa,37,104,325,48,pillow,14,25,331,132,1,3,152,362,157,345,"(325, 362, 48, 152)","(331, 345, 132, 157)"
2392607.jpg,sitting on,bus,155,277,118,57,man,29,13,152,288,1,3,334,273,301,181,"(118, 273, 57, 334)","(152, 181, 288, 301)"
2325529.jpg,covering,floor,125,417,203,80,carpet,120,418,205,80,0,3,497,328,498,325,"(203, 328, 80, 497)","(205, 325, 80, 498)"
2375759.jpg,walking on,sidewalk,236,335,74,0,person,179,106,8,226,0,3,335,310,332,187,"(74, 310, 0, 335)","(8, 187, 226, 332)"
2382819.jpg,sitting on,plate,373,499,1,0,mushroom,103,125,0,195,1,3,499,374,320,103,"(1, 374, 0, 499)","(0, 103, 195, 320)"
2366162.jpg,sitting on,table,371,499,1,0,container,256,244,1,0,1,3,499,372,244,257,"(1, 372, 0, 499)","(1, 257, 0, 244)"
2354205.jpg,wearing,jeans,113,112,219,357,man,326,158,7,333,0,3,469,332,491,333,"(219, 332, 357, 469)","(7, 333, 333, 491)"
2380991.jpg,sitting on,bookcase,46,48,196,11,glass,18,13,175,32,1,3,59,242,45,193,"(196, 242, 11, 59)","(175, 193, 32, 45)"
2395000.jpg,sitting on,boat,29,168,262,25,man,42,32,211,156,1,3,193,291,188,253,"(262, 291, 25, 193)","(211, 253, 156, 188)"
2385073.jpg,wearing,ski,163,147,83,339,skier,144,165,34,266,0,3,486,246,431,178,"(83, 246, 339, 486)","(34, 178, 266, 431)"
2381208.jpg,wearing,shoe,20,50,278,347,man,261,83,39,349,0,3,397,298,432,300,"(278, 298, 347, 397)","(39, 300, 349, 432)"
2349829.jpg,sitting on,table,49,130,221,348,vase,50,17,191,370,1,3,478,270,387,241,"(221, 270, 348, 478)","(191, 241, 370, 387)"
2341790.jpg,sitting on,bench,9,10,181,436,person,10,6,177,434,1,3,446,190,440,187,"(181, 190, 436, 446)","(177, 187, 434, 440)"
2378470.jpg,says,stanyan,50,85,368,52,sign,58,84,367,61,0,3,137,418,145,425,"(368, 418, 52, 137)","(367, 425, 61, 145)"
2315578.jpg,sitting on,table,250,485,144,3,jugs,382,373,9,68,1,3,488,394,441,391,"(144, 394, 3, 488)","(9, 391, 68, 441)"
2332044.jpg,wearing,t-shirt,123,162,148,138,child,242,165,57,136,0,3,300,271,301,299,"(148, 271, 138, 300)","(57, 299, 136, 301)"
2322301.jpg,sitting on,bench,32,193,147,0,people,80,139,141,250,1,3,193,179,389,221,"(147, 179, 0, 193)","(141, 221, 250, 389)"
2391512.jpg,wearing,helmet,33,29,134,145,man,153,118,116,93,0,3,174,167,211,269,"(134, 167, 145, 174)","(116, 269, 93, 211)"
2383128.jpg,sitting on,bench,34,83,439,250,lady,49,26,427,251,1,3,333,473,277,476,"(439, 473, 250, 333)","(427, 476, 251, 277)"
2332410.jpg,covering,ground,75,169,298,280,dirt,102,492,263,0,0,3,449,373,492,365,"(298, 373, 280, 449)","(263, 365, 0, 492)"
2399455.jpg,riding,motorcycle,194,291,287,184,man,280,153,208,257,0,3,475,481,410,488,"(287, 481, 184, 475)","(208, 488, 257, 410)"
1159519.jpg,sitting on,trolley,473,942,125,52,people,76,115,294,247,1,3,994,598,362,370,"(125, 598, 52, 994)","(294, 370, 247, 362)"
2337176.jpg,covered in,snow,194,87,3,61,tree,200,78,1,53,0,3,148,197,131,201,"(3, 197, 61, 148)","(1, 201, 53, 131)"
1703.jpg,sitting on,desk,98,250,349,491,monitor,93,68,290,673,1,3,741,447,741,383,"(349, 447, 491, 741)","(290, 383, 673, 741)"
2381700.jpg,sitting on,water,232,492,100,5,boat,31,134,147,352,1,3,497,332,486,178,"(100, 332, 5, 497)","(147, 178, 352, 486)"
2388794.jpg,wearing,snowsuit,171,65,110,265,girl,200,72,94,262,0,3,330,281,334,294,"(110, 281, 265, 330)","(94, 294, 262, 334)"
2395560.jpg,riding,elephant,112,59,188,160,person,65,24,148,166,0,3,219,300,190,213,"(188, 300, 160, 219)","(148, 213, 166, 190)"
2383991.jpg,sitting on,bed,125,389,160,0,woman,149,165,38,98,1,3,389,285,263,187,"(160, 285, 0, 389)","(38, 187, 98, 263)"
2402776.jpg,wearing,blue,102,60,12,172,player,227,111,10,141,0,3,232,114,252,237,"(12, 114, 172, 232)","(10, 237, 141, 252)"
2338194.jpg,sitting on,bench,29,199,182,300,people,81,33,118,463,1,3,499,211,496,199,"(182, 211, 300, 499)","(118, 199, 463, 496)"
2348198.jpg,wearing,sunglasses,10,25,118,146,man,281,100,93,96,0,3,171,128,196,374,"(118, 128, 146, 171)","(93, 374, 96, 196)"
2319457.jpg,sitting on,table,408,330,91,2,vase,152,135,258,85,1,3,332,499,220,410,"(91, 499, 2, 332)","(258, 410, 85, 220)"
2410929.jpg,wearing,shirt,109,135,12,138,man,276,178,1,114,0,3,273,121,292,277,"(12, 121, 138, 273)","(1, 277, 114, 292)"
2407573.jpg,wearing,shirt,95,100,233,350,woman,233,137,141,320,0,3,450,328,457,374,"(233, 328, 350, 450)","(141, 374, 320, 457)"
2396060.jpg,sitting on,bike,191,283,183,34,policeman,285,131,89,71,1,3,317,374,202,374,"(183, 374, 34, 317)","(89, 374, 71, 202)"
2336963.jpg,sitting on,rocker,266,202,111,31,bear,165,109,68,121,1,3,233,377,230,233,"(111, 377, 31, 233)","(68, 233, 121, 230)"
2367195.jpg,wearing,helmet,42,47,42,222,man,220,136,41,168,0,3,269,84,304,261,"(42, 84, 222, 269)","(41, 261, 168, 304)"
2412489.jpg,wearing,socks,28,21,201,185,woman,118,57,130,157,0,3,206,229,214,248,"(201, 229, 185, 206)","(130, 248, 157, 214)"
2358991.jpg,sitting on,plate,56,143,88,116,fork,101,317,97,182,1,3,259,144,499,198,"(88, 144, 116, 259)","(97, 198, 182, 499)"
713234.jpg,sitting on,shelf,18,286,202,11,cups,76,94,143,197,1,3,297,220,291,219,"(202, 220, 11, 297)","(143, 219, 197, 291)"
2349670.jpg,wearing,shirt,102,50,164,334,girl,218,80,113,315,0,3,384,266,395,331,"(164, 266, 334, 384)","(113, 331, 315, 395)"
2390604.jpg,sitting on,table,296,498,78,2,phone,26,55,80,323,1,3,500,374,378,106,"(78, 374, 2, 500)","(80, 106, 323, 378)"
2358386.jpg,sitting on,table,113,331,140,2,can,126,46,116,327,1,3,333,253,373,242,"(140, 253, 2, 333)","(116, 242, 327, 373)"
2368646.jpg,sitting on,counter,68,176,265,0,timer,22,30,311,32,1,3,176,333,62,333,"(265, 333, 0, 176)","(311, 333, 32, 62)"
2401809.jpg,wearing,shirt,155,91,126,254,person,251,225,59,132,0,3,345,281,357,310,"(126, 281, 254, 345)","(59, 310, 132, 357)"
2389374.jpg,wearing,top,22,26,165,232,woman,78,40,157,227,0,3,258,187,267,235,"(165, 187, 232, 258)","(157, 235, 227, 267)"
2365537.jpg,eating,food,19,34,321,49,man,184,115,124,45,0,3,83,340,160,308,"(321, 340, 49, 83)","(124, 308, 45, 160)"
2357209.jpg,walking in,forest,247,425,0,4,person,46,19,168,150,0,3,429,247,169,214,"(0, 247, 4, 429)","(168, 214, 150, 169)"
2359377.jpg,sitting on,table,285,115,22,381,laptop,301,370,1,72,1,3,496,307,442,302,"(22, 307, 381, 496)","(1, 302, 72, 442)"
2343460.jpg,wearing,brace,55,57,388,159,man,109,140,144,174,0,3,216,443,314,253,"(388, 443, 159, 216)","(144, 253, 174, 314)"
2349978.jpg,standing on,ground,37,382,460,0,giraffe,454,341,22,9,0,3,382,497,350,476,"(460, 497, 0, 382)","(22, 476, 9, 350)"
2347959.jpg,wearing,jeans,30,50,7,401,person,36,38,0,403,0,3,451,37,441,36,"(7, 37, 401, 451)","(0, 36, 403, 441)"
2398818.jpg,wearing,shorts,13,24,387,88,woman,49,45,362,80,0,3,112,400,125,411,"(387, 400, 88, 112)","(362, 411, 80, 125)"
2338194.jpg,sitting on,bench,29,199,182,300,people,93,63,110,400,1,3,499,211,463,203,"(182, 211, 300, 499)","(110, 203, 400, 463)"
2347551.jpg,sitting on,bench,120,411,113,64,man,245,155,60,177,1,3,475,233,332,305,"(113, 233, 64, 475)","(60, 305, 177, 332)"
2389075.jpg,sitting on,tray,333,365,42,0,pizza,286,281,44,87,1,3,365,375,368,330,"(42, 375, 0, 365)","(44, 330, 87, 368)"
2383513.jpg,wearing,helmet,47,40,152,104,catcher,131,167,152,56,0,3,144,199,223,283,"(152, 199, 104, 144)","(152, 283, 56, 223)"
2400555.jpg,riding,horses,99,220,135,121,riders,141,151,36,206,0,3,341,234,357,177,"(135, 234, 121, 341)","(36, 177, 206, 357)"
2322071.jpg,sitting on,shelf,75,62,152,21,cans,52,90,110,26,1,3,83,227,116,162,"(152, 227, 21, 83)","(110, 162, 26, 116)"
2402214.jpg,sitting on,paper,220,369,279,0,sandwich,129,167,352,85,1,3,369,499,252,481,"(279, 499, 0, 369)","(352, 481, 85, 252)"
2348481.jpg,wearing,hat,22,25,67,150,person,220,96,67,145,0,3,175,89,241,287,"(67, 89, 150, 175)","(67, 287, 145, 241)"
2366050.jpg,sitting on,beach,62,497,312,2,boat,252,271,84,37,1,3,499,374,308,336,"(312, 374, 2, 499)","(84, 336, 37, 308)"
2406593.jpg,painted on,vase,171,120,138,166,flowers,58,38,184,196,0,3,286,309,234,242,"(138, 309, 166, 286)","(184, 242, 196, 234)"
2395211.jpg,wearing,sandals,15,29,311,434,woman,182,72,147,396,0,3,463,326,468,329,"(311, 326, 434, 463)","(147, 329, 396, 468)"
2317433.jpg,sitting on,snow,232,498,101,2,dog,166,197,140,112,1,3,500,333,309,306,"(101, 333, 2, 500)","(140, 306, 112, 309)"
2326761.jpg,riding,bicycle,252,207,69,130,guy,245,181,45,142,0,3,337,321,323,290,"(69, 321, 130, 337)","(45, 290, 142, 323)"
2338817.jpg,sitting on,bench,150,497,82,2,person,81,119,0,381,1,3,499,232,500,81,"(82, 232, 2, 499)","(0, 81, 381, 500)"
2325611.jpg,sitting on,fence,77,449,132,4,man,53,34,107,319,1,3,453,209,353,160,"(132, 209, 4, 453)","(107, 160, 319, 353)"
2343233.jpg,sitting on,table,249,222,250,150,water,88,33,310,262,1,3,372,499,295,398,"(250, 499, 150, 372)","(310, 398, 262, 295)"
2319634.jpg,wearing,shirt,101,104,105,161,man,255,136,75,151,0,3,265,206,287,330,"(105, 206, 161, 265)","(75, 330, 151, 287)"
2342540.jpg,watching,tv,155,158,15,123,man,282,167,34,0,0,3,281,170,167,316,"(15, 170, 123, 281)","(34, 316, 0, 167)"
2403399.jpg,wearing,shirt,186,217,3,9,man,259,223,5,3,0,3,226,189,226,264,"(3, 189, 9, 226)","(5, 264, 3, 226)"
2412189.jpg,sitting on,platform,76,153,196,346,bench,20,60,196,378,1,3,499,272,438,216,"(196, 272, 346, 499)","(196, 216, 378, 438)"
2368041.jpg,sitting on,wall,39,486,128,13,man,115,44,53,379,1,3,499,167,423,168,"(128, 167, 13, 499)","(53, 168, 379, 423)"
2335416.jpg,sitting on,shelf,340,213,157,4,box,69,149,178,0,1,3,217,497,149,247,"(157, 497, 4, 217)","(178, 247, 0, 149)"
2342859.jpg,sitting on,couch,230,470,133,3,cat,331,345,22,82,1,3,473,363,427,353,"(133, 363, 3, 473)","(22, 353, 82, 427)"
2373953.jpg,sitting on,set,224,115,129,45,stove,159,136,190,44,1,3,160,353,180,349,"(129, 353, 45, 160)","(190, 349, 44, 180)"
2416039.jpg,wearing,helmet,32,52,54,271,batter,272,194,57,194,0,3,323,86,388,329,"(54, 86, 271, 323)","(57, 329, 194, 388)"
2375640.jpg,hanging from,ceiling,92,480,0,1,airplane,15,63,0,15,0,3,481,92,78,15,"(0, 92, 1, 481)","(0, 15, 15, 78)"
2317193.jpg,wearing,skis,49,134,267,209,girl,235,115,90,210,0,3,343,316,325,325,"(267, 316, 209, 343)","(90, 325, 210, 325)"
2410642.jpg,riding,skateboard,16,51,233,404,person,121,56,121,394,0,3,455,249,450,242,"(233, 249, 404, 455)","(121, 242, 394, 450)"
2364077.jpg,wearing,jacket,8,13,138,70,person,22,13,135,70,0,3,83,146,83,157,"(138, 146, 70, 83)","(135, 157, 70, 83)"
2402814.jpg,sitting on,street,228,332,271,0,motorcycle,159,307,261,24,1,3,332,499,331,420,"(271, 499, 0, 332)","(261, 420, 24, 331)"
2326000.jpg,painted on,court,331,249,5,13,line,48,230,246,15,0,3,262,336,245,294,"(5, 336, 13, 262)","(246, 294, 15, 245)"
2337478.jpg,sitting on,table,187,497,149,0,onion,34,30,250,404,1,3,497,336,434,284,"(149, 336, 0, 497)","(250, 284, 404, 434)"
2383367.jpg,sitting on,table,137,306,235,189,cake,43,55,249,370,1,3,495,372,425,292,"(235, 372, 189, 495)","(249, 292, 370, 425)"
2411842.jpg,sitting on,pier,12,310,136,4,people,12,20,131,102,1,3,314,148,122,143,"(136, 148, 4, 314)","(131, 143, 102, 122)"
2356821.jpg,walking on,road,141,499,195,0,sheep,59,339,201,160,0,3,499,336,499,260,"(195, 336, 0, 499)","(201, 260, 160, 499)"
2415362.jpg,sitting on,twig,398,353,101,4,bird,304,126,162,57,1,3,357,499,183,466,"(101, 499, 4, 357)","(162, 466, 57, 183)"
2372374.jpg,eating,grass,90,476,291,8,horse,144,192,219,86,0,3,484,381,278,363,"(291, 381, 8, 484)","(219, 363, 86, 278)"
2415837.jpg,sitting on,bus,164,235,97,159,passenger,27,14,147,285,1,3,394,261,299,174,"(97, 261, 159, 394)","(147, 174, 285, 299)"
2319053.jpg,sitting on,stool,75,68,254,198,lady,159,73,163,201,1,3,266,329,274,322,"(254, 329, 198, 266)","(163, 322, 201, 274)"
971.jpg,sitting on,bench,50,211,465,363,men,146,105,379,455,1,3,574,515,560,525,"(465, 515, 363, 574)","(379, 525, 455, 560)"
1159297.jpg,hanging from,ceiling,162,136,24,326,lights,59,57,154,646,0,3,462,186,703,213,"(24, 186, 326, 462)","(154, 213, 646, 703)"
2354634.jpg,sitting on,table,93,421,239,3,sunglasses,39,49,271,373,1,3,424,332,422,310,"(239, 332, 3, 424)","(271, 310, 373, 422)"
2403308.jpg,sitting on,elephant,309,236,190,23,people,142,122,80,85,1,3,259,499,207,222,"(190, 499, 23, 259)","(80, 222, 85, 207)"
2371487.jpg,sitting on,ocean,301,498,30,2,surfboard,45,355,180,62,1,3,500,331,417,225,"(30, 331, 2, 500)","(180, 225, 62, 417)"
2388821.jpg,hanging from,helmet,43,43,49,222,hair,21,19,70,210,0,3,265,92,229,91,"(49, 92, 222, 265)","(70, 91, 210, 229)"
2354071.jpg,sitting on,pizza,260,294,53,91,olive,31,27,143,200,1,3,385,313,227,174,"(53, 313, 91, 385)","(143, 174, 200, 227)"
2410978.jpg,wearing,hat,13,13,59,219,man,45,25,59,214,0,3,232,72,239,104,"(59, 72, 219, 232)","(59, 104, 214, 239)"
2335996.jpg,sitting on,table,338,461,15,17,food,263,485,82,13,1,3,478,353,498,345,"(15, 353, 17, 478)","(82, 345, 13, 498)"
2352836.jpg,sitting on,pathway,64,468,273,11,people,39,496,285,2,1,3,479,337,498,324,"(273, 337, 11, 479)","(285, 324, 2, 498)"
2321170.jpg,sitting on,ground,26,95,338,95,boy,102,56,289,131,1,3,190,364,187,391,"(338, 364, 95, 190)","(289, 391, 131, 187)"
2388842.jpg,sitting on,steps,206,322,10,175,bananas,214,272,0,1,1,3,497,216,273,214,"(10, 216, 175, 497)","(0, 214, 1, 273)"
2362252.jpg,sitting on,beach,148,499,170,1,man,260,285,27,107,1,3,500,318,392,287,"(170, 318, 1, 500)","(27, 287, 107, 392)"
2371780.jpg,sitting on,couch,103,164,172,292,doll,60,44,172,404,1,3,456,275,448,232,"(172, 275, 292, 456)","(172, 232, 404, 448)"
2346913.jpg,carrying,refrigerator,208,145,106,208,man,228,92,118,133,0,3,353,314,225,346,"(106, 314, 208, 353)","(118, 346, 133, 225)"
2326402.jpg,sitting on,wood,132,240,366,1,book,136,251,266,0,1,3,241,498,251,402,"(366, 498, 1, 241)","(266, 402, 0, 251)"
2334681.jpg,covering,floor,49,122,181,377,rug,92,92,219,407,0,3,499,230,499,311,"(181, 230, 377, 499)","(219, 311, 407, 499)"
2353417.jpg,sitting on,bench,116,414,256,20,kid,211,195,126,126,1,3,434,372,321,337,"(256, 372, 20, 434)","(126, 337, 126, 321)"
351.jpg,sitting on,tray,96,240,53,85,grill,122,238,2,82,1,3,325,149,320,124,"(53, 149, 85, 325)","(2, 124, 82, 320)"
2378755.jpg,wearing,skirt,51,60,118,155,woman,239,94,26,137,0,3,215,169,231,265,"(118, 169, 155, 215)","(26, 265, 137, 231)"
2317712.jpg,walking on,sidewalk,46,326,277,2,man,126,41,176,19,0,3,328,323,60,302,"(277, 323, 2, 328)","(176, 302, 19, 60)"
2376617.jpg,wearing,helmet,58,50,31,152,man,120,66,24,112,0,3,202,89,178,144,"(31, 89, 152, 202)","(24, 144, 112, 178)"
2411443.jpg,wearing,slacks,108,166,391,96,man,456,249,42,79,0,3,262,499,328,498,"(391, 499, 96, 262)","(42, 498, 79, 328)"
2354596.jpg,sitting on,steps,115,147,70,227,woman,36,29,96,283,1,3,374,185,312,132,"(70, 185, 227, 374)","(96, 132, 283, 312)"
2325343.jpg,sitting on,bench,26,43,192,161,person,39,22,199,450,1,3,204,218,472,238,"(192, 218, 161, 204)","(199, 238, 450, 472)"
2375387.jpg,sitting on,bench,80,148,179,13,person,78,24,124,133,1,3,161,259,157,202,"(179, 259, 13, 161)","(124, 202, 133, 157)"
2346536.jpg,sitting on,table,372,498,0,1,food,285,424,34,75,1,3,499,372,499,319,"(0, 372, 1, 499)","(34, 319, 75, 499)"
2408257.jpg,wearing,coat,190,130,129,370,skier,298,151,76,349,0,3,500,319,500,374,"(129, 319, 370, 500)","(76, 374, 349, 500)"
2400748.jpg,sitting on,rock,153,91,143,0,bear,256,269,41,46,1,3,91,296,315,297,"(143, 296, 0, 91)","(41, 297, 46, 315)"
2375025.jpg,wearing,coat,7,4,212,332,man,29,9,205,332,0,3,336,219,341,234,"(212, 219, 332, 336)","(205, 234, 332, 341)"
2406036.jpg,wearing,glove,50,34,97,176,catcher,151,104,109,82,0,3,210,147,186,260,"(97, 147, 176, 210)","(109, 260, 82, 186)"
2406005.jpg,wearing,dress,202,70,122,184,woman,440,95,34,174,0,3,254,324,269,474,"(122, 324, 184, 254)","(34, 474, 174, 269)"
2410602.jpg,eating,grass,32,55,228,107,horse,150,159,109,160,0,3,162,260,319,259,"(228, 260, 107, 162)","(109, 259, 160, 319)"
2396286.jpg,wearing,jacket,81,76,224,224,lady,296,79,168,223,0,3,300,305,302,464,"(224, 305, 224, 300)","(168, 464, 223, 302)"
2367195.jpg,sitting on,motorcycle,165,314,123,83,man,220,136,41,168,1,3,397,288,304,261,"(123, 288, 83, 397)","(41, 261, 168, 304)"
3524.jpg,painted on,road,30,51,551,603,stripes,24,50,567,415,0,3,654,581,465,591,"(551, 581, 603, 654)","(567, 591, 415, 465)"
2411122.jpg,wearing,coat,29,23,349,220,person,30,22,348,221,0,3,243,378,243,378,"(349, 378, 220, 243)","(348, 378, 221, 243)"
1592636.jpg,sitting on,train,450,858,119,14,man,48,44,374,633,1,3,872,569,677,422,"(119, 569, 14, 872)","(374, 422, 633, 677)"
2331423.jpg,wearing,coat,303,396,188,10,boy,472,392,15,16,0,3,406,491,408,487,"(188, 491, 10, 406)","(15, 487, 16, 408)"
2397689.jpg,sitting on,bench,150,413,170,42,people,205,301,54,90,1,3,455,320,391,259,"(170, 320, 42, 455)","(54, 259, 90, 391)"
2351640.jpg,covering,roof,37,49,0,33,snow,15,75,227,298,0,3,82,37,373,242,"(0, 37, 33, 82)","(227, 242, 298, 373)"
2406051.jpg,riding,bicycle,61,101,220,41,man,89,34,188,69,0,3,142,281,103,277,"(220, 281, 41, 142)","(188, 277, 69, 103)"
2390709.jpg,walking in,herd,151,413,89,47,elephant,95,89,143,65,0,3,460,240,154,238,"(89, 240, 47, 460)","(143, 238, 65, 154)"
2324713.jpg,wearing,helmet,92,111,107,108,garfield,210,150,100,126,0,3,219,199,276,310,"(107, 199, 108, 219)","(100, 310, 126, 276)"
2316351.jpg,sitting on,table,234,496,132,2,plate,163,255,194,135,1,3,498,366,390,357,"(132, 366, 2, 498)","(194, 357, 135, 390)"
2375842.jpg,wearing,sweater,42,42,35,4,woman,63,48,13,4,0,3,46,77,52,76,"(35, 77, 4, 46)","(13, 76, 4, 52)"
2408030.jpg,carrying,backpack,58,27,50,16,person,149,59,29,15,0,3,43,108,74,178,"(50, 108, 16, 43)","(29, 178, 15, 74)"
2319994.jpg,wearing,tie,456,173,42,82,man,489,323,3,3,0,3,255,498,326,492,"(42, 498, 82, 255)","(3, 492, 3, 326)"
2388049.jpg,sitting on,stand,86,136,208,338,television,132,204,23,278,1,3,474,294,482,155,"(208, 294, 338, 474)","(23, 155, 278, 482)"
2374634.jpg,sitting on,chair,73,41,188,23,man,186,96,74,19,1,3,64,261,115,260,"(188, 261, 23, 64)","(74, 260, 19, 115)"
1159573.jpg,sitting on,hill,90,1021,56,2,trees,46,43,59,440,1,3,1023,146,483,105,"(56, 146, 2, 1023)","(59, 105, 440, 483)"
713343.jpg,sitting on,sofa,187,196,479,827,man,131,163,417,601,1,3,1023,666,764,548,"(479, 666, 827, 1023)","(417, 548, 601, 764)"
2327863.jpg,sitting on,ground,436,329,62,2,bag,34,46,133,65,1,3,331,498,111,167,"(62, 498, 2, 331)","(133, 167, 65, 111)"
2362636.jpg,sitting on,snow,212,497,53,0,woman,100,115,112,297,1,3,497,265,412,212,"(53, 265, 0, 497)","(112, 212, 297, 412)"
2398143.jpg,painted on,front,176,153,91,14,stripe,10,180,169,14,0,3,167,267,194,179,"(91, 267, 14, 167)","(169, 179, 14, 194)"
2382139.jpg,sitting on,bed,331,499,1,0,boy,245,135,61,143,1,3,499,332,278,306,"(1, 332, 0, 499)","(61, 306, 143, 278)"
1592802.jpg,sitting on,bicycle,473,252,548,3,man,938,330,79,3,1,3,255,1021,333,1017,"(548, 1021, 3, 255)","(79, 1017, 3, 333)"
2315506.jpg,sitting on,bench,35,90,202,31,man,55,37,181,83,1,3,121,237,120,236,"(202, 237, 31, 121)","(181, 236, 83, 120)"
1592336.jpg,sitting on,couch,554,990,210,3,man,590,588,78,1,1,3,993,764,589,668,"(210, 764, 3, 993)","(78, 668, 1, 589)"
2370460.jpg,wearing,shirt,204,67,241,6,man,431,216,8,8,0,3,73,445,224,439,"(241, 445, 6, 73)","(8, 439, 8, 224)"
2337276.jpg,wearing,shoes,14,43,418,220,man,222,123,210,198,0,3,263,432,321,432,"(418, 432, 220, 263)","(210, 432, 198, 321)"
2861.jpg,wearing,dress,76,40,389,683,woman,128,35,371,684,0,3,723,465,719,499,"(389, 465, 683, 723)","(371, 499, 684, 719)"
713775.jpg,sitting on,ground,394,1010,284,7,cup,33,20,379,504,1,3,1017,678,524,412,"(284, 678, 7, 1017)","(379, 412, 504, 524)"
2324751.jpg,parked on,road,24,488,150,6,vehicle,10,26,150,159,0,3,494,174,185,160,"(150, 174, 6, 494)","(150, 160, 159, 185)"
2341667.jpg,sitting on,grass,21,83,249,137,person,19,17,238,159,1,3,220,270,176,257,"(249, 270, 137, 220)","(238, 257, 159, 176)"
2399232.jpg,sitting on,counter,359,486,6,7,plate,286,481,78,11,1,3,493,365,492,364,"(6, 365, 7, 493)","(78, 364, 11, 492)"
2386145.jpg,wearing,pants,58,20,257,35,person,129,25,189,30,0,3,55,315,55,318,"(257, 315, 35, 55)","(189, 318, 30, 55)"
2323747.jpg,sitting on,grass,60,172,265,245,motorcycle,238,202,61,10,1,3,417,325,212,299,"(265, 325, 245, 417)","(61, 299, 10, 212)"
2400656.jpg,wearing,jeans,138,58,28,221,person,170,77,3,212,0,3,279,166,289,173,"(28, 166, 221, 279)","(3, 173, 212, 289)"
2341781.jpg,wearing,shoes,8,10,208,213,woman,68,19,148,207,0,3,223,216,226,216,"(208, 216, 213, 223)","(148, 216, 207, 226)"
2411545.jpg,sitting on,napkin,24,27,184,367,onion,175,162,9,287,1,3,394,208,449,184,"(184, 208, 367, 394)","(9, 184, 287, 449)"
2332860.jpg,sitting on,couch,476,371,22,1,boy,362,225,62,49,1,3,372,498,274,424,"(22, 498, 1, 372)","(62, 424, 49, 274)"
2399472.jpg,sitting on,beach,287,329,213,2,female,16,25,213,134,1,3,331,500,159,229,"(213, 500, 2, 331)","(213, 229, 134, 159)"
2318963.jpg,wearing,shirt,150,121,221,12,woman,259,178,115,0,0,3,133,371,178,374,"(221, 371, 12, 133)","(115, 374, 0, 178)"
2355323.jpg,sitting on,grass,75,495,120,3,man,54,36,82,168,1,3,498,195,204,136,"(120, 195, 3, 498)","(82, 136, 168, 204)"
2366287.jpg,sitting on,table,50,64,230,435,bottle,46,18,209,447,1,3,499,280,465,255,"(230, 280, 435, 499)","(209, 255, 447, 465)"
2395738.jpg,wearing,sunglasses,8,11,203,300,man,25,210,205,111,0,3,311,211,321,230,"(203, 211, 300, 311)","(205, 230, 111, 321)"
2351057.jpg,sitting on,pizza,136,245,45,14,olive,15,19,152,108,1,3,259,181,127,167,"(45, 181, 14, 259)","(152, 167, 108, 127)"
2371433.jpg,wearing,skirt,78,90,282,114,person,337,110,120,109,0,3,204,360,219,457,"(282, 360, 114, 204)","(120, 457, 109, 219)"
2346109.jpg,sitting on,table,36,149,292,0,beer,94,37,234,50,1,3,149,328,87,328,"(292, 328, 0, 149)","(234, 328, 50, 87)"
2366162.jpg,sitting on,table,371,499,1,0,container,244,254,0,244,1,3,499,372,498,244,"(1, 372, 0, 499)","(0, 244, 244, 498)"
1106.jpg,sitting on,floor,58,203,541,186,chair,192,132,380,398,1,3,389,599,530,572,"(541, 599, 186, 389)","(380, 572, 398, 530)"
2353961.jpg,wearing,uniform,128,111,177,87,catcher,147,132,174,88,0,3,198,305,220,321,"(177, 305, 87, 198)","(174, 321, 88, 220)"
2370429.jpg,wearing,glasses,46,57,152,2,woman,329,319,1,1,0,3,59,198,320,330,"(152, 198, 2, 59)","(1, 330, 1, 320)"
1592645.jpg,sitting on,bench,44,52,341,166,travellers,100,132,307,190,1,3,218,385,322,407,"(341, 385, 166, 218)","(307, 407, 190, 322)"
2354198.jpg,wearing,shirt,110,113,145,140,woman,380,164,96,98,0,3,253,255,262,476,"(145, 255, 140, 253)","(96, 476, 98, 262)"
2354139.jpg,walking in,water,278,255,6,63,woman,98,47,185,368,0,3,318,284,415,283,"(6, 284, 63, 318)","(185, 283, 368, 415)"
2342547.jpg,wearing,shirt,58,49,142,270,woman,133,53,121,270,0,3,319,200,323,254,"(142, 200, 270, 319)","(121, 254, 270, 323)"
2379106.jpg,sitting on,bike,59,81,155,219,person,68,40,136,238,1,3,300,214,278,204,"(155, 214, 219, 300)","(136, 204, 238, 278)"
2392626.jpg,sitting on,cushion,178,214,132,235,man,321,289,27,154,1,3,449,310,443,348,"(132, 310, 235, 449)","(27, 348, 154, 443)"
2364666.jpg,walking on,beach,151,374,347,0,person,13,8,351,234,0,3,374,498,242,364,"(347, 498, 0, 374)","(351, 364, 234, 242)"
2377254.jpg,sitting on,couch,225,429,101,70,man,258,146,67,152,1,3,499,326,298,325,"(101, 326, 70, 499)","(67, 325, 152, 298)"
2365936.jpg,sitting on,counter,497,332,1,0,pan,423,333,47,0,1,3,332,498,333,470,"(1, 498, 0, 332)","(47, 470, 0, 333)"
2357578.jpg,wearing,jacket,254,293,164,60,girl,446,302,53,45,0,3,353,418,347,499,"(164, 418, 60, 353)","(53, 499, 45, 347)"
2380263.jpg,sitting on,plate,197,301,133,83,quiche,105,132,174,229,1,3,384,330,361,279,"(133, 330, 83, 384)","(174, 279, 229, 361)"
2403143.jpg,mounted on,sink,97,82,171,44,faucet,25,17,188,45,0,3,126,268,62,213,"(171, 268, 44, 126)","(188, 213, 45, 62)"
2340526.jpg,carrying,backpack,30,37,221,229,man,110,60,204,231,0,3,266,251,291,314,"(221, 251, 229, 266)","(204, 314, 231, 291)"
2402862.jpg,wearing,glasses,12,23,260,97,woman,83,43,236,83,0,3,120,272,126,319,"(260, 272, 97, 120)","(236, 319, 83, 126)"
2337990.jpg,painted on,tail,72,127,69,288,design,49,51,93,352,0,3,415,141,403,142,"(69, 141, 288, 415)","(93, 142, 352, 403)"
2413140.jpg,wearing,hat,58,99,255,158,man,246,232,253,142,0,3,257,313,374,499,"(255, 313, 158, 257)","(253, 499, 142, 374)"
2330438.jpg,sitting on,plate,349,429,9,53,food,244,316,61,88,1,3,482,358,404,305,"(9, 358, 53, 482)","(61, 305, 88, 404)"
2367597.jpg,sitting on,table,128,134,75,204,vegetables,72,113,80,209,1,3,338,203,322,152,"(75, 203, 204, 338)","(80, 152, 209, 322)"
2341311.jpg,sitting on,ground,87,471,244,14,person,10,12,227,302,1,3,485,331,314,237,"(244, 331, 14, 485)","(227, 237, 302, 314)"
498273.jpg,wearing,skirt,131,127,769,458,woman,390,142,591,457,0,3,585,900,599,981,"(769, 900, 458, 585)","(591, 981, 457, 599)"
2335409.jpg,sitting on,ground,121,131,334,166,skateboard,46,53,223,113,1,3,297,455,166,269,"(334, 455, 166, 297)","(223, 269, 113, 166)"
2345482.jpg,mounted on,bus,197,444,111,30,banner,32,59,252,379,0,3,474,308,438,284,"(111, 308, 30, 474)","(252, 284, 379, 438)"
2337474.jpg,wearing,sunglasses,7,20,55,36,person,54,41,40,28,0,3,56,62,69,94,"(55, 62, 36, 56)","(40, 94, 28, 69)"
2395186.jpg,sitting on,sand,27,64,300,53,man,43,44,258,51,1,3,117,327,95,301,"(300, 327, 53, 117)","(258, 301, 51, 95)"
2386437.jpg,sitting on,floor,362,488,133,5,box,94,122,117,3,1,3,493,495,125,211,"(133, 495, 5, 493)","(117, 211, 3, 125)"
713197.jpg,sitting on,desk,360,764,660,2,notebook,61,144,711,97,1,3,766,1020,241,772,"(660, 1020, 2, 766)","(711, 772, 97, 241)"
2409700.jpg,wearing,bracelet,12,21,173,115,woman,314,176,141,7,0,3,136,185,183,455,"(173, 185, 115, 136)","(141, 455, 7, 183)"
2400247.jpg,wearing,dress,129,111,207,54,woman,205,170,160,56,0,3,165,336,226,365,"(207, 336, 54, 165)","(160, 365, 56, 226)"
2335661.jpg,sitting on,chair,63,63,304,244,man,71,70,287,242,1,3,307,367,312,358,"(304, 367, 244, 307)","(287, 358, 242, 312)"
2316364.jpg,wearing,jacket,59,66,91,408,man,94,53,76,417,0,3,474,150,470,170,"(91, 150, 408, 474)","(76, 170, 417, 470)"
2344937.jpg,sitting on,sign,350,235,3,223,bear,136,90,5,256,1,3,458,353,346,141,"(3, 353, 223, 458)","(5, 141, 256, 346)"
2361990.jpg,wearing,goggles,8,21,85,92,woman,187,112,64,18,0,3,113,93,130,251,"(85, 93, 92, 113)","(64, 251, 18, 130)"
2384955.jpg,flying in,air,63,101,72,385,birds,17,80,92,401,0,3,486,135,481,109,"(72, 135, 385, 486)","(92, 109, 401, 481)"
2341938.jpg,sitting on,table,368,494,4,4,candle,22,42,4,292,1,3,498,372,334,26,"(4, 372, 4, 498)","(4, 26, 292, 334)"
2388980.jpg,sitting on,floor,151,246,149,150,stand,72,79,154,284,1,3,396,300,363,226,"(149, 300, 150, 396)","(154, 226, 284, 363)"
2359832.jpg,sitting on,table,120,499,351,0,bottle,202,55,246,351,1,3,499,471,406,448,"(351, 471, 0, 499)","(246, 448, 351, 406)"
2332389.jpg,sitting on,couch,245,497,87,1,man,317,289,14,144,1,3,498,332,433,331,"(87, 332, 1, 498)","(14, 331, 144, 433)"
2342417.jpg,sitting on,chair,282,256,33,139,cat,124,118,127,197,1,3,395,315,315,251,"(33, 315, 139, 395)","(127, 251, 197, 315)"
2407467.jpg,wearing,hat,13,23,56,165,man,155,120,56,84,0,3,188,69,204,211,"(56, 69, 165, 188)","(56, 211, 84, 204)"
2402925.jpg,standing on,beach,97,491,276,9,men,88,287,211,119,0,3,500,373,406,299,"(276, 373, 9, 500)","(211, 299, 119, 406)"
2409109.jpg,wearing,necktie,233,170,141,200,girl,374,495,0,1,0,3,370,374,496,374,"(141, 374, 200, 370)","(0, 374, 1, 496)"
2359248.jpg,sitting on,wall,25,188,259,293,man,60,54,215,326,1,3,481,284,380,275,"(259, 284, 293, 481)","(215, 275, 326, 380)"
2353151.jpg,sitting on,cloth,371,494,2,2,phone,180,110,83,41,1,3,496,373,151,263,"(2, 373, 2, 496)","(83, 263, 41, 151)"
2324757.jpg,sitting on,shelf,9,89,97,0,bear,60,67,1,57,1,3,89,106,124,61,"(97, 106, 0, 89)","(1, 61, 57, 124)"
2375491.jpg,sitting on,ground,148,322,251,6,container,58,35,264,276,1,3,328,399,311,322,"(251, 399, 6, 328)","(264, 322, 276, 311)"
2362559.jpg,sitting on,table,33,83,250,147,man,432,198,46,1,1,3,230,283,199,478,"(250, 283, 147, 230)","(46, 478, 1, 199)"
2374758.jpg,sitting on,bench,36,196,193,175,people,78,197,154,165,1,3,371,229,362,232,"(193, 229, 175, 371)","(154, 232, 165, 362)"
2342414.jpg,wearing,tie,73,79,426,115,man,407,330,93,0,0,3,194,499,330,500,"(426, 499, 115, 194)","(93, 500, 0, 330)"
2406769.jpg,sitting on,elephant,230,243,180,150,person,151,42,120,206,1,3,393,410,248,271,"(180, 410, 150, 393)","(120, 271, 206, 248)"
1784.jpg,sitting on,bench,58,51,462,613,people,76,53,434,598,1,3,664,520,651,510,"(462, 520, 613, 664)","(434, 510, 598, 651)"
1390.jpg,sitting on,chair,301,325,326,17,woman,449,371,182,17,1,3,342,627,388,631,"(326, 627, 17, 342)","(182, 631, 17, 388)"
2348540.jpg,wearing,shirt,111,181,220,0,child,196,265,133,2,0,3,181,331,267,329,"(220, 331, 0, 181)","(133, 329, 2, 267)"
2411934.jpg,wearing,cap,32,49,189,140,man,194,97,169,122,0,3,189,221,219,363,"(189, 221, 140, 189)","(169, 363, 122, 219)"
2355631.jpg,covered in,pillows,47,55,122,204,bed,312,388,56,0,0,3,259,169,388,368,"(122, 169, 204, 259)","(56, 368, 0, 388)"
2378654.jpg,wearing,flops,35,39,213,16,man,156,53,82,11,0,3,55,248,64,238,"(213, 248, 16, 55)","(82, 238, 11, 64)"
2343453.jpg,wearing,shirt,87,105,145,394,kid,175,110,58,389,0,3,499,232,499,233,"(145, 232, 394, 499)","(58, 233, 389, 499)"
2369290.jpg,sitting on,gravel,165,497,210,1,train,289,438,71,54,1,3,498,375,492,360,"(210, 375, 1, 498)","(71, 360, 54, 492)"
2389464.jpg,sitting on,sand,116,373,382,2,man,72,51,342,323,1,3,375,498,374,414,"(382, 498, 2, 375)","(342, 414, 323, 374)"
2365142.jpg,sitting on,sand,114,497,214,0,object,10,29,239,162,1,3,497,328,191,249,"(214, 328, 0, 497)","(239, 249, 162, 191)"
2376529.jpg,wearing,hat,46,39,328,453,man,25,11,44,374,0,3,492,374,385,69,"(328, 374, 453, 492)","(44, 69, 374, 385)"
2328647.jpg,hanging from,ceiling,182,368,182,0,banners,110,42,221,7,0,3,368,364,49,331,"(182, 364, 0, 368)","(221, 331, 7, 49)"
2369797.jpg,sitting on,shelf,113,230,354,62,book,94,16,375,79,1,3,292,467,95,469,"(354, 467, 62, 292)","(375, 469, 79, 95)"
2366419.jpg,sitting on,table,45,235,278,5,vase,322,237,3,261,1,3,240,323,498,325,"(278, 323, 5, 240)","(3, 325, 261, 498)"
2387168.jpg,wearing,pants,32,37,426,129,batter,66,42,397,126,0,3,166,458,168,463,"(426, 458, 129, 166)","(397, 463, 126, 168)"
547.jpg,sitting on,shelf,9,80,99,430,book,26,14,75,481,1,3,510,108,495,101,"(99, 108, 430, 510)","(75, 101, 481, 495)"
150528.jpg,walking on,sidewalk,96,934,564,41,people,27,61,580,665,0,3,975,660,726,607,"(564, 660, 41, 975)","(580, 607, 665, 726)"
2392147.jpg,wearing,cap,29,48,60,173,man,140,82,56,147,0,3,221,89,229,196,"(60, 89, 173, 221)","(56, 196, 147, 229)"
2343491.jpg,sitting on,floor,65,499,308,0,clock,64,68,244,386,1,3,499,373,454,308,"(308, 373, 0, 499)","(244, 308, 386, 454)"
2411428.jpg,sitting on,fence,177,375,150,0,bowl,90,127,240,372,1,3,375,327,499,330,"(150, 327, 0, 375)","(240, 330, 372, 499)"
2413671.jpg,wearing,wetsuit,19,20,301,453,person,59,40,286,443,0,3,473,320,483,345,"(301, 320, 453, 473)","(286, 345, 443, 483)"
2349523.jpg,wearing,clothing,102,56,124,330,woman,216,94,89,306,0,3,386,226,400,305,"(124, 226, 330, 386)","(89, 305, 306, 400)"
2336975.jpg,sitting on,ground,77,498,296,0,children,39,40,334,0,1,3,498,373,40,373,"(296, 373, 0, 498)","(334, 373, 0, 40)"
2396603.jpg,sitting on,beach,95,229,143,4,person,10,7,144,170,1,3,233,238,177,154,"(143, 238, 4, 233)","(144, 154, 170, 177)"
2392125.jpg,sitting on,floor,61,66,309,298,toy,82,43,234,312,1,3,364,370,355,316,"(309, 370, 298, 364)","(234, 316, 312, 355)"
732.jpg,wearing,shirt,96,91,298,527,man,198,89,282,532,0,3,618,394,621,480,"(298, 394, 527, 618)","(282, 480, 532, 621)"
547.jpg,sitting on,shelf,9,80,99,430,book,26,11,75,468,1,3,510,108,479,101,"(99, 108, 430, 510)","(75, 101, 468, 479)"
2386221.jpg,sitting on,chair,174,86,138,159,woman,273,106,20,147,1,3,245,312,253,293,"(138, 312, 159, 245)","(20, 293, 147, 253)"
1592636.jpg,sitting on,train,398,863,148,11,person,39,22,390,787,1,3,874,546,809,429,"(148, 546, 11, 874)","(390, 429, 787, 809)"
2406082.jpg,wearing,helmet,10,9,108,235,person,89,22,113,231,0,3,244,118,253,202,"(108, 118, 235, 244)","(113, 202, 231, 253)"
2409105.jpg,wearing,jacket,81,49,307,298,man,185,55,284,292,0,3,347,388,347,469,"(307, 388, 298, 347)","(284, 469, 292, 347)"
2325686.jpg,sitting on,bench,46,45,219,288,girl,82,44,168,288,1,3,333,265,332,250,"(219, 265, 288, 333)","(168, 250, 288, 332)"
2358004.jpg,wearing,sneakers,25,52,261,177,man,200,50,82,177,0,3,229,286,227,282,"(261, 286, 177, 229)","(82, 282, 177, 227)"
2330758.jpg,painted on,boat,234,257,98,24,letters,18,18,278,70,0,3,281,332,88,296,"(98, 332, 24, 281)","(278, 296, 70, 88)"
2397296.jpg,wearing,shirt,100,68,56,2,man,150,68,19,0,0,3,70,156,68,169,"(56, 156, 2, 70)","(19, 169, 0, 68)"
2366128.jpg,wearing,shorts,35,27,134,450,man,124,36,80,442,0,3,477,169,478,204,"(134, 169, 450, 477)","(80, 204, 442, 478)"
2322547.jpg,walking on,grass,16,82,310,221,giraffe,150,139,185,116,0,3,303,326,255,335,"(310, 326, 221, 303)","(185, 335, 116, 255)"
2362510.jpg,sitting on,board,430,494,67,4,carrot,400,318,46,21,1,3,498,497,339,446,"(67, 497, 4, 498)","(46, 446, 21, 339)"
2393949.jpg,using,phone,27,16,154,74,girl,380,141,101,44,0,3,90,181,185,481,"(154, 181, 74, 90)","(101, 481, 44, 185)"
2347887.jpg,sitting on,sink,162,180,116,7,brush,73,189,110,9,1,3,187,278,198,183,"(116, 278, 7, 187)","(110, 183, 9, 198)"
2406195.jpg,wearing,goggles,15,25,196,155,man,191,149,175,123,0,3,180,211,272,366,"(196, 211, 155, 180)","(175, 366, 123, 272)"
2379194.jpg,sitting on,rock,18,22,372,80,child,33,23,360,80,1,3,102,390,103,393,"(372, 390, 80, 102)","(360, 393, 80, 103)"
2322063.jpg,sitting on,ground,61,443,311,0,cone,21,42,304,241,1,3,443,372,283,325,"(311, 372, 0, 443)","(304, 325, 241, 283)"
2362291.jpg,wearing,blanket,33,25,142,199,woman,150,84,109,183,0,3,224,175,267,259,"(142, 175, 199, 224)","(109, 259, 183, 267)"
2384314.jpg,wearing,yellow,17,15,230,393,person,46,22,225,394,0,3,408,247,416,271,"(230, 247, 393, 408)","(225, 271, 394, 416)"
2409994.jpg,sitting on,bed,233,498,140,0,man,261,282,41,78,1,3,498,373,360,302,"(140, 373, 0, 498)","(41, 302, 78, 360)"
2411093.jpg,sitting on,curb,17,499,197,0,man,112,50,112,3,1,3,499,214,53,224,"(197, 214, 0, 499)","(112, 224, 3, 53)"
2415909.jpg,sitting on,chair,56,35,187,251,person,83,65,124,258,1,3,286,243,323,207,"(187, 243, 251, 286)","(124, 207, 258, 323)"
2388490.jpg,sitting on,couch,328,496,2,4,bag,144,232,1,68,1,3,500,330,300,145,"(2, 330, 4, 500)","(1, 145, 68, 300)"
2347788.jpg,sitting on,bench,130,98,197,402,kid,130,54,112,409,1,3,500,327,463,242,"(197, 327, 402, 500)","(112, 242, 409, 463)"
2376464.jpg,wearing,shoes,49,30,301,191,man,217,107,133,147,0,3,221,350,254,350,"(301, 350, 191, 221)","(133, 350, 147, 254)"
2342642.jpg,wearing,sock,28,27,417,216,player,440,234,41,33,0,3,243,445,267,481,"(417, 445, 216, 243)","(41, 481, 33, 267)"
2365670.jpg,sitting on,bench,230,445,141,24,lady,364,127,22,182,1,3,469,371,309,386,"(141, 371, 24, 469)","(22, 386, 182, 309)"
2411631.jpg,wearing,shirt,78,56,48,32,man,201,76,18,20,0,3,88,126,96,219,"(48, 126, 32, 88)","(18, 219, 20, 96)"
2368375.jpg,sitting on,stool,25,21,176,426,plant,30,20,148,426,1,3,447,201,446,178,"(176, 201, 426, 447)","(148, 178, 426, 446)"
2354984.jpg,sitting on,runway,330,499,2,1,plane,206,499,0,1,1,3,500,332,500,206,"(2, 332, 1, 500)","(0, 206, 1, 500)"
2357137.jpg,sitting on,bench,179,288,0,0,person,74,124,0,87,1,3,288,179,211,74,"(0, 179, 0, 288)","(0, 74, 87, 211)"
2416098.jpg,sitting on,table,41,308,456,23,purse,43,96,442,209,1,3,331,497,305,485,"(456, 497, 23, 331)","(442, 485, 209, 305)"
2372176.jpg,sitting on,sofa,174,244,130,25,man,79,66,137,147,1,3,269,304,213,216,"(130, 304, 25, 269)","(137, 216, 147, 213)"
2379534.jpg,carrying,umbrella,73,112,71,261,woman,223,84,133,271,0,3,373,144,355,356,"(71, 144, 261, 373)","(133, 356, 271, 355)"
4098.jpg,playing,pool,138,345,155,39,man,43,59,125,110,0,3,384,293,169,168,"(155, 293, 39, 384)","(125, 168, 110, 169)"
2359195.jpg,sitting on,couch,161,140,118,191,woman,184,122,83,209,1,3,331,279,331,267,"(118, 279, 191, 331)","(83, 267, 209, 331)"
2399152.jpg,using,scissors,160,114,283,185,woman,487,274,1,0,0,3,299,443,274,488,"(283, 443, 185, 299)","(1, 488, 0, 274)"
2392695.jpg,wearing,pants,29,13,117,448,child,63,35,84,436,0,3,461,146,471,147,"(117, 146, 448, 461)","(84, 147, 436, 471)"
2343968.jpg,wearing,scarf,23,26,101,92,lady,191,86,104,80,0,3,118,124,166,295,"(101, 124, 92, 118)","(104, 295, 80, 166)"
498314.jpg,sitting on,snow,705,1275,232,0,person,74,83,316,1085,1,3,1275,937,1168,390,"(232, 937, 0, 1275)","(316, 390, 1085, 1168)"
2404643.jpg,sitting on,steps,199,428,83,39,man,260,145,22,189,1,3,467,282,334,282,"(83, 282, 39, 467)","(22, 282, 189, 334)"
2359832.jpg,sitting on,table,120,499,351,0,papers,39,40,402,458,1,3,499,471,498,441,"(351, 471, 0, 499)","(402, 441, 458, 498)"
2397600.jpg,wearing,bandana,91,98,17,117,male,295,386,9,5,0,3,215,108,391,304,"(17, 108, 117, 215)","(9, 304, 5, 391)"
2374609.jpg,sitting on,ground,105,476,260,21,snow,102,161,253,41,1,3,497,365,202,355,"(260, 365, 21, 497)","(253, 355, 41, 202)"
2357172.jpg,carrying,surfboard,113,119,226,123,man,322,202,149,38,0,3,242,339,240,471,"(226, 339, 123, 242)","(149, 471, 38, 240)"
2384023.jpg,hanging from,tree,249,429,1,70,branch,33,88,8,275,0,3,499,250,363,41,"(1, 250, 70, 499)","(8, 41, 275, 363)"
2380266.jpg,sitting on,motorcycle,210,258,78,121,man,192,77,47,189,1,3,379,288,266,239,"(78, 288, 121, 379)","(47, 239, 189, 266)"
2379221.jpg,sitting on,bench,12,19,410,268,person,18,10,405,271,1,3,287,422,281,423,"(410, 422, 268, 287)","(405, 423, 271, 281)"
2385617.jpg,wearing,shoe,36,41,148,83,man,238,354,2,20,0,3,124,184,374,240,"(148, 184, 83, 124)","(2, 240, 20, 374)"
2392502.jpg,wearing,suit,131,110,152,244,man,161,114,120,242,0,3,354,283,356,281,"(152, 283, 244, 354)","(120, 281, 242, 356)"
2372466.jpg,sitting on,counter,269,493,62,3,pizza,107,217,125,163,1,3,496,331,380,232,"(62, 331, 3, 496)","(125, 232, 163, 380)"
2396002.jpg,carrying,purse,126,42,185,365,woman,310,101,122,308,0,3,407,311,409,432,"(185, 311, 365, 407)","(122, 432, 308, 409)"
2385328.jpg,sitting on,table,214,317,121,10,bottle,74,41,182,45,1,3,327,335,86,256,"(121, 335, 10, 327)","(182, 256, 45, 86)"
2341815.jpg,sitting on,log,126,225,121,169,boat,105,150,113,225,1,3,394,247,375,218,"(121, 247, 169, 394)","(113, 218, 225, 375)"
2371851.jpg,wearing,coat,58,63,233,436,boy,121,77,206,422,0,3,499,291,499,327,"(233, 291, 436, 499)","(206, 327, 422, 499)"
2408629.jpg,wearing,pants,190,204,250,93,batter,453,316,19,53,0,3,297,440,369,472,"(250, 440, 93, 297)","(19, 472, 53, 369)"
2382569.jpg,wearing,helmet,68,73,97,63,boy,346,138,99,19,0,3,136,165,157,445,"(97, 165, 63, 136)","(99, 445, 19, 157)"
2371166.jpg,sitting on,stool,112,113,38,376,man,148,130,0,369,1,3,489,150,499,148,"(38, 150, 376, 489)","(0, 148, 369, 499)"
2589.jpg,sitting on,steps,106,279,587,170,man,100,50,453,353,1,3,449,693,403,553,"(587, 693, 170, 449)","(453, 553, 353, 403)"
2340526.jpg,sitting on,bench,28,22,259,4,woman,73,34,215,2,1,3,26,287,36,288,"(259, 287, 4, 26)","(215, 288, 2, 36)"
2364858.jpg,sitting on,table,372,183,3,2,drink,115,179,64,0,1,3,185,375,179,179,"(3, 375, 2, 185)","(64, 179, 0, 179)"
2346444.jpg,sitting on,ground,222,497,177,1,surfboard,91,270,241,29,1,3,498,399,299,332,"(177, 399, 1, 498)","(241, 332, 29, 299)"
2375347.jpg,says,cancel,8,20,82,138,button,16,12,85,143,0,3,158,90,155,101,"(82, 90, 138, 158)","(85, 101, 143, 155)"
2392019.jpg,sitting on,table,119,156,215,3,bowl,36,45,212,62,1,3,159,334,107,248,"(215, 334, 3, 159)","(212, 248, 62, 107)"
1592587.jpg,walking on,street,424,513,337,17,person,202,76,329,14,0,3,530,761,90,531,"(337, 761, 17, 530)","(329, 531, 14, 90)"
2329227.jpg,wearing,socks,46,80,222,295,girl,245,126,44,257,0,3,375,268,383,289,"(222, 268, 295, 375)","(44, 289, 257, 383)"
2340689.jpg,walking on,rocks,44,307,449,12,bear,458,298,7,24,0,3,319,493,322,465,"(449, 493, 12, 319)","(7, 465, 24, 322)"
2347518.jpg,hanging from,ceiling,149,206,1,1,wires,253,203,121,2,0,3,207,150,205,374,"(1, 150, 1, 207)","(121, 374, 2, 205)"
2376529.jpg,sitting on,bench,6,24,61,332,man,25,11,44,374,1,3,356,67,385,69,"(61, 67, 332, 356)","(44, 69, 374, 385)"
2392145.jpg,sitting on,ground,128,324,371,2,woman,226,172,183,78,1,3,326,499,250,409,"(371, 499, 2, 326)","(183, 409, 78, 250)"
1160118.jpg,wearing,shirt,67,40,387,433,man,177,48,368,426,0,3,473,454,474,545,"(387, 454, 433, 473)","(368, 545, 426, 474)"
2370265.jpg,wearing,hat,17,19,123,312,man,166,68,121,293,0,3,331,140,361,287,"(123, 140, 312, 331)","(121, 287, 293, 361)"
713374.jpg,sitting on,desk,695,1273,261,5,spoon,209,100,724,645,1,3,1278,956,745,933,"(261, 956, 5, 1278)","(724, 933, 645, 745)"
2384730.jpg,sitting on,rock,87,274,407,51,giraffe,90,36,312,98,1,3,325,494,134,402,"(407, 494, 51, 325)","(312, 402, 98, 134)"
2343386.jpg,sitting on,floor,166,300,165,75,container,77,55,252,181,1,3,375,331,236,329,"(165, 331, 75, 375)","(252, 329, 181, 236)"
2360540.jpg,sitting on,rack,40,180,172,293,food,69,76,138,280,1,3,473,212,356,207,"(172, 212, 293, 473)","(138, 207, 280, 356)"
2334560.jpg,wearing,eyeglasses,14,14,68,148,man,156,59,55,131,0,3,162,82,190,211,"(68, 82, 148, 162)","(55, 211, 131, 190)"
2345565.jpg,sitting on,ground,162,497,191,2,plane,320,497,6,1,1,3,499,353,498,326,"(191, 353, 2, 499)","(6, 326, 1, 498)"
2342473.jpg,sitting on,sidewalk,284,319,116,92,chairs,168,183,175,110,1,3,411,400,293,343,"(116, 400, 92, 411)","(175, 343, 110, 293)"
2317471.jpg,wearing,jeans,47,24,117,186,man,115,42,58,183,0,3,210,164,225,173,"(117, 164, 186, 210)","(58, 173, 183, 225)"
2347492.jpg,watching,tv,97,100,61,168,child,230,184,198,304,0,3,268,158,488,428,"(61, 158, 168, 268)","(198, 428, 304, 488)"
2366941.jpg,sitting on,bench,112,196,371,144,woman,155,75,327,238,1,3,340,483,313,482,"(371, 483, 144, 340)","(327, 482, 238, 313)"
2380614.jpg,sitting on,tray,269,497,108,1,glass,215,139,22,333,1,3,498,377,472,237,"(108, 377, 1, 498)","(22, 237, 333, 472)"
2388117.jpg,wearing,jacket,88,60,100,184,girl,249,90,59,177,0,3,244,188,267,308,"(100, 188, 184, 244)","(59, 308, 177, 267)"
2386171.jpg,wearing,top,25,14,145,400,man,65,25,131,392,0,3,414,170,417,196,"(145, 170, 400, 414)","(131, 196, 392, 417)"
2317575.jpg,wearing,shirt,120,121,133,37,man,231,146,92,35,0,3,158,253,181,323,"(133, 253, 37, 158)","(92, 323, 35, 181)"
2402469.jpg,wearing,shirt,123,95,138,204,woman,249,159,83,178,0,3,299,261,337,332,"(138, 261, 204, 299)","(83, 332, 178, 337)"
2405304.jpg,sitting on,couch,113,127,102,78,man,102,102,81,113,1,3,205,215,215,183,"(102, 215, 78, 205)","(81, 183, 113, 215)"
2353904.jpg,sitting on,table,328,497,7,3,food,212,364,69,75,1,3,500,335,439,281,"(7, 335, 3, 500)","(69, 281, 75, 439)"
2367440.jpg,sitting on,patio,34,77,252,40,people,55,64,231,46,1,3,117,286,110,286,"(252, 286, 40, 117)","(231, 286, 46, 110)"
2417447.jpg,wearing,shoe,22,25,365,65,woman,233,54,157,63,0,3,90,387,117,390,"(365, 387, 65, 90)","(157, 390, 63, 117)"
2395760.jpg,wearing,pants,167,114,327,269,person,259,119,237,268,0,3,383,494,387,496,"(327, 494, 269, 383)","(237, 496, 268, 387)"
2417664.jpg,carrying,bag,54,33,326,207,person,117,83,235,211,0,3,240,380,294,352,"(326, 380, 207, 240)","(235, 352, 211, 294)"
2394280.jpg,wearing,capris,48,166,217,124,woman,109,458,189,19,0,3,290,265,477,298,"(217, 265, 124, 290)","(189, 298, 19, 477)"
2397709.jpg,wearing,shirt,47,47,134,228,boy,142,106,106,202,0,3,275,181,308,248,"(134, 181, 228, 275)","(106, 248, 202, 308)"
2327917.jpg,sitting on,wall,46,144,98,0,person,70,60,30,0,1,3,144,144,60,100,"(98, 144, 0, 144)","(30, 100, 0, 60)"
2377192.jpg,sitting on,plate,102,70,262,74,bowl,194,249,175,133,1,3,144,364,382,369,"(262, 364, 74, 144)","(175, 369, 133, 382)"
2408352.jpg,wearing,pants,77,130,280,92,man,306,199,45,65,0,3,222,357,264,351,"(280, 357, 92, 222)","(45, 351, 65, 264)"
2388210.jpg,sitting on,counter,113,345,217,131,wipes,64,28,136,196,1,3,476,330,224,200,"(217, 330, 131, 476)","(136, 200, 196, 224)"
3540.jpg,wearing,jeans,71,70,218,39,man,198,93,97,20,0,3,109,289,113,295,"(218, 289, 39, 109)","(97, 295, 20, 113)"
2363788.jpg,sitting on,car,187,211,113,237,cat,32,52,160,307,1,3,448,300,359,192,"(113, 300, 237, 448)","(160, 192, 307, 359)"
2315962.jpg,wearing,backpack,59,74,174,106,person,268,136,151,62,0,3,180,233,198,419,"(174, 233, 106, 180)","(151, 419, 62, 198)"
2373953.jpg,sitting on,counter,116,221,257,262,rack,52,57,193,16,1,3,483,373,73,245,"(257, 373, 262, 483)","(193, 245, 16, 73)"
2409085.jpg,wearing,harness,31,46,180,80,dog,113,77,127,63,0,3,126,211,140,240,"(180, 211, 80, 126)","(127, 240, 63, 140)"
2361286.jpg,standing on,surfboard,31,85,171,170,man,71,60,117,231,0,3,255,202,291,188,"(171, 202, 170, 255)","(117, 188, 231, 291)"
2328713.jpg,sitting on,counter,43,296,192,66,bag,45,49,173,252,1,3,362,235,301,218,"(192, 235, 66, 362)","(173, 218, 252, 301)"
2345720.jpg,sitting on,floor,61,289,259,78,cat,255,171,5,83,1,3,367,320,254,260,"(259, 320, 78, 367)","(5, 260, 83, 254)"
2316809.jpg,sitting on,motorcycle,322,244,164,63,man,263,188,44,49,1,3,307,486,237,307,"(164, 486, 63, 307)","(44, 307, 49, 237)"
2397164.jpg,wearing,necklace,43,42,171,150,player,402,318,98,8,0,3,192,214,326,500,"(171, 214, 150, 192)","(98, 500, 8, 326)"
2370054.jpg,playing,baseball,320,493,3,5,man,185,121,134,369,0,3,498,323,490,319,"(3, 323, 5, 498)","(134, 319, 369, 490)"
2383582.jpg,wearing,jeans,75,145,331,342,man,247,178,179,310,0,3,487,406,488,426,"(331, 406, 342, 487)","(179, 426, 310, 488)"
2350059.jpg,walking on,road,154,499,101,0,elephant,75,97,96,0,0,3,499,255,97,171,"(101, 255, 0, 499)","(96, 171, 0, 97)"
2358808.jpg,covered in,snow,240,493,133,2,tree,130,50,110,239,0,3,495,373,289,240,"(133, 373, 2, 495)","(110, 240, 239, 289)"
2401143.jpg,sitting on,bench,54,114,270,224,person,75,40,246,290,1,3,338,324,330,321,"(270, 324, 224, 338)","(246, 321, 290, 330)"
2401554.jpg,sitting on,window,424,223,27,68,bottle,212,102,221,132,1,3,291,451,234,433,"(27, 451, 68, 291)","(221, 433, 132, 234)"
2410194.jpg,wearing,red,65,59,154,185,man,141,53,137,183,0,3,244,219,236,278,"(154, 219, 185, 244)","(137, 278, 183, 236)"
2322622.jpg,walking in,street,153,494,219,3,horse,145,213,141,91,0,3,497,372,304,286,"(219, 372, 3, 497)","(141, 286, 91, 304)"
2383135.jpg,wearing,jacket,57,58,285,29,snowboarder,79,75,286,18,0,3,87,342,93,365,"(285, 342, 29, 87)","(286, 365, 18, 93)"
2321403.jpg,sitting on,chair,49,23,160,57,lady,114,41,76,99,1,3,80,209,140,190,"(160, 209, 57, 80)","(76, 190, 99, 140)"
2361431.jpg,sitting on,table,57,26,236,2,bottle,25,7,231,7,1,3,28,293,14,256,"(236, 293, 2, 28)","(231, 256, 7, 14)"
2366077.jpg,wearing,fedora,19,21,170,316,man,165,44,170,314,0,3,337,189,358,335,"(170, 189, 316, 337)","(170, 335, 314, 358)"
885.jpg,sitting on,floor,64,123,534,669,cpu,198,109,386,589,1,3,792,598,698,584,"(534, 598, 669, 792)","(386, 584, 589, 698)"
2412384.jpg,sitting on,boat,118,230,90,9,dog,73,69,193,284,1,3,239,208,353,266,"(90, 208, 9, 239)","(193, 266, 284, 353)"
2366047.jpg,wearing,goggles,18,18,63,120,skier,102,96,53,118,0,3,138,81,214,155,"(63, 81, 120, 138)","(53, 155, 118, 214)"
2403072.jpg,wearing,shirt,47,33,123,90,man,115,68,107,67,0,3,123,170,135,222,"(123, 170, 90, 123)","(107, 222, 67, 135)"
2392812.jpg,growing on,face,57,36,47,219,mustache,8,14,82,241,0,3,255,104,255,90,"(47, 104, 219, 255)","(82, 90, 241, 255)"
2408065.jpg,sitting on,floor,22,41,335,332,man,136,67,206,252,1,3,373,357,319,342,"(335, 357, 332, 373)","(206, 342, 252, 319)"
2354231.jpg,sitting on,bench,85,337,274,144,men,193,239,180,258,1,3,481,359,497,373,"(274, 359, 144, 481)","(180, 373, 258, 497)"
2336995.jpg,wearing,pants,103,84,140,259,man,224,115,40,253,0,3,343,243,368,264,"(140, 243, 259, 343)","(40, 264, 253, 368)"
2408481.jpg,sitting on,bench,499,330,0,1,planter,66,41,230,155,1,3,331,499,196,296,"(0, 499, 1, 331)","(230, 296, 155, 196)"
2406514.jpg,standing on,surfboard,20,35,154,238,surfer,53,35,110,243,0,3,273,174,278,163,"(154, 174, 238, 273)","(110, 163, 243, 278)"
2393153.jpg,sitting on,grass,216,499,5,1,bird,11,13,69,435,1,3,500,221,448,80,"(5, 221, 1, 500)","(69, 80, 435, 448)"
2398899.jpg,sitting on,branch,364,293,134,37,bird,61,43,327,231,1,3,330,498,274,388,"(134, 498, 37, 330)","(327, 388, 231, 274)"
2325822.jpg,painted on,trailer,86,117,134,2,ccs,16,44,161,8,0,3,119,220,52,177,"(134, 220, 2, 119)","(161, 177, 8, 52)"
2383042.jpg,wearing,hat,75,123,85,187,dog,253,259,139,51,0,3,310,160,310,392,"(85, 160, 187, 310)","(139, 392, 51, 310)"
2393690.jpg,growing on,ground,79,367,0,132,grass,75,368,2,131,0,3,499,79,499,77,"(0, 79, 132, 499)","(2, 77, 131, 499)"
2379916.jpg,sitting on,table,176,480,165,2,snack,210,364,71,100,1,3,482,341,464,281,"(165, 341, 2, 482)","(71, 281, 100, 464)"
2345544.jpg,sitting on,bench,82,170,146,269,people,37,44,141,311,1,3,439,228,355,178,"(146, 228, 269, 439)","(141, 178, 311, 355)"
2403766.jpg,wearing,pants,14,53,163,231,snowboarder,62,92,124,194,0,3,284,177,286,186,"(163, 177, 231, 284)","(124, 186, 194, 286)"
2322776.jpg,wearing,shirt,30,20,140,307,man,64,42,134,298,0,3,327,170,340,198,"(140, 170, 307, 327)","(134, 198, 298, 340)"
2354948.jpg,sitting on,sofa,73,129,204,245,person,64,53,171,350,1,3,374,277,403,235,"(204, 277, 245, 374)","(171, 235, 350, 403)"
2389170.jpg,sitting on,bed,107,288,258,86,woman,230,81,149,125,1,3,374,365,206,379,"(258, 365, 86, 374)","(149, 379, 125, 206)"
1510.jpg,sitting on,concrete,71,672,437,28,bench,93,98,411,589,1,3,700,508,687,504,"(437, 508, 28, 700)","(411, 504, 589, 687)"
2357423.jpg,covering,sand,75,482,294,8,footprints,50,151,324,161,0,3,490,369,312,374,"(294, 369, 8, 490)","(324, 374, 161, 312)"
2395956.jpg,sitting on,floor,40,337,459,2,vase,254,171,245,47,1,3,339,499,218,499,"(459, 499, 2, 339)","(245, 499, 47, 218)"
2320719.jpg,wearing,wetsuit,133,62,166,207,man,187,82,131,200,0,3,269,299,282,318,"(166, 299, 207, 269)","(131, 318, 200, 282)"
2378985.jpg,wearing,suit,40,15,334,330,woman,51,22,323,325,0,3,345,374,347,374,"(334, 374, 330, 345)","(323, 374, 325, 347)"
2386064.jpg,lying on,dock,50,359,438,20,man,88,163,362,21,0,3,379,488,184,450,"(438, 488, 20, 379)","(362, 450, 21, 184)"
2395231.jpg,wearing,shirt,33,13,315,2,kid,87,19,297,1,0,3,15,348,20,384,"(315, 348, 2, 15)","(297, 384, 1, 20)"
2320328.jpg,says,stop,46,113,138,153,sign,133,129,95,144,0,3,266,184,273,228,"(138, 184, 153, 266)","(95, 228, 144, 273)"
2354763.jpg,wearing,sneaker,17,17,201,157,girl,162,52,61,156,0,3,174,218,208,223,"(201, 218, 157, 174)","(61, 223, 156, 208)"
2338066.jpg,sitting on,boat,74,465,157,17,duck,51,63,149,168,1,3,482,231,231,200,"(157, 231, 17, 482)","(149, 200, 168, 231)"
2331565.jpg,wearing,dress,181,102,201,29,woman,391,105,84,30,0,3,131,382,135,475,"(201, 382, 29, 131)","(84, 475, 30, 135)"
2334784.jpg,walking on,grass,96,130,235,32,chicken,55,34,236,169,0,3,162,331,203,291,"(235, 331, 32, 162)","(236, 291, 169, 203)"
2352134.jpg,sitting on,ledge,50,211,257,263,cat,180,111,165,316,1,3,474,307,427,345,"(257, 307, 263, 474)","(165, 345, 316, 427)"
735.jpg,wearing,shirt,76,67,330,351,guy,222,58,301,353,0,3,418,406,411,523,"(330, 406, 351, 418)","(301, 523, 353, 411)"
2374508.jpg,wearing,sunglasses,16,22,0,196,man,236,62,1,165,0,3,218,16,227,237,"(0, 16, 196, 218)","(1, 237, 165, 227)"
2353681.jpg,wearing,jeans,90,54,209,424,man,223,73,90,426,0,3,478,299,499,313,"(209, 299, 424, 478)","(90, 313, 426, 499)"
2385968.jpg,sitting on,railing,24,50,215,0,people,23,35,199,5,1,3,50,239,40,222,"(215, 239, 0, 50)","(199, 222, 5, 40)"
2379710.jpg,wearing,shirt,164,149,92,189,dog,275,343,1,112,0,3,338,256,455,276,"(92, 256, 189, 338)","(1, 276, 112, 455)"
2402869.jpg,wearing,hat,16,14,153,126,man,91,47,150,117,0,3,140,169,164,241,"(153, 169, 126, 140)","(150, 241, 117, 164)"
2407606.jpg,wearing,sweater,142,135,174,36,woman,281,136,96,35,0,3,171,316,171,377,"(174, 316, 36, 171)","(96, 377, 35, 171)"
2392933.jpg,sitting on,bench,18,4,193,211,men,37,86,156,170,1,3,215,211,256,193,"(193, 211, 211, 215)","(156, 193, 170, 256)"
2393077.jpg,riding,skateboard,34,77,464,192,man,493,166,0,137,0,3,269,498,303,493,"(464, 498, 192, 269)","(0, 493, 137, 303)"
2363848.jpg,sitting on,bench,107,95,108,342,dog,276,178,55,51,1,3,437,215,229,331,"(108, 215, 342, 437)","(55, 331, 51, 229)"
2380326.jpg,wearing,earrings,13,11,179,382,woman,485,495,14,2,0,3,393,192,497,499,"(179, 192, 382, 393)","(14, 499, 2, 497)"
2381839.jpg,sitting on,boat,134,154,69,41,hat,24,34,103,134,1,3,195,203,168,127,"(69, 203, 41, 195)","(103, 127, 134, 168)"
2359881.jpg,parked on,street,13,34,365,179,car,23,31,343,180,0,3,213,378,211,366,"(365, 378, 179, 213)","(343, 366, 180, 211)"
2374211.jpg,sitting on,desk,75,105,201,319,papers,26,38,211,339,1,3,424,276,377,237,"(201, 276, 319, 424)","(211, 237, 339, 377)"
2348503.jpg,watching,game,215,495,157,4,spectators,161,485,2,0,0,3,499,372,485,163,"(157, 372, 4, 499)","(2, 163, 0, 485)"
2330630.jpg,wearing,belt,25,25,262,188,catcher,112,105,214,143,0,3,213,287,248,326,"(262, 287, 188, 213)","(214, 326, 143, 248)"
2345393.jpg,riding,motorcycle,95,93,147,120,people,142,169,76,154,0,3,213,242,323,218,"(147, 242, 120, 213)","(76, 218, 154, 323)"
2330405.jpg,sitting on,bus,167,294,87,169,person,34,21,139,223,1,3,463,254,244,173,"(87, 254, 169, 463)","(139, 173, 223, 244)"
2380074.jpg,sitting on,bench,43,19,197,9,man,50,39,191,24,1,3,28,240,63,241,"(197, 240, 9, 28)","(191, 241, 24, 63)"
2408131.jpg,wearing,shorts,18,18,161,265,man,68,21,128,264,0,3,283,179,285,196,"(161, 179, 265, 283)","(128, 196, 264, 285)"
2342344.jpg,sitting on,floor,22,40,352,11,box,43,45,57,280,1,3,51,374,325,100,"(352, 374, 11, 51)","(57, 100, 280, 325)"
2402221.jpg,wearing,pants,101,75,153,47,man,242,113,35,20,0,3,122,254,133,277,"(153, 254, 47, 122)","(35, 277, 20, 133)"
2337671.jpg,sitting on,bench,11,18,161,356,people,17,9,156,364,1,3,374,172,373,173,"(161, 172, 356, 374)","(156, 173, 364, 373)"
2387786.jpg,sitting on,toilet,285,266,83,227,cat,164,194,114,215,1,3,493,368,409,278,"(83, 368, 227, 493)","(114, 278, 215, 409)"
2347020.jpg,sitting on,lap,39,42,247,202,bear,229,155,75,172,1,3,244,286,327,304,"(247, 286, 202, 244)","(75, 304, 172, 327)"
2347887.jpg,sitting on,sink,209,392,161,33,brush,73,189,110,9,1,3,425,370,198,183,"(161, 370, 33, 425)","(110, 183, 9, 198)"
2355306.jpg,sitting on,bench,40,76,243,82,person,42,19,210,100,1,3,158,283,119,252,"(243, 283, 82, 158)","(210, 252, 100, 119)"
2315684.jpg,sitting on,bench,43,130,40,39,luggage,32,50,25,47,1,3,169,83,97,57,"(40, 83, 39, 169)","(25, 57, 47, 97)"
2388023.jpg,sitting on,futon,139,158,134,145,man,106,125,137,198,1,3,303,273,323,243,"(134, 273, 145, 303)","(137, 243, 198, 323)"
2400137.jpg,sitting on,bowl,106,153,264,9,bird,125,123,198,1,1,3,162,370,124,323,"(264, 370, 9, 162)","(198, 323, 1, 124)"
2384820.jpg,sitting on,chair,70,42,139,225,cushion,18,30,165,227,1,3,267,209,257,183,"(139, 209, 225, 267)","(165, 183, 227, 257)"
2320450.jpg,wearing,jacket,21,18,348,356,lady,88,31,332,357,0,3,374,369,388,420,"(348, 369, 356, 374)","(332, 420, 357, 388)"
2340242.jpg,wearing,pants,168,68,297,252,man,310,92,172,245,0,3,320,465,337,482,"(297, 465, 252, 320)","(172, 482, 245, 337)"
2351850.jpg,wearing,overalls,41,65,230,196,man,74,105,184,210,0,3,261,271,315,258,"(230, 271, 196, 261)","(184, 258, 210, 315)"
2360722.jpg,parked on,street,108,472,263,26,car,29,42,263,255,0,3,498,371,297,292,"(263, 371, 26, 498)","(263, 292, 255, 297)"
2390166.jpg,riding,horse,28,20,141,372,person,32,12,125,374,0,3,392,169,386,157,"(141, 169, 372, 392)","(125, 157, 374, 386)"
61549.jpg,wearing,skirt,103,135,709,158,girl,217,203,433,102,0,3,293,812,305,650,"(709, 812, 158, 293)","(433, 650, 102, 305)"
2401518.jpg,wearing,hat,51,39,199,330,man,133,33,214,338,0,3,369,250,371,347,"(199, 250, 330, 369)","(214, 347, 338, 371)"
2417867.jpg,sitting on,desk,155,440,218,58,book,46,110,316,209,1,3,498,373,319,362,"(218, 373, 58, 498)","(316, 362, 209, 319)"
2385017.jpg,sitting on,bed,179,210,192,288,man,216,102,126,369,1,3,498,371,471,342,"(192, 371, 288, 498)","(126, 342, 369, 471)"
2348367.jpg,wearing,shirt,82,47,113,452,woman,167,60,77,439,0,3,499,195,499,244,"(113, 195, 452, 499)","(77, 244, 439, 499)"
2378947.jpg,wearing,watch,5,10,96,21,man,206,31,16,0,0,3,31,101,31,222,"(96, 101, 21, 31)","(16, 222, 0, 31)"
2355915.jpg,standing on,platform,35,35,227,119,person,20,11,208,135,0,3,154,262,146,228,"(227, 262, 119, 154)","(208, 228, 135, 146)"
2358175.jpg,wearing,necklace,47,42,371,371,girl,293,199,127,293,0,3,413,418,492,420,"(371, 418, 371, 413)","(127, 420, 293, 492)"
2377608.jpg,sitting on,road,19,30,339,159,car,73,215,301,181,1,3,189,358,396,374,"(339, 358, 159, 189)","(301, 374, 181, 396)"
2395681.jpg,wearing,sunglasses,14,30,146,150,father,160,116,130,65,0,3,180,160,181,290,"(146, 160, 150, 180)","(130, 290, 65, 181)"
2349003.jpg,sitting on,sofa,210,125,105,354,person,124,108,129,289,1,3,479,315,397,253,"(105, 315, 354, 479)","(129, 253, 289, 397)"
2371421.jpg,sitting on,ledge,100,233,231,25,person,32,18,242,110,1,3,258,331,128,274,"(231, 331, 25, 258)","(242, 274, 110, 128)"
2406460.jpg,wearing,necklace,10,13,67,417,man,192,68,38,400,0,3,430,77,468,230,"(67, 77, 417, 430)","(38, 230, 400, 468)"
2330166.jpg,sitting on,bed,244,447,130,19,man,287,153,36,38,1,3,466,374,191,323,"(130, 374, 19, 466)","(36, 323, 38, 191)"
2349241.jpg,wearing,shirt,18,21,155,228,person,54,34,146,221,0,3,249,173,255,200,"(155, 173, 228, 249)","(146, 200, 221, 255)"
1592736.jpg,standing on,snow,1017,741,2,3,person,51,30,57,119,0,3,744,1019,149,108,"(2, 1019, 3, 744)","(57, 108, 119, 149)"
2366318.jpg,wearing,pants,126,137,171,53,man,295,169,31,40,0,3,190,297,209,326,"(171, 297, 53, 190)","(31, 326, 40, 209)"
2357835.jpg,riding,horse,272,265,100,187,woman,128,125,49,263,0,3,452,372,388,177,"(100, 372, 187, 452)","(49, 177, 263, 388)"
2331876.jpg,sitting on,table,308,496,26,1,food,206,199,94,159,1,3,497,334,358,300,"(26, 334, 1, 497)","(94, 300, 159, 358)"
2380741.jpg,sitting on,saddle,6,9,203,258,person,26,11,187,258,1,3,267,209,269,213,"(203, 209, 258, 267)","(187, 213, 258, 269)"
2383386.jpg,sitting on,water,26,66,434,77,boat,81,282,345,17,1,3,143,460,299,426,"(434, 460, 77, 143)","(345, 426, 17, 299)"
2397752.jpg,watching,kites,60,135,266,139,crowd,10,29,323,235,0,3,274,326,264,333,"(266, 326, 139, 274)","(323, 333, 235, 264)"
2323890.jpg,sitting on,bench,42,123,69,25,man,104,63,15,44,1,3,148,111,107,119,"(69, 111, 25, 148)","(15, 119, 44, 107)"
2375883.jpg,sitting on,bench,32,50,110,2,women,59,58,83,2,1,3,52,142,60,142,"(110, 142, 2, 52)","(83, 142, 2, 60)"
2323398.jpg,wearing,jersey,160,161,50,132,player,241,208,50,131,0,3,293,210,339,291,"(50, 210, 132, 293)","(50, 291, 131, 339)"
2335752.jpg,wearing,sunglasses,11,23,20,362,man,242,83,4,338,0,3,385,31,421,246,"(20, 31, 362, 385)","(4, 246, 338, 421)"
2357759.jpg,sitting on,ground,236,329,261,1,bucket,71,46,421,233,1,3,330,497,279,492,"(261, 497, 1, 330)","(421, 492, 233, 279)"
2361800.jpg,sitting on,table,34,47,171,82,glass,23,13,157,128,1,3,129,205,141,180,"(171, 205, 82, 129)","(157, 180, 128, 141)"
1786.jpg,wearing,backpack,61,34,255,390,person,182,65,230,359,0,3,424,316,424,412,"(255, 316, 390, 424)","(230, 412, 359, 424)"
4254.jpg,sitting on,deck,106,432,248,46,leaf,11,10,266,137,1,3,478,354,147,277,"(248, 354, 46, 478)","(266, 277, 137, 147)"
2360566.jpg,sitting on,bench,38,85,117,25,player,72,25,109,83,1,3,110,155,108,181,"(117, 155, 25, 110)","(109, 181, 83, 108)"
2412053.jpg,wearing,shirt,49,62,179,267,man,136,92,163,257,0,3,329,228,349,299,"(179, 228, 267, 329)","(163, 299, 257, 349)"
2404959.jpg,sitting on,stool,52,42,335,0,man,121,52,263,3,1,3,42,387,55,384,"(335, 387, 0, 42)","(263, 384, 3, 55)"
2371090.jpg,wearing,vest,45,44,131,50,man,91,47,124,51,0,3,94,176,98,215,"(131, 176, 50, 94)","(124, 215, 51, 98)"
2340314.jpg,sitting on,beach,212,307,248,19,boat,24,21,308,203,1,3,326,460,224,332,"(248, 460, 19, 326)","(308, 332, 203, 224)"
2348539.jpg,sitting on,bed,365,490,5,4,kitten,229,280,57,93,1,3,494,370,373,286,"(5, 370, 4, 494)","(57, 286, 93, 373)"
2324019.jpg,riding,skateboard,40,119,317,286,girl,212,69,124,308,0,3,405,357,377,336,"(317, 357, 286, 405)","(124, 336, 308, 377)"
2412161.jpg,sitting on,bumper,90,374,223,84,ball,18,33,246,136,1,3,458,313,169,264,"(223, 313, 84, 458)","(246, 264, 136, 169)"
285832.jpg,sitting on,motorcycle,432,557,334,209,woman,542,338,223,407,1,3,766,766,745,765,"(334, 766, 209, 766)","(223, 765, 407, 745)"
2343909.jpg,sitting on,bed,226,351,274,17,book,66,185,403,68,1,3,368,500,253,469,"(274, 500, 17, 368)","(403, 469, 68, 253)"
2415434.jpg,sitting on,hay,97,123,401,251,cow,221,238,253,89,1,3,374,498,327,474,"(401, 498, 251, 374)","(253, 474, 89, 327)"
2364285.jpg,sitting on,stool,131,71,242,427,woman,371,132,2,366,1,3,498,373,498,373,"(242, 373, 427, 498)","(2, 373, 366, 498)"
2318031.jpg,sitting on,table,88,35,237,108,tv,38,50,196,84,1,3,143,325,134,234,"(237, 325, 108, 143)","(196, 234, 84, 134)"
2386986.jpg,sitting on,countertop,86,353,191,0,dispenser,46,21,160,227,1,3,353,277,248,206,"(191, 277, 0, 353)","(160, 206, 227, 248)"
2384036.jpg,mounted on,boat,276,450,126,16,light,30,34,199,305,0,3,466,402,339,229,"(126, 402, 16, 466)","(199, 229, 305, 339)"
2329810.jpg,sitting on,plate,47,66,228,91,food,22,40,228,100,1,3,157,275,140,250,"(228, 275, 91, 157)","(228, 250, 100, 140)"
2404089.jpg,wearing,shorts,127,94,78,349,baby,284,465,3,24,0,3,443,205,489,287,"(78, 205, 349, 443)","(3, 287, 24, 489)"
2376211.jpg,wearing,black,19,23,204,287,man,92,37,162,287,0,3,310,223,324,254,"(204, 223, 287, 310)","(162, 254, 287, 324)"
2346024.jpg,sitting on,table,88,331,412,0,spatula,23,52,477,261,1,3,331,500,313,500,"(412, 500, 0, 331)","(477, 500, 261, 313)"
2408950.jpg,wearing,mitt,39,33,267,272,catcher,139,147,206,159,0,3,305,306,306,345,"(267, 306, 272, 305)","(206, 345, 159, 306)"
2395925.jpg,wearing,shirt,56,44,211,276,man,168,58,189,274,0,3,320,267,332,357,"(211, 267, 276, 320)","(189, 357, 274, 332)"
2348864.jpg,covering,ground,93,497,235,2,snow,10,18,308,55,0,3,499,328,73,318,"(235, 328, 2, 499)","(308, 318, 55, 73)"
2343612.jpg,sitting on,desk,180,397,193,16,laptop,137,161,167,28,1,3,413,373,189,304,"(193, 373, 16, 413)","(167, 304, 28, 189)"
2401775.jpg,says,3:30,32,31,137,130,clock,90,97,97,92,0,3,161,169,189,187,"(137, 169, 130, 161)","(97, 187, 92, 189)"
2337113.jpg,sitting on,beach,110,361,218,14,people,23,39,268,80,1,3,375,328,119,291,"(218, 328, 14, 375)","(268, 291, 80, 119)"
2346371.jpg,wearing,collar,37,46,195,201,cat,200,330,68,8,0,3,247,232,338,268,"(195, 232, 201, 247)","(68, 268, 8, 338)"
2400801.jpg,wearing,skirt,31,22,254,182,woman,86,28,215,179,0,3,204,285,207,301,"(254, 285, 182, 204)","(215, 301, 179, 207)"
2373566.jpg,wearing,t-shirt,39,29,177,11,man,132,64,146,2,0,3,40,216,66,278,"(177, 216, 11, 40)","(146, 278, 2, 66)"
2356608.jpg,wearing,hat,118,182,10,4,bear,260,225,13,5,0,3,186,128,230,273,"(10, 128, 4, 186)","(13, 273, 5, 230)"
2396764.jpg,wearing,wristband,16,16,132,137,man,270,117,23,44,0,3,153,148,161,293,"(132, 148, 137, 153)","(23, 293, 44, 161)"
2321090.jpg,sitting on,plate,54,150,40,298,knife,41,36,28,324,1,3,448,94,360,69,"(40, 94, 298, 448)","(28, 69, 324, 360)"
2359141.jpg,covering,branch,29,119,205,146,snow,235,280,20,7,0,3,265,234,287,255,"(205, 234, 146, 265)","(20, 255, 7, 287)"
2356985.jpg,sitting on,floor,187,497,246,2,suitcase,97,139,303,218,1,3,499,433,357,400,"(246, 433, 2, 499)","(303, 400, 218, 357)"
2370808.jpg,sitting on,floor,83,338,176,162,sofa,111,166,132,0,1,3,500,259,166,243,"(176, 259, 162, 500)","(132, 243, 0, 166)"
2397390.jpg,wearing,helmet,31,45,58,298,man,183,194,24,261,0,3,343,89,455,207,"(58, 89, 298, 343)","(24, 207, 261, 455)"
2331304.jpg,walking on,platform,194,262,176,236,person,50,17,160,453,0,3,498,370,470,210,"(176, 370, 236, 498)","(160, 210, 453, 470)"
2370588.jpg,wearing,belt,60,67,142,98,woman,421,237,22,12,0,3,165,202,249,443,"(142, 202, 98, 165)","(22, 443, 12, 249)"
2317770.jpg,sitting on,railing,64,293,104,200,boys,37,25,97,251,1,3,493,168,276,134,"(104, 168, 200, 493)","(97, 134, 251, 276)"
1592396.jpg,wearing,sunglasses,26,61,152,726,man,68,87,135,713,0,3,787,178,800,203,"(152, 178, 726, 787)","(135, 203, 713, 800)"
2381396.jpg,sitting on,table,301,433,68,34,plants,68,79,1,334,1,3,467,369,413,69,"(68, 369, 34, 467)","(1, 69, 334, 413)"
2369537.jpg,sitting on,bench,32,122,169,94,person,53,26,151,118,1,3,216,201,144,204,"(169, 201, 94, 216)","(151, 204, 118, 144)"
2410236.jpg,wearing,shirt,5,5,209,56,person,13,7,206,54,0,3,61,214,61,219,"(209, 214, 56, 61)","(206, 219, 54, 61)"
2348570.jpg,sitting on,head,261,240,10,259,sunglasses,54,78,18,354,1,3,499,271,432,72,"(10, 271, 259, 499)","(18, 72, 354, 432)"
2325485.jpg,lying on,ground,29,53,189,281,bike,97,205,179,230,0,3,334,218,435,276,"(189, 218, 281, 334)","(179, 276, 230, 435)"
2383744.jpg,wearing,glove,13,17,124,433,man,145,83,114,414,0,3,450,137,497,259,"(124, 137, 433, 450)","(114, 259, 414, 497)"
2398899.jpg,sitting on,branch,364,293,134,37,bird,60,75,372,169,1,3,330,498,244,432,"(134, 498, 37, 330)","(372, 432, 169, 244)"
2334189.jpg,sitting on,ground,95,194,234,24,vase,216,132,73,44,1,3,218,329,176,289,"(234, 329, 24, 218)","(73, 289, 44, 176)"
2337464.jpg,standing on,dirt,298,493,29,5,elephant,242,126,34,37,0,3,498,327,163,276,"(29, 327, 5, 498)","(34, 276, 37, 163)"
2410760.jpg,wearing,jersey,60,60,125,122,player,172,112,106,116,0,3,182,185,228,278,"(125, 185, 122, 182)","(106, 278, 116, 228)"
2337515.jpg,wearing,shoes,71,107,192,38,man,219,99,14,29,0,3,145,263,128,233,"(192, 263, 38, 145)","(14, 233, 29, 128)"
2363191.jpg,wearing,sunglasses,27,38,250,148,man,283,172,215,138,0,3,186,277,310,498,"(250, 277, 148, 186)","(215, 498, 138, 310)"
2385388.jpg,wearing,necklace,39,55,296,268,girl,228,364,127,103,0,3,323,335,467,355,"(296, 335, 268, 323)","(127, 355, 103, 467)"
2383905.jpg,sitting on,bleachers,286,426,35,52,cup,32,25,213,111,1,3,478,321,136,245,"(35, 321, 52, 478)","(213, 245, 111, 136)"
2358093.jpg,sitting on,table,105,498,269,1,candle,40,26,299,56,1,3,499,374,82,339,"(269, 374, 1, 499)","(299, 339, 56, 82)"
2321800.jpg,sitting on,branch,166,69,232,279,bird,92,118,152,268,1,3,348,398,386,244,"(232, 398, 279, 348)","(152, 244, 268, 386)"
2414405.jpg,wearing,blue,67,75,0,38,woman,88,38,133,380,0,3,113,67,418,221,"(0, 67, 38, 113)","(133, 221, 380, 418)"
2363062.jpg,wearing,tie,218,87,172,98,person,468,254,30,22,0,3,185,390,276,498,"(172, 390, 98, 185)","(30, 498, 22, 276)"
2399537.jpg,sitting on,field,312,499,43,0,person,34,25,62,310,1,3,499,355,335,96,"(43, 355, 0, 499)","(62, 96, 310, 335)"
2375834.jpg,wearing,t-shirt,25,44,474,286,man,68,42,430,289,0,3,330,499,331,498,"(474, 499, 286, 330)","(430, 498, 289, 331)"
2413857.jpg,wearing,shoes,22,54,311,109,man,299,117,34,43,0,3,163,333,160,333,"(311, 333, 109, 163)","(34, 333, 43, 160)"
2401520.jpg,sitting on,desk,118,494,255,3,laptop,84,94,230,317,1,3,497,373,411,314,"(255, 373, 3, 497)","(230, 314, 317, 411)"
2408930.jpg,wearing,hat,28,35,13,107,man,123,147,11,0,0,3,142,41,147,134,"(13, 41, 107, 142)","(11, 134, 0, 147)"
1774.jpg,sitting on,chair,82,73,352,669,man,121,108,317,627,1,3,742,434,735,438,"(352, 434, 669, 742)","(317, 438, 627, 735)"
2402488.jpg,sitting on,plate,313,499,45,1,bean,18,24,263,280,1,3,500,358,304,281,"(45, 358, 1, 500)","(263, 281, 280, 304)"
2390859.jpg,wearing,belt,32,160,399,97,woman,447,275,49,30,0,3,257,431,305,496,"(399, 431, 97, 257)","(49, 496, 30, 305)"
2369161.jpg,sitting on,table,238,349,87,50,fruit,21,18,107,237,1,3,399,325,255,128,"(87, 325, 50, 399)","(107, 128, 237, 255)"
2336716.jpg,sitting on,grass,154,495,177,4,person,185,55,1,119,1,3,499,331,174,186,"(177, 331, 4, 499)","(1, 186, 119, 174)"
2393894.jpg,sitting on,bench,10,23,294,270,person,27,15,279,283,1,3,293,304,298,306,"(294, 304, 270, 293)","(279, 306, 283, 298)"
2385887.jpg,sitting on,floor,167,499,165,1,speaker,40,38,141,1,1,3,500,332,39,181,"(165, 332, 1, 500)","(141, 181, 1, 39)"
2385225.jpg,wearing,shoe,19,29,202,268,woman,169,204,59,173,0,3,297,221,377,228,"(202, 221, 268, 297)","(59, 228, 173, 377)"
2379238.jpg,wearing,black,360,251,67,50,man,421,272,48,57,0,3,301,427,329,469,"(67, 427, 50, 301)","(48, 469, 57, 329)"
2377838.jpg,sitting on,table,73,205,47,292,bowl,52,72,11,425,1,3,497,120,497,63,"(47, 120, 292, 497)","(11, 63, 425, 497)"
2346251.jpg,wearing,jacket,215,164,83,25,man,483,187,17,0,0,3,189,298,187,500,"(83, 298, 25, 189)","(17, 500, 0, 187)"
2393155.jpg,says,grocery,34,97,69,184,word,31,93,70,184,0,3,281,103,277,101,"(69, 103, 184, 281)","(70, 101, 184, 277)"
2348722.jpg,wearing,pants,22,23,85,59,person,21,17,85,61,0,3,82,107,78,106,"(85, 107, 59, 82)","(85, 106, 61, 78)"
2372030.jpg,parked on,street,273,499,70,0,motorcycle,180,344,163,84,0,3,499,343,428,343,"(70, 343, 0, 499)","(163, 343, 84, 428)"
2318317.jpg,standing on,sidewalk,12,80,130,265,person,41,15,99,258,0,3,345,142,273,140,"(130, 142, 265, 345)","(99, 140, 258, 273)"
1593142.jpg,wearing,shirt,126,156,107,804,woman,234,202,25,788,0,3,960,233,990,259,"(107, 233, 804, 960)","(25, 259, 788, 990)"
2351300.jpg,sitting on,bench,166,365,164,133,person,210,200,121,184,1,3,498,330,384,331,"(164, 330, 133, 498)","(121, 331, 184, 384)"
2344270.jpg,sitting on,pizza,105,166,198,226,fingers,75,50,228,242,1,3,392,303,292,303,"(198, 303, 226, 392)","(228, 303, 242, 292)"
2397385.jpg,sitting on,surface,471,449,21,14,carrot,333,234,31,169,1,3,463,492,403,364,"(21, 492, 14, 463)","(31, 364, 169, 403)"
2366448.jpg,carrying,log,104,190,168,165,elephant,270,202,62,128,0,3,355,272,330,332,"(168, 272, 165, 355)","(62, 332, 128, 330)"
2373593.jpg,wearing,shirt,59,52,149,337,woman,171,60,125,332,0,3,389,208,392,296,"(149, 208, 337, 389)","(125, 296, 332, 392)"
2412197.jpg,wearing,uniform,139,76,58,85,woman,303,134,18,88,0,3,161,197,222,321,"(58, 197, 85, 161)","(18, 321, 88, 222)"
2365378.jpg,walking on,road,79,163,201,189,sheep,151,142,117,78,0,3,352,280,220,268,"(201, 280, 189, 352)","(117, 268, 78, 220)"
1159805.jpg,sitting on,desk,632,972,325,1,laptop,277,347,213,562,1,3,973,957,909,490,"(325, 957, 1, 973)","(213, 490, 562, 909)"
2389590.jpg,growing on,branch,246,367,247,1,moss,130,230,258,15,0,3,368,493,245,388,"(247, 493, 1, 368)","(258, 388, 15, 245)"
2391334.jpg,sitting on,street,201,424,128,74,bus,184,206,20,97,1,3,498,329,303,204,"(128, 329, 74, 498)","(20, 204, 97, 303)"
2410669.jpg,wearing,jacket,33,37,162,128,skier,52,50,142,118,0,3,165,195,168,194,"(162, 195, 128, 165)","(142, 194, 118, 168)"
2389397.jpg,riding,canoe,16,51,162,85,man,26,28,140,105,0,3,136,178,133,166,"(162, 178, 85, 136)","(140, 166, 105, 133)"
2325153.jpg,sitting on,car,72,123,62,287,person,58,35,51,294,1,3,410,134,329,109,"(62, 134, 287, 410)","(51, 109, 294, 329)"
3945.jpg,watching,fish,197,414,129,30,person,74,29,325,485,0,3,444,326,514,399,"(129, 326, 30, 444)","(325, 399, 485, 514)"
2382847.jpg,sitting on,ground,37,481,199,2,airplane,12,32,194,392,1,3,483,236,424,206,"(199, 236, 2, 483)","(194, 206, 392, 424)"
2315452.jpg,wearing,glove,72,73,25,399,man,451,485,25,14,0,3,472,97,499,476,"(25, 97, 399, 472)","(25, 476, 14, 499)"
2340924.jpg,covering,ground,156,480,265,19,snow,155,493,266,2,0,3,499,421,495,421,"(265, 421, 19, 499)","(266, 421, 2, 495)"
2315453.jpg,mounted on,wheel,209,68,161,295,spoke,12,47,237,316,0,3,363,370,363,249,"(161, 370, 295, 363)","(237, 249, 316, 363)"
2403804.jpg,wearing,shoes,58,259,408,22,men,448,285,21,26,0,3,281,466,311,469,"(408, 466, 22, 281)","(21, 469, 26, 311)"
2390319.jpg,riding,horse,51,29,118,319,lady,43,20,98,341,0,3,348,169,361,141,"(118, 169, 319, 348)","(98, 141, 341, 361)"
497991.jpg,sitting on,floor,153,119,691,556,plate,42,64,684,607,1,3,675,844,671,726,"(691, 844, 556, 675)","(684, 726, 607, 671)"
2384326.jpg,carrying,surfboard,21,80,237,53,man,58,33,223,74,0,3,133,258,107,281,"(237, 258, 53, 133)","(223, 281, 74, 107)"
2391069.jpg,sitting on,hillside,134,474,198,24,barrel,34,46,276,136,1,3,498,332,182,310,"(198, 332, 24, 498)","(276, 310, 136, 182)"
2353610.jpg,wearing,shirt,158,163,71,282,man,263,181,0,264,0,3,445,229,445,263,"(71, 229, 282, 445)","(0, 263, 264, 445)"
2358781.jpg,wearing,shoe,80,236,258,247,woman,350,254,0,245,0,3,483,338,499,350,"(258, 338, 247, 483)","(0, 350, 245, 499)"
2333429.jpg,sitting on,ground,253,495,119,2,bucket,45,50,143,116,1,3,497,372,166,188,"(119, 372, 2, 497)","(143, 188, 116, 166)"
569.jpg,sitting on,chair,269,213,329,426,man,281,250,317,345,1,3,639,598,595,598,"(329, 598, 426, 639)","(317, 598, 345, 595)"
2416268.jpg,wearing,coat,120,94,110,233,man,247,97,75,231,0,3,327,230,328,322,"(110, 230, 233, 327)","(75, 322, 231, 328)"
2342225.jpg,wearing,boots,78,75,293,213,woman,314,117,57,188,0,3,288,371,305,371,"(293, 371, 213, 288)","(57, 371, 188, 305)"
1159655.jpg,wearing,shirt,33,37,314,61,person,24,21,317,72,0,3,98,347,93,341,"(314, 347, 61, 98)","(317, 341, 72, 93)"
2342417.jpg,sitting on,floor,317,467,14,1,board,123,85,85,412,1,3,468,331,497,208,"(14, 331, 1, 468)","(85, 208, 412, 497)"
2358817.jpg,sitting on,sand,147,494,225,6,person,87,74,183,53,1,3,500,372,127,270,"(225, 372, 6, 500)","(183, 270, 53, 127)"
2353059.jpg,sitting on,blanket,22,77,290,82,person,71,56,240,100,1,3,159,312,156,311,"(290, 312, 82, 159)","(240, 311, 100, 156)"
2331519.jpg,sitting on,grass,353,496,1,3,dog,216,407,72,91,1,3,499,354,498,288,"(1, 354, 3, 499)","(72, 288, 91, 498)"
2362825.jpg,sitting on,bench,56,202,226,0,female,108,116,173,35,1,3,202,282,151,281,"(226, 282, 0, 202)","(173, 281, 35, 151)"
70.jpg,wearing,sunglasses,31,43,229,68,woman,55,68,209,45,0,3,111,260,113,264,"(229, 260, 68, 111)","(209, 264, 45, 113)"
227.jpg,walking on,sidewalk,44,109,552,688,shoppers,67,75,515,711,0,3,797,596,786,582,"(552, 596, 688, 797)","(515, 582, 711, 786)"
2389929.jpg,sitting on,bench,46,181,271,172,woman,63,34,240,234,1,3,353,317,268,303,"(271, 317, 172, 353)","(240, 303, 234, 268)"
2370237.jpg,sitting on,toilet,197,290,162,16,cat,370,451,3,31,1,3,306,359,482,373,"(162, 359, 16, 306)","(3, 373, 31, 482)"
2381230.jpg,wearing,pants,24,32,107,249,son,78,34,59,250,0,3,281,131,284,137,"(107, 131, 249, 281)","(59, 137, 250, 284)"
107912.jpg,sitting on,dock,80,295,232,2,container,55,99,192,0,1,3,297,312,99,247,"(232, 312, 2, 297)","(192, 247, 0, 99)"
2395302.jpg,sitting on,ground,140,118,120,13,bear,305,301,12,127,1,3,131,260,428,317,"(120, 260, 13, 131)","(12, 317, 127, 428)"
2381670.jpg,wearing,shirt,62,49,256,237,woman,91,64,229,227,0,3,286,318,291,320,"(256, 318, 237, 286)","(229, 320, 227, 291)"
2335833.jpg,sitting on,counter,63,299,211,1,tongs,21,30,242,2,1,3,300,274,32,263,"(211, 274, 1, 300)","(242, 263, 2, 32)"
2325932.jpg,playing,frisbee,47,85,211,285,woman,395,247,91,127,0,3,370,258,374,486,"(211, 258, 285, 370)","(91, 486, 127, 374)"
2354763.jpg,sitting on,bench,130,249,89,115,child,93,56,80,208,1,3,364,219,264,173,"(89, 219, 115, 364)","(80, 173, 208, 264)"
2350997.jpg,walking on,street,45,260,285,104,man,65,40,248,201,0,3,364,330,241,313,"(285, 330, 104, 364)","(248, 313, 201, 241)"
2388122.jpg,sitting on,bleachers,67,226,47,2,person,66,35,3,59,1,3,228,114,94,69,"(47, 114, 2, 228)","(3, 69, 59, 94)"
2354312.jpg,sitting on,table,51,67,171,143,jug,38,38,161,160,1,3,210,222,198,199,"(171, 222, 143, 210)","(161, 199, 160, 198)"
2349704.jpg,standing on,wire,152,495,136,2,bird,57,25,211,124,0,3,497,288,149,268,"(136, 288, 2, 497)","(211, 268, 124, 149)"
2406280.jpg,sitting on,commode,161,130,213,171,man,371,245,2,107,1,3,301,374,352,373,"(213, 374, 171, 301)","(2, 373, 107, 352)"
2378543.jpg,wearing,suit,85,122,43,188,man,118,107,141,196,0,3,310,128,303,259,"(43, 128, 188, 310)","(141, 259, 196, 303)"
2353785.jpg,sitting on,plate,38,83,135,310,pizza,31,60,136,321,1,3,393,173,381,167,"(135, 173, 310, 393)","(136, 167, 321, 381)"
2381102.jpg,wearing,dress,114,51,166,324,girl,140,54,140,323,0,3,375,280,377,280,"(166, 280, 324, 375)","(140, 280, 323, 377)"
2344500.jpg,wearing,coat,92,63,145,173,person,155,64,141,171,0,3,236,237,235,296,"(145, 237, 173, 236)","(141, 296, 171, 235)"
2343381.jpg,sitting on,ground,190,498,184,1,water,75,210,299,2,1,3,499,374,212,374,"(184, 374, 1, 499)","(299, 374, 2, 212)"
2363122.jpg,wearing,helmet,13,18,222,289,man,123,49,223,274,0,3,307,235,323,346,"(222, 235, 289, 307)","(223, 346, 274, 323)"
2360303.jpg,riding,elephant,157,282,191,50,man,98,81,189,236,0,3,332,348,317,287,"(191, 348, 50, 332)","(189, 287, 236, 317)"
2403475.jpg,wearing,glasses,12,35,144,284,man,254,92,119,256,0,3,319,156,348,373,"(144, 156, 284, 319)","(119, 373, 256, 348)"
2354377.jpg,sitting on,bike,209,312,112,70,woman,285,141,23,153,1,3,382,321,294,308,"(112, 321, 70, 382)","(23, 308, 153, 294)"
2369340.jpg,sitting on,table,33,68,341,431,lamp,127,67,241,431,1,3,499,374,498,368,"(341, 374, 431, 499)","(241, 368, 431, 498)"
2391872.jpg,wearing,skirt,97,162,276,192,woman,369,134,6,213,0,3,354,373,347,375,"(276, 373, 192, 354)","(6, 375, 213, 347)"
2357988.jpg,sitting on,couch,324,494,50,4,pillow,198,109,176,289,1,3,498,374,398,374,"(50, 374, 4, 498)","(176, 374, 289, 398)"
2390769.jpg,watching,kite,28,29,166,234,people,35,161,197,2,0,3,263,194,163,232,"(166, 194, 234, 263)","(197, 232, 2, 163)"
2417948.jpg,wearing,tie,93,53,115,133,man,472,185,26,66,0,3,186,208,251,498,"(115, 208, 133, 186)","(26, 498, 66, 251)"
2342859.jpg,sitting on,couch,262,471,112,1,cat,331,345,22,82,1,3,472,374,427,353,"(112, 374, 1, 472)","(22, 353, 82, 427)"
2378739.jpg,sitting on,grass,107,496,268,3,kid,24,18,282,209,1,3,499,375,227,306,"(268, 375, 3, 499)","(282, 306, 209, 227)"
2389056.jpg,sitting on,book,298,399,1,1,phone,239,224,28,82,1,3,400,299,306,267,"(1, 299, 1, 400)","(28, 267, 82, 306)"
2356338.jpg,hanging from,board,95,232,84,186,strap,50,145,143,262,0,3,418,179,407,193,"(84, 179, 186, 418)","(143, 193, 262, 407)"
2361936.jpg,sitting on,wagon,174,196,150,180,man,86,64,113,257,1,3,376,324,321,199,"(150, 324, 180, 376)","(113, 199, 257, 321)"
2331255.jpg,wearing,shoe,28,46,121,42,man,135,120,12,25,0,3,88,149,145,147,"(121, 149, 42, 88)","(12, 147, 25, 145)"
2382819.jpg,sitting on,plate,373,499,1,0,cucumber,96,62,119,420,1,3,499,374,482,215,"(1, 374, 0, 499)","(119, 215, 420, 482)"
86.jpg,sitting on,train,302,358,23,58,person,113,64,170,211,1,3,416,325,275,283,"(23, 325, 58, 416)","(170, 283, 211, 275)"
2398484.jpg,wearing,shoe,18,37,204,103,man,196,139,46,102,0,3,140,222,241,242,"(204, 222, 103, 140)","(46, 242, 102, 241)"
498139.jpg,sitting on,plate,234,411,345,179,oranges,252,357,311,219,1,3,590,579,576,563,"(345, 579, 179, 590)","(311, 563, 219, 576)"
2317338.jpg,wearing,jacket,176,404,155,63,man,332,404,0,65,0,3,467,331,469,332,"(155, 331, 63, 467)","(0, 332, 65, 469)"
2395656.jpg,sitting on,snow,107,499,103,0,plane,175,463,16,22,1,3,499,210,485,191,"(103, 210, 0, 499)","(16, 191, 22, 485)"
2389024.jpg,wearing,blouse,67,74,132,156,woman,117,84,89,160,0,3,230,199,244,206,"(132, 199, 156, 230)","(89, 206, 160, 244)"
2358827.jpg,flying in,sky,271,498,1,1,kite,18,27,97,352,0,3,499,272,379,115,"(1, 272, 1, 499)","(97, 115, 352, 379)"
2355278.jpg,sitting on,floor,314,372,185,1,umbrella,275,373,103,1,1,3,373,499,374,378,"(185, 499, 1, 373)","(103, 378, 1, 374)"
1592397.jpg,wearing,glasses,63,165,161,549,man,482,417,57,452,0,3,714,224,869,539,"(161, 224, 549, 714)","(57, 539, 452, 869)"
2382819.jpg,sitting on,plate,373,499,1,0,broccoli,87,118,251,200,1,3,499,374,318,338,"(1, 374, 0, 499)","(251, 338, 200, 318)"
2391730.jpg,walking on,street,122,251,377,1,man,77,28,387,200,0,3,252,499,228,464,"(377, 499, 1, 252)","(387, 464, 200, 228)"
2317001.jpg,playing,frisbee,45,18,111,132,woman,263,125,56,118,0,3,150,156,243,319,"(111, 156, 132, 150)","(56, 319, 118, 243)"
2339060.jpg,sitting on,stool,29,69,345,422,man,248,158,107,334,1,3,491,374,492,355,"(345, 374, 422, 491)","(107, 355, 334, 492)"
2384927.jpg,wearing,shoes,25,51,475,92,men,444,161,56,39,0,3,143,500,200,500,"(475, 500, 92, 143)","(56, 500, 39, 200)"
2323091.jpg,sitting on,desk,176,141,193,348,lamp,105,66,111,417,1,3,489,369,483,216,"(193, 369, 348, 489)","(111, 216, 417, 483)"
2353018.jpg,sitting on,table,100,260,219,13,cigarettes,21,36,229,180,1,3,273,319,216,250,"(219, 319, 13, 273)","(229, 250, 180, 216)"
2367565.jpg,wearing,jacket,108,132,116,127,boy,282,169,63,107,0,3,259,224,276,345,"(116, 224, 127, 259)","(63, 345, 107, 276)"
2325495.jpg,wearing,shirt,85,70,166,396,man,127,118,154,365,0,3,466,251,483,281,"(166, 251, 396, 466)","(154, 281, 365, 483)"
2318935.jpg,wearing,heels,21,26,206,110,woman,184,77,4,68,0,3,136,227,145,188,"(206, 227, 110, 136)","(4, 188, 68, 145)"
2384820.jpg,sitting on,desk,116,131,145,126,frame,30,18,127,137,1,3,257,261,155,157,"(145, 261, 126, 257)","(127, 157, 137, 155)"
2413158.jpg,lying on,ground,187,498,142,0,leaf,6,14,169,444,0,3,498,329,458,175,"(142, 329, 0, 498)","(169, 175, 444, 458)"
2357834.jpg,lying on,ground,498,399,1,0,wool,29,71,306,308,0,3,399,499,379,335,"(1, 499, 0, 399)","(306, 335, 308, 379)"
2320158.jpg,wearing,shorts,33,58,148,391,girl,228,105,33,368,0,3,449,181,473,261,"(148, 181, 391, 449)","(33, 261, 368, 473)"
2386584.jpg,standing on,grass,317,495,5,3,pigeon,26,16,84,320,0,3,498,322,336,110,"(5, 322, 3, 498)","(84, 110, 320, 336)"
2323542.jpg,sitting on,chair,46,41,227,455,person,40,27,229,471,1,3,496,273,498,269,"(227, 273, 455, 496)","(229, 269, 471, 498)"
2394799.jpg,parked on,street,88,366,411,7,car,34,59,399,37,0,3,373,499,96,433,"(411, 499, 7, 373)","(399, 433, 37, 96)"
2356826.jpg,covering,motorcycle,191,108,210,118,tarp,199,102,204,91,0,3,226,401,193,403,"(210, 401, 118, 226)","(204, 403, 91, 193)"
2364201.jpg,wearing,hat,25,28,335,439,man,157,57,339,424,0,3,467,360,481,496,"(335, 360, 439, 467)","(339, 496, 424, 481)"
2379111.jpg,sitting on,floor,65,66,434,0,bed,471,358,29,23,1,3,66,499,381,500,"(434, 499, 0, 66)","(29, 500, 23, 381)"
2350234.jpg,hanging from,bags,52,59,77,156,bags,110,111,48,16,0,3,215,129,127,158,"(77, 129, 156, 215)","(48, 158, 16, 127)"
2362842.jpg,wearing,t-shirt,88,83,237,62,boy,203,85,211,60,0,3,145,325,145,414,"(237, 325, 62, 145)","(211, 414, 60, 145)"
2411223.jpg,carrying,bag,90,45,271,56,woman,319,100,114,57,0,3,101,361,157,433,"(271, 361, 56, 101)","(114, 433, 57, 157)"
2388316.jpg,sitting on,refrigerator,104,316,227,43,bottle,48,47,113,136,1,3,359,331,183,161,"(227, 331, 43, 359)","(113, 161, 136, 183)"
3673.jpg,wearing,shirt,105,452,372,84,man,419,440,58,101,0,3,536,477,541,477,"(372, 477, 84, 536)","(58, 477, 101, 541)"
2373810.jpg,sitting on,table,119,378,212,58,plate,30,25,250,252,1,3,436,331,277,280,"(212, 331, 58, 436)","(250, 280, 252, 277)"
2383703.jpg,says,23,25,27,315,142,jersey,67,74,287,123,0,3,169,340,197,354,"(315, 340, 142, 169)","(287, 354, 123, 197)"
2352755.jpg,eating,grass,107,350,387,0,zebra,224,167,273,190,0,3,350,494,357,497,"(387, 494, 0, 350)","(273, 497, 190, 357)"
2318819.jpg,wearing,helmet,65,73,41,67,batter,411,252,43,12,0,3,140,106,264,454,"(41, 106, 67, 140)","(43, 454, 12, 264)"
2344647.jpg,sitting on,chair,210,135,121,89,woman,253,116,77,103,1,3,224,331,219,330,"(121, 331, 89, 224)","(77, 330, 103, 219)"
2344794.jpg,sitting on,chair,328,252,170,67,man,362,297,27,32,1,3,319,498,329,389,"(170, 498, 67, 319)","(27, 389, 32, 329)"
2349692.jpg,sitting on,bench,185,379,150,59,man,297,226,76,209,1,3,438,335,435,373,"(150, 335, 59, 438)","(76, 373, 209, 435)"
2353283.jpg,sitting on,bench,20,54,1,364,person,10,9,3,372,1,3,418,21,381,13,"(1, 21, 364, 418)","(3, 13, 372, 381)"
2378394.jpg,sitting on,rock,114,87,203,155,person,167,92,130,257,1,3,242,317,349,297,"(203, 317, 155, 242)","(130, 297, 257, 349)"
2352213.jpg,wearing,shirt,100,38,127,427,person,120,62,114,413,0,3,465,227,475,234,"(127, 227, 427, 465)","(114, 234, 413, 475)"
2412090.jpg,painted on,road,185,307,309,24,line,17,29,333,140,0,3,331,494,169,350,"(309, 494, 24, 331)","(333, 350, 140, 169)"
2350053.jpg,sitting on,table,246,499,127,0,man,124,282,1,128,1,3,499,373,410,125,"(127, 373, 0, 499)","(1, 125, 128, 410)"
2398243.jpg,sitting on,table,52,187,446,9,pizza,165,240,218,33,1,3,196,498,273,383,"(446, 498, 9, 196)","(218, 383, 33, 273)"
2363651.jpg,wearing,pants,54,38,117,271,man,118,54,56,260,0,3,309,171,314,174,"(117, 171, 271, 309)","(56, 174, 260, 314)"
2391950.jpg,wearing,sunglasses,18,19,37,107,man,75,28,24,96,0,3,126,55,124,99,"(37, 55, 107, 126)","(24, 99, 96, 124)"
2411517.jpg,sitting on,floor,311,331,188,0,man,302,215,183,60,1,3,331,499,275,485,"(188, 499, 0, 331)","(183, 485, 60, 275)"
2400597.jpg,sitting on,bench,70,268,258,140,man,100,71,217,187,1,3,408,328,258,317,"(258, 328, 140, 408)","(217, 317, 187, 258)"
2381404.jpg,wearing,ring,19,18,289,24,man,255,87,118,2,0,3,42,308,89,373,"(289, 308, 24, 42)","(118, 373, 2, 89)"
2359263.jpg,sitting on,couch,200,243,78,256,man,199,115,60,243,1,3,499,278,358,259,"(78, 278, 256, 499)","(60, 259, 243, 358)"
2322793.jpg,watching,airplane,19,30,230,157,person,71,17,314,74,0,3,187,249,91,385,"(230, 249, 157, 187)","(314, 385, 74, 91)"
2411557.jpg,watching,dog,76,96,168,208,crowd,87,498,210,1,0,3,304,244,499,297,"(168, 244, 208, 304)","(210, 297, 1, 499)"
2407148.jpg,sitting on,bed,200,497,130,0,cat,130,159,184,159,1,3,497,330,318,314,"(130, 330, 0, 497)","(184, 314, 159, 318)"
2405065.jpg,carrying,umbrella,182,269,12,68,woman,112,58,57,377,0,3,337,194,435,169,"(12, 194, 68, 337)","(57, 169, 377, 435)"
2400947.jpg,sitting on,table,350,363,22,29,wallet,234,210,14,1,1,3,392,372,211,248,"(22, 372, 29, 392)","(14, 248, 1, 211)"
2410615.jpg,wearing,helmet,26,42,87,35,player,59,51,91,18,0,3,77,113,69,150,"(87, 113, 35, 77)","(91, 150, 18, 69)"
2341420.jpg,wearing,ring,15,22,282,343,woman,218,249,153,249,0,3,365,297,498,371,"(282, 297, 343, 365)","(153, 371, 249, 498)"
2384003.jpg,eating,grass,251,496,76,0,goats,193,310,104,0,0,3,496,327,310,297,"(76, 327, 0, 496)","(104, 297, 0, 310)"
2406280.jpg,sitting on,toilet,161,130,213,171,man,371,245,2,107,1,3,301,374,352,373,"(213, 374, 171, 301)","(2, 373, 107, 352)"
843.jpg,sitting on,tree,594,667,2,56,squirrel,126,125,227,326,1,3,723,596,451,353,"(2, 596, 56, 723)","(227, 353, 326, 451)"
2380035.jpg,sitting on,table,247,332,253,1,doughnut,43,58,312,109,1,3,333,500,167,355,"(253, 500, 1, 333)","(312, 355, 109, 167)"
2379641.jpg,sitting on,sofa,244,459,1,1,bag,39,52,24,53,1,3,460,245,105,63,"(1, 245, 1, 460)","(24, 63, 53, 105)"
2363013.jpg,sitting on,nightstand,89,65,278,431,cat,41,62,233,438,1,3,496,367,500,274,"(278, 367, 431, 496)","(233, 274, 438, 500)"
2342311.jpg,wearing,glasses,35,75,124,73,woman,466,230,22,18,0,3,148,159,248,488,"(124, 159, 73, 148)","(22, 488, 18, 248)"
2325032.jpg,wearing,vest,39,27,92,83,person,112,82,78,54,0,3,110,131,136,190,"(92, 131, 83, 110)","(78, 190, 54, 136)"
2374813.jpg,sitting on,desktop,183,394,190,102,penny,9,6,256,392,1,3,496,373,398,265,"(190, 373, 102, 496)","(256, 265, 392, 398)"
2399035.jpg,sitting on,post,182,183,42,287,cat,123,217,46,283,1,3,470,224,500,169,"(42, 224, 287, 470)","(46, 169, 283, 500)"
2377825.jpg,parked on,street,91,222,219,96,car,17,23,206,72,0,3,318,310,95,223,"(219, 310, 96, 318)","(206, 223, 72, 95)"
2416482.jpg,painted on,sidewalk,387,374,89,0,line,212,370,285,1,0,3,374,476,371,497,"(89, 476, 0, 374)","(285, 497, 1, 371)"
2323737.jpg,sitting on,couch,139,188,164,3,person,188,79,142,94,1,3,191,303,173,330,"(164, 303, 3, 191)","(142, 330, 94, 173)"
2404381.jpg,sitting on,desk,221,495,3,5,telephone,194,167,19,0,1,3,500,224,167,213,"(3, 224, 5, 500)","(19, 213, 0, 167)"
2416044.jpg,wearing,shirt,68,371,0,18,person,87,387,0,0,0,3,389,68,387,87,"(0, 68, 18, 389)","(0, 87, 0, 387)"
2355751.jpg,wearing,sunglasses,14,52,109,155,woman,225,225,107,98,0,3,207,123,323,332,"(109, 123, 155, 207)","(107, 332, 98, 323)"
2384149.jpg,wearing,clothing,274,252,131,68,woman,399,282,19,37,0,3,320,405,319,418,"(131, 405, 68, 320)","(19, 418, 37, 319)"
2357628.jpg,wearing,vest,29,17,190,312,man,66,31,183,303,0,3,329,219,334,249,"(190, 219, 312, 329)","(183, 249, 303, 334)"
2368379.jpg,covering,floor,125,329,373,1,tile,65,59,377,177,0,3,330,498,236,442,"(373, 498, 1, 330)","(377, 442, 177, 236)"
2412386.jpg,sitting on,bedding,331,499,0,1,cat,289,391,0,108,1,3,500,331,499,289,"(0, 331, 1, 500)","(0, 289, 108, 499)"
2381997.jpg,sitting on,bench,84,172,314,48,spectator,108,70,284,0,1,3,220,398,70,392,"(314, 398, 48, 220)","(284, 392, 0, 70)"
2397006.jpg,lying on,couch,116,185,131,177,man,290,493,78,2,0,3,362,247,495,368,"(131, 247, 177, 362)","(78, 368, 2, 495)"
2351057.jpg,sitting on,pizza,136,245,45,14,mushroom,21,27,67,165,1,3,259,181,192,88,"(45, 181, 14, 259)","(67, 88, 165, 192)"
2396750.jpg,wearing,shirt,116,117,230,98,woman,345,252,27,27,0,3,215,346,279,372,"(230, 346, 98, 215)","(27, 372, 27, 279)"
2409688.jpg,wearing,headband,6,11,89,311,rower,25,23,94,303,0,3,322,95,326,119,"(89, 95, 311, 322)","(94, 119, 303, 326)"
2355554.jpg,sitting on,bus,497,336,2,3,person,468,327,30,47,1,3,339,499,374,498,"(2, 499, 3, 339)","(30, 498, 47, 374)"
2397496.jpg,wearing,googles,14,24,198,142,skier,234,131,177,131,0,3,166,212,262,411,"(198, 212, 142, 166)","(177, 411, 131, 262)"
2404227.jpg,lying on,ground,107,499,267,1,rock,38,46,336,358,0,3,500,374,404,374,"(267, 374, 1, 500)","(336, 374, 358, 404)"
2359248.jpg,wearing,glasses,10,20,127,230,boy,204,72,110,193,0,3,250,137,265,314,"(127, 137, 230, 250)","(110, 314, 193, 265)"
2317431.jpg,covered in,snow,333,373,165,1,ground,151,307,238,30,0,3,374,498,337,389,"(165, 498, 1, 374)","(238, 389, 30, 337)"
2328214.jpg,sitting on,shelf,153,42,45,270,cup,12,10,151,290,1,3,312,198,300,163,"(45, 198, 270, 312)","(151, 163, 290, 300)"
2361111.jpg,sitting on,luggage,226,62,122,327,purse,72,72,175,325,1,3,389,348,397,247,"(122, 348, 327, 389)","(175, 247, 325, 397)"
286009.jpg,wearing,hats,98,768,381,45,group,333,835,386,49,0,3,813,479,884,719,"(381, 479, 45, 813)","(386, 719, 49, 884)"
2406883.jpg,eating,pastry,52,78,309,93,woman,409,352,91,80,0,3,171,361,432,500,"(309, 361, 93, 171)","(91, 500, 80, 432)"
2399082.jpg,wearing,shirt,224,195,146,71,girl,371,258,4,28,0,3,266,370,286,375,"(146, 370, 71, 266)","(4, 375, 28, 286)"
2346109.jpg,sitting on,table,36,149,292,0,beer,74,45,253,1,1,3,149,328,46,327,"(292, 328, 0, 149)","(253, 327, 1, 46)"
2319558.jpg,wearing,jacket,133,66,107,415,man,149,66,89,415,0,3,481,240,481,238,"(107, 240, 415, 481)","(89, 238, 415, 481)"
2368633.jpg,wearing,dress,219,130,81,193,lady,320,139,12,184,0,3,323,300,323,332,"(81, 300, 193, 323)","(12, 332, 184, 323)"
2399647.jpg,riding,horse,242,127,185,63,woman,124,91,82,115,0,3,190,427,206,206,"(185, 427, 63, 190)","(82, 206, 115, 206)"
2353879.jpg,sitting on,table,267,277,44,67,laptop,369,212,4,278,1,3,344,311,490,373,"(44, 311, 67, 344)","(4, 373, 278, 490)"
2321557.jpg,standing on,sidewalk,23,482,173,1,person,18,13,151,290,0,3,483,196,303,169,"(173, 196, 1, 483)","(151, 169, 290, 303)"
2373018.jpg,sitting on,bench,162,188,97,1,lady,216,162,36,15,1,3,189,259,177,252,"(97, 259, 1, 189)","(36, 252, 15, 177)"
2346446.jpg,sitting on,table,24,58,218,72,laptop,80,87,160,59,1,3,130,242,146,240,"(218, 242, 72, 130)","(160, 240, 59, 146)"
2350195.jpg,sitting on,sink,122,212,209,3,paper,38,32,183,134,1,3,215,331,166,221,"(209, 331, 3, 215)","(183, 221, 134, 166)"
1593066.jpg,sitting on,bench,68,247,363,390,people,156,258,326,386,1,3,637,431,644,482,"(363, 431, 390, 637)","(326, 482, 386, 644)"
2373955.jpg,wearing,hat,134,103,147,209,dog,278,373,220,5,0,3,312,281,378,498,"(147, 281, 209, 312)","(220, 498, 5, 378)"
2318630.jpg,sitting on,elephant,184,304,146,187,person,99,36,89,305,1,3,491,330,341,188,"(146, 330, 187, 491)","(89, 188, 305, 341)"
2400989.jpg,wearing,goggles,53,66,15,248,person,212,221,8,175,0,3,314,68,396,220,"(15, 68, 248, 314)","(8, 220, 175, 396)"
2354078.jpg,sitting on,bench,158,332,134,1,man,178,182,117,127,1,3,333,292,309,295,"(134, 292, 1, 333)","(117, 295, 127, 309)"
2376750.jpg,sitting on,elephant,184,228,122,178,children,80,119,68,253,1,3,406,306,372,148,"(122, 306, 178, 406)","(68, 148, 253, 372)"
2374316.jpg,sitting on,bed,260,496,20,1,baby,240,372,19,85,1,3,497,280,457,259,"(20, 280, 1, 497)","(19, 259, 85, 457)"
2327788.jpg,sitting on,table,319,450,46,24,bowl,95,152,78,28,1,3,474,365,180,173,"(46, 365, 24, 474)","(78, 173, 28, 180)"
2338030.jpg,sitting on,chair,40,25,77,5,man,73,22,45,0,1,3,30,117,22,118,"(77, 117, 5, 30)","(45, 118, 0, 22)"
2360273.jpg,sitting on,sand,267,497,107,1,ball,12,11,144,191,1,3,498,374,202,156,"(107, 374, 1, 498)","(144, 156, 191, 202)"
2404555.jpg,wearing,jeans,132,114,368,185,man,407,160,92,170,0,3,299,500,330,499,"(368, 500, 185, 299)","(92, 499, 170, 330)"
2405917.jpg,walking on,sidewalk,18,40,303,10,people,57,60,254,28,0,3,50,321,88,311,"(303, 321, 10, 50)","(254, 311, 28, 88)"
2365928.jpg,riding,elephant,221,121,134,204,person,64,34,68,220,0,3,325,355,254,132,"(134, 355, 204, 325)","(68, 132, 220, 254)"
2408416.jpg,eating,leaves,68,94,99,230,giraffe,109,153,45,84,0,3,324,167,237,154,"(99, 167, 230, 324)","(45, 154, 84, 237)"
2318770.jpg,sitting on,plate,368,332,46,0,bowl,233,249,60,4,1,3,332,414,253,293,"(46, 414, 0, 332)","(60, 293, 4, 253)"
2355173.jpg,sitting on,counter,22,205,231,269,bottle,43,14,196,279,1,3,474,253,293,239,"(231, 253, 269, 474)","(196, 239, 279, 293)"
2383948.jpg,using,cellphone,28,29,140,212,woman,433,277,66,55,0,3,241,168,332,499,"(140, 168, 212, 241)","(66, 499, 55, 332)"
2417656.jpg,wearing,pants,40,30,207,324,woman,98,41,158,316,0,3,354,247,357,256,"(207, 247, 324, 354)","(158, 256, 316, 357)"
2319284.jpg,wearing,belt,7,39,347,110,man,215,75,270,92,0,3,149,354,167,485,"(347, 354, 110, 149)","(270, 485, 92, 167)"
2337537.jpg,covered in,snow,27,104,29,187,mountain,108,237,23,145,0,3,291,56,382,131,"(29, 56, 187, 291)","(23, 131, 145, 382)"
2367207.jpg,wearing,wristband,14,18,153,173,man,286,109,139,104,0,3,191,167,213,425,"(153, 167, 173, 191)","(139, 425, 104, 213)"
2408333.jpg,sitting on,bed,61,499,313,0,bag,100,110,257,49,1,3,499,374,159,357,"(313, 374, 0, 499)","(257, 357, 49, 159)"
2323007.jpg,standing on,sidewalk,22,499,272,0,person,55,21,218,49,0,3,499,294,70,273,"(272, 294, 0, 499)","(218, 273, 49, 70)"
2320051.jpg,lying on,grass,87,350,202,2,baseball,8,9,244,68,0,3,352,289,77,252,"(202, 289, 2, 352)","(244, 252, 68, 77)"
2400678.jpg,wearing,pants,120,90,234,259,boy,310,116,28,253,0,3,349,354,369,338,"(234, 354, 259, 349)","(28, 338, 253, 369)"
2381248.jpg,wearing,jacket,79,85,96,173,woman,265,158,38,156,0,3,258,175,314,303,"(96, 175, 173, 258)","(38, 303, 156, 314)"
2396770.jpg,wearing,pants,135,203,138,119,pitcher,254,234,33,106,0,3,322,273,340,287,"(138, 273, 119, 322)","(33, 287, 106, 340)"
2387713.jpg,wearing,glasses,9,21,131,240,woman,58,52,122,229,0,3,261,140,281,180,"(131, 140, 240, 261)","(122, 180, 229, 281)"
2383753.jpg,wearing,hat,77,83,38,191,man,175,170,38,138,0,3,274,115,308,213,"(38, 115, 191, 274)","(38, 213, 138, 308)"
2379311.jpg,painted on,sidewalk,202,374,250,0,line,58,373,426,1,0,3,374,452,374,484,"(250, 452, 0, 374)","(426, 484, 1, 374)"
2345032.jpg,sitting on,rack,37,63,220,418,rim,10,9,223,444,1,3,481,257,453,233,"(220, 257, 418, 481)","(223, 233, 444, 453)"
2391833.jpg,wearing,glasses,12,23,32,246,woman,206,132,21,238,0,3,269,44,370,227,"(32, 44, 246, 269)","(21, 227, 238, 370)"
2358000.jpg,sitting on,carpet,39,37,454,261,man,479,322,6,1,1,3,298,493,323,485,"(454, 493, 261, 298)","(6, 485, 1, 323)"
2378138.jpg,wearing,shirt,22,21,247,122,woman,49,24,239,120,0,3,143,269,144,288,"(247, 269, 122, 143)","(239, 288, 120, 144)"
2373803.jpg,wearing,coveralls,82,35,167,100,person,112,40,150,72,0,3,135,249,112,262,"(167, 249, 100, 135)","(150, 262, 72, 112)"
2414361.jpg,sitting on,plate,361,468,12,15,food,375,498,0,1,1,3,483,373,499,375,"(12, 373, 15, 483)","(0, 375, 1, 499)"
2353058.jpg,sitting on,counter,173,121,192,211,bottle,43,13,162,259,1,3,332,365,272,205,"(192, 365, 211, 332)","(162, 205, 259, 272)"
2360060.jpg,sitting on,bicycle,128,57,179,441,boy,176,62,127,437,1,3,498,307,499,303,"(179, 307, 441, 498)","(127, 303, 437, 499)"
2353478.jpg,covering,eyes,11,42,93,417,mane,109,144,53,320,0,3,459,104,464,162,"(93, 104, 417, 459)","(53, 162, 320, 464)"
2395622.jpg,standing on,court,226,499,125,0,man,285,125,63,373,0,3,499,351,498,348,"(125, 351, 0, 499)","(63, 348, 373, 498)"
2390369.jpg,says,aclu,21,45,312,33,sticker,32,49,312,29,0,3,78,333,78,344,"(312, 333, 33, 78)","(312, 344, 29, 78)"
2400365.jpg,sitting on,desk,290,383,197,8,laptop,325,296,124,51,1,3,391,487,347,449,"(197, 487, 8, 391)","(124, 449, 51, 347)"
2352578.jpg,sitting on,desk,82,75,172,27,paper,83,96,117,21,1,3,102,254,117,200,"(172, 254, 27, 102)","(117, 200, 21, 117)"
2322594.jpg,covering,hillside,154,483,175,1,snow,158,483,173,0,0,3,484,329,483,331,"(175, 329, 1, 484)","(173, 331, 0, 483)"
2337666.jpg,sitting on,bush,118,56,170,144,plate,73,75,157,340,1,3,200,288,415,230,"(170, 288, 144, 200)","(157, 230, 340, 415)"
2363651.jpg,wearing,shirt,51,29,70,274,man,287,160,21,0,0,3,303,121,160,308,"(70, 121, 274, 303)","(21, 308, 0, 160)"
2376199.jpg,sitting on,runway,58,499,180,1,plane,143,490,75,6,1,3,500,238,496,218,"(180, 238, 1, 500)","(75, 218, 6, 496)"
2343383.jpg,wearing,shirt,267,290,233,208,man,418,393,81,107,0,3,498,500,500,499,"(233, 500, 208, 498)","(81, 499, 107, 500)"
2325125.jpg,walking on,road,54,65,300,424,man,60,29,284,250,0,3,489,354,279,344,"(300, 354, 424, 489)","(284, 344, 250, 279)"
2357469.jpg,walking on,sand,119,496,213,1,man,92,43,157,122,0,3,497,332,165,249,"(213, 332, 1, 497)","(157, 249, 122, 165)"
2376428.jpg,sitting on,ramp,365,333,131,0,man,69,43,126,73,1,3,333,496,116,195,"(131, 496, 0, 333)","(126, 195, 73, 116)"
2343203.jpg,sitting on,table,293,365,206,1,saucer,82,182,308,1,1,3,366,499,183,390,"(206, 499, 1, 366)","(308, 390, 1, 183)"
2415206.jpg,wearing,collar,49,61,216,151,dog,234,254,140,52,0,3,212,265,306,374,"(216, 265, 151, 212)","(140, 374, 52, 306)"
2328570.jpg,sitting on,sink,102,204,260,212,cat,128,137,181,98,1,3,416,362,235,309,"(260, 362, 212, 416)","(181, 309, 98, 235)"
2328993.jpg,sitting on,ground,34,232,464,1,giraffe,378,179,120,221,1,3,233,498,400,498,"(464, 498, 1, 233)","(120, 498, 221, 400)"
2387788.jpg,wearing,pants,112,100,0,37,boy,128,118,0,27,0,3,137,112,145,128,"(0, 112, 37, 137)","(0, 128, 27, 145)"
2351539.jpg,sitting on,table,138,490,234,1,glass,128,43,100,213,1,3,491,372,256,228,"(234, 372, 1, 491)","(100, 228, 213, 256)"
2389316.jpg,sitting on,bench,127,146,206,170,woman,108,62,124,205,1,3,316,333,267,232,"(206, 333, 170, 316)","(124, 232, 205, 267)"
285639.jpg,sitting on,lap,160,189,476,123,napkin,111,193,539,168,1,3,312,636,361,650,"(476, 636, 123, 312)","(539, 650, 168, 361)"
2358507.jpg,sitting on,bench,86,55,216,282,woman,100,63,201,286,1,3,337,302,349,301,"(216, 302, 282, 337)","(201, 301, 286, 349)"
2385078.jpg,sitting on,nightstand,14,21,219,140,flower,15,15,191,139,1,3,161,233,154,206,"(219, 233, 140, 161)","(191, 206, 139, 154)"
2408634.jpg,sitting on,grass,69,496,306,4,pylon,16,9,326,313,1,3,500,375,322,342,"(306, 375, 4, 500)","(326, 342, 313, 322)"
2359141.jpg,growing on,tree,290,257,35,25,branch,39,40,103,124,0,3,282,325,164,142,"(35, 325, 25, 282)","(103, 142, 124, 164)"
2342945.jpg,sitting on,desk,269,436,104,22,mouse,38,35,257,263,1,3,458,373,298,295,"(104, 373, 22, 458)","(257, 295, 263, 298)"
2412331.jpg,wearing,shirt,116,55,81,253,man,102,55,28,253,0,3,308,197,308,130,"(81, 197, 253, 308)","(28, 130, 253, 308)"
2364097.jpg,sitting on,shelf,30,56,250,267,pot,60,38,204,276,1,3,323,280,314,264,"(250, 280, 267, 323)","(204, 264, 276, 314)"
2360939.jpg,sitting on,desk,172,114,76,382,monitor,47,51,83,402,1,3,496,248,453,130,"(76, 248, 382, 496)","(83, 130, 402, 453)"
2337110.jpg,sitting on,table,37,64,361,0,can,33,15,342,9,1,3,64,398,24,375,"(361, 398, 0, 64)","(342, 375, 9, 24)"
2354822.jpg,growing on,rocks,211,454,122,0,flowers,45,66,201,0,0,3,454,333,66,246,"(122, 333, 0, 454)","(201, 246, 0, 66)"
2356191.jpg,sitting on,loveseat,163,498,107,0,man,260,478,9,15,1,3,498,270,493,269,"(107, 270, 0, 498)","(9, 269, 15, 493)"
2393881.jpg,sitting on,bench,33,38,224,103,man,29,14,211,101,1,3,141,257,115,240,"(224, 257, 103, 141)","(211, 240, 101, 115)"
2347924.jpg,sitting on,bus,211,291,40,139,passenger,28,28,98,223,1,3,430,251,251,126,"(40, 251, 139, 430)","(98, 126, 223, 251)"
2322134.jpg,sitting on,branch,114,171,135,229,bird,90,199,57,269,1,3,400,249,468,147,"(135, 249, 229, 400)","(57, 147, 269, 468)"
2400285.jpg,sitting on,house,92,384,298,0,chimney,82,53,297,166,1,3,384,390,219,379,"(298, 390, 0, 384)","(297, 379, 166, 219)"
2373985.jpg,wearing,shirt,135,85,188,65,girl,256,120,117,50,0,3,150,323,170,373,"(188, 323, 65, 150)","(117, 373, 50, 170)"
2355173.jpg,sitting on,stove,55,126,276,0,pot,63,74,219,11,1,3,126,331,85,282,"(276, 331, 0, 126)","(219, 282, 11, 85)"
2322516.jpg,sitting on,couch,333,436,35,33,fabric,73,67,31,29,1,3,469,368,96,104,"(35, 368, 33, 469)","(31, 104, 29, 96)"
2343325.jpg,watching,man,94,66,162,198,boy,135,40,168,442,0,3,264,256,482,303,"(162, 256, 198, 264)","(168, 303, 442, 482)"
2365821.jpg,sitting on,mat,29,103,289,128,dog,59,74,258,141,1,3,231,318,215,317,"(289, 318, 128, 231)","(258, 317, 141, 215)"
2401073.jpg,sitting on,field,131,332,366,0,woman,35,21,362,167,1,3,332,497,188,397,"(366, 497, 0, 332)","(362, 397, 167, 188)"
2404514.jpg,sitting on,hill,229,499,102,0,machine,9,9,122,235,1,3,499,331,244,131,"(102, 331, 0, 499)","(122, 131, 235, 244)"
2375279.jpg,sitting on,cart,76,100,40,191,person,40,30,71,223,1,3,291,116,253,111,"(40, 116, 191, 291)","(71, 111, 223, 253)"
2335072.jpg,sitting on,table,212,149,210,213,bottle,42,15,222,260,1,3,362,422,275,264,"(210, 422, 213, 362)","(222, 264, 260, 275)"
498071.jpg,standing on,sidewalk,578,879,187,140,person,189,73,166,833,0,3,1019,765,906,355,"(187, 765, 140, 1019)","(166, 355, 833, 906)"
2384113.jpg,eating,hay,125,135,83,0,sheep,157,120,153,260,0,3,135,208,380,310,"(83, 208, 0, 135)","(153, 310, 260, 380)"
2371202.jpg,covering,pillow,70,117,86,330,pillowcase,66,112,86,333,0,3,447,156,445,152,"(86, 156, 330, 447)","(86, 152, 333, 445)"
2341585.jpg,using,phone,13,7,109,182,woman,209,54,90,153,0,3,189,122,207,299,"(109, 122, 182, 189)","(90, 299, 153, 207)"
2411513.jpg,wearing,helmet,37,39,159,224,man,156,222,163,211,0,3,263,196,433,319,"(159, 196, 224, 263)","(163, 319, 211, 433)"
2343390.jpg,growing on,hills,77,230,112,258,tree,108,49,22,237,0,3,488,189,286,130,"(112, 189, 258, 488)","(22, 130, 237, 286)"
2410476.jpg,wearing,jeans,66,24,135,76,man,178,38,25,75,0,3,100,201,113,203,"(135, 201, 76, 100)","(25, 203, 75, 113)"
2385850.jpg,painted on,sign,27,61,115,142,miura,15,40,120,153,0,3,203,142,193,135,"(115, 142, 142, 203)","(120, 135, 153, 193)"
2379071.jpg,wearing,shirt,49,62,136,230,player,155,133,112,194,0,3,292,185,327,267,"(136, 185, 230, 292)","(112, 267, 194, 327)"
2357989.jpg,sitting on,bench,109,249,270,64,bag,91,86,204,142,1,3,313,379,228,295,"(270, 379, 64, 313)","(204, 295, 142, 228)"
2383448.jpg,sitting on,table,373,499,1,0,food,286,431,45,27,1,3,499,374,458,331,"(1, 374, 0, 499)","(45, 331, 27, 458)"
2397070.jpg,sitting on,bench,160,318,107,88,woman,233,121,59,290,1,3,406,267,411,292,"(107, 267, 88, 406)","(59, 292, 290, 411)"
2322701.jpg,sitting on,cloth,194,343,305,3,spoon,51,23,326,93,1,3,346,499,116,377,"(305, 499, 3, 346)","(326, 377, 93, 116)"
2367655.jpg,sitting on,boat,208,399,42,59,person,17,15,171,395,1,3,458,250,410,188,"(42, 250, 59, 458)","(171, 188, 395, 410)"
2380164.jpg,sitting on,horse,229,149,222,185,girl,168,62,181,217,1,3,334,451,279,349,"(222, 451, 185, 334)","(181, 349, 217, 279)"
2332981.jpg,sitting on,bench,76,47,95,175,man,67,57,28,176,1,3,222,171,233,95,"(95, 171, 175, 222)","(28, 95, 176, 233)"
2335698.jpg,sitting on,desk,132,212,119,172,object,21,30,152,351,1,3,384,251,381,173,"(119, 251, 172, 384)","(152, 173, 351, 381)"
2356625.jpg,sitting on,bench,254,394,156,103,person,354,132,70,173,1,3,497,410,305,424,"(156, 410, 103, 497)","(70, 424, 173, 305)"
2326899.jpg,sitting on,pillow,42,57,273,0,woman,264,229,42,0,1,3,57,315,229,306,"(273, 315, 0, 57)","(42, 306, 0, 229)"
2350237.jpg,playing,frisbee,17,20,131,185,person,122,53,76,372,0,3,205,148,425,198,"(131, 148, 185, 205)","(76, 198, 372, 425)"
2355121.jpg,wearing,shirt,252,333,179,4,woman,408,283,28,6,0,3,337,431,289,436,"(179, 431, 4, 337)","(28, 436, 6, 289)"
2358439.jpg,sitting on,table,291,500,77,0,electronics,272,448,84,33,1,3,500,368,481,356,"(77, 368, 0, 500)","(84, 356, 33, 481)"
1593027.jpg,wearing,shirt,187,179,371,13,woman,251,171,247,13,0,3,192,558,184,498,"(371, 558, 13, 192)","(247, 498, 13, 184)"
2364060.jpg,sitting on,plate,266,465,15,25,sandwich,210,351,29,62,1,3,490,281,413,239,"(15, 281, 25, 490)","(29, 239, 62, 413)"
2401347.jpg,sitting on,chair,219,151,60,83,bottle,58,21,134,192,1,3,234,279,213,192,"(60, 279, 83, 234)","(134, 192, 192, 213)"
2348198.jpg,wearing,helmet,26,45,92,130,man,281,100,93,96,0,3,175,118,196,374,"(92, 118, 130, 175)","(93, 374, 96, 196)"
2327216.jpg,wearing,jacket,10,7,47,431,man,21,9,45,432,0,3,438,57,441,66,"(47, 57, 431, 438)","(45, 66, 432, 441)"
2343481.jpg,sitting on,table,172,138,327,2,carrots,160,141,329,31,1,3,140,499,172,489,"(327, 499, 2, 140)","(329, 489, 31, 172)"
2362299.jpg,sitting on,table,125,355,207,108,tray,21,63,220,353,1,3,463,332,416,241,"(207, 332, 108, 463)","(220, 241, 353, 416)"
2336619.jpg,sitting on,table,31,63,238,261,cat,277,149,35,80,1,3,324,269,229,312,"(238, 269, 261, 324)","(35, 312, 80, 229)"
2396601.jpg,sitting on,curb,9,95,244,194,man,29,14,227,288,1,3,289,253,302,256,"(244, 253, 194, 289)","(227, 256, 288, 302)"
2347444.jpg,wearing,band,23,34,109,56,player,325,318,8,33,0,3,90,132,351,333,"(109, 132, 56, 90)","(8, 333, 33, 351)"
2384904.jpg,playing,frisbee,11,25,91,316,man,147,75,103,102,0,3,341,102,177,250,"(91, 102, 316, 341)","(103, 250, 102, 177)"
2364069.jpg,wearing,boots,77,34,179,282,jockey,250,58,6,278,0,3,316,256,336,256,"(179, 256, 282, 316)","(6, 256, 278, 336)"
2407008.jpg,riding,motorcycle,120,105,150,267,man,112,110,123,299,0,3,372,270,409,235,"(150, 270, 267, 372)","(123, 235, 299, 409)"
2379120.jpg,sitting on,bench,63,105,267,110,woman,86,47,237,184,1,3,215,330,231,323,"(267, 330, 110, 215)","(237, 323, 184, 231)"
2378983.jpg,walking in,background,141,325,6,77,zebra,197,467,120,31,0,3,402,147,498,317,"(6, 147, 77, 402)","(120, 317, 31, 498)"
2395431.jpg,sitting on,bench,100,148,352,42,man,148,68,327,58,1,3,190,452,126,475,"(352, 452, 42, 190)","(327, 475, 58, 126)"
2384103.jpg,sitting on,branch,113,92,69,264,bird,43,126,114,274,1,3,356,182,400,157,"(69, 182, 264, 356)","(114, 157, 274, 400)"
2327143.jpg,painted on,bus,225,478,19,7,sign,26,40,168,22,0,3,485,244,62,194,"(19, 244, 7, 485)","(168, 194, 22, 62)"
713121.jpg,sitting on,table,619,672,402,4,rock,24,32,639,60,1,3,676,1021,92,663,"(402, 1021, 4, 676)","(639, 663, 60, 92)"
2403355.jpg,mounted on,wall,183,497,1,1,speaker,20,18,0,80,0,3,498,184,98,20,"(1, 184, 1, 498)","(0, 20, 80, 98)"
2356324.jpg,hanging from,bamboo,98,26,6,141,ball,21,19,54,152,0,3,167,104,171,75,"(6, 104, 141, 167)","(54, 75, 152, 171)"
2373731.jpg,sitting on,snow,330,494,2,3,skis,51,198,208,130,1,3,497,332,328,259,"(2, 332, 3, 497)","(208, 259, 130, 328)"
2337110.jpg,sitting on,tray,22,58,359,11,bottle,41,15,334,39,1,3,69,381,54,375,"(359, 381, 11, 69)","(334, 375, 39, 54)"
2411217.jpg,wearing,bikini,94,130,398,168,lady,243,206,252,162,0,3,298,492,368,495,"(398, 492, 168, 298)","(252, 495, 162, 368)"
2350842.jpg,covering,ground,124,65,146,8,snow,112,54,145,1,0,3,73,270,55,257,"(146, 270, 8, 73)","(145, 257, 1, 55)"
2368879.jpg,sitting on,bench,62,187,101,283,women,110,206,44,268,1,3,470,163,474,154,"(101, 163, 283, 470)","(44, 154, 268, 474)"
2401390.jpg,sitting on,stand,87,126,188,126,tv,52,60,152,159,1,3,252,275,219,204,"(188, 275, 126, 252)","(152, 204, 159, 219)"
2404153.jpg,wearing,shirt,60,74,174,166,man,89,87,149,165,0,3,240,234,252,238,"(174, 234, 166, 240)","(149, 238, 165, 252)"
2361807.jpg,wearing,glasses,18,38,61,191,man,277,108,41,174,0,3,229,79,282,318,"(61, 79, 191, 229)","(41, 318, 174, 282)"
2329367.jpg,sitting on,floor,48,59,327,282,woman,48,21,160,293,1,3,341,375,314,208,"(327, 375, 282, 341)","(160, 208, 293, 314)"
2374597.jpg,riding,skateboard,74,176,288,52,boy,296,236,55,46,0,3,228,362,282,351,"(288, 362, 52, 228)","(55, 351, 46, 282)"
2416810.jpg,sitting on,couch,247,496,82,2,man,312,262,18,131,1,3,498,329,393,330,"(82, 329, 2, 498)","(18, 330, 131, 393)"
2356099.jpg,sitting on,shelf,9,43,179,146,book,38,3,147,158,1,3,189,188,161,185,"(179, 188, 146, 189)","(147, 185, 158, 161)"
2318284.jpg,sitting on,tarmac,140,485,234,10,airplane,93,419,157,51,1,3,495,374,470,250,"(234, 374, 10, 495)","(157, 250, 51, 470)"
2384504.jpg,hanging from,surfboard,74,52,50,304,rope,68,59,54,250,0,3,356,124,309,122,"(50, 124, 304, 356)","(54, 122, 250, 309)"
285865.jpg,sitting on,ground,336,1015,337,5,bag,166,125,444,523,1,3,1020,673,648,610,"(337, 673, 5, 1020)","(444, 610, 523, 648)"
2398768.jpg,sitting on,post,152,66,160,229,bird,121,129,99,176,1,3,295,312,305,220,"(160, 312, 229, 295)","(99, 220, 176, 305)"
2338070.jpg,wearing,glasses,24,75,118,357,man,251,183,75,268,0,3,432,142,451,326,"(118, 142, 357, 432)","(75, 326, 268, 451)"
2411856.jpg,wearing,hoodie,31,23,187,59,man,54,27,187,55,0,3,82,218,82,241,"(187, 218, 59, 82)","(187, 241, 55, 82)"
2323847.jpg,wearing,backpack,105,76,76,189,man,296,110,33,192,0,3,265,181,302,329,"(76, 181, 189, 265)","(33, 329, 192, 302)"
2371421.jpg,sitting on,ledge,100,233,231,25,person,49,34,256,172,1,3,258,331,206,305,"(231, 331, 25, 258)","(256, 305, 172, 206)"
2358523.jpg,lying on,beach,69,330,430,0,man,26,115,406,146,0,3,330,499,261,432,"(430, 499, 0, 330)","(406, 432, 146, 261)"
2360114.jpg,sitting on,beach,146,483,186,1,man,29,29,180,60,1,3,484,332,89,209,"(186, 332, 1, 484)","(180, 209, 60, 89)"
2349912.jpg,sitting on,table,20,48,168,374,drinks,28,153,153,262,1,3,422,188,415,181,"(168, 188, 374, 422)","(153, 181, 262, 415)"
2386190.jpg,wearing,glove,20,17,99,167,skateboarder,161,109,99,167,0,3,184,119,276,260,"(99, 119, 167, 184)","(99, 260, 167, 276)"
2357713.jpg,flying in,sky,304,500,0,0,kite,19,23,36,277,0,3,500,304,300,55,"(0, 304, 0, 500)","(36, 55, 277, 300)"
2345372.jpg,wearing,shirt,76,84,77,240,man,234,186,46,221,0,3,324,153,407,280,"(77, 153, 240, 324)","(46, 280, 221, 407)"
2366370.jpg,sitting on,beach,81,500,250,0,surfer,103,85,150,294,1,3,500,331,379,253,"(250, 331, 0, 500)","(150, 253, 294, 379)"
545.jpg,sitting on,floor,171,265,429,96,bench,89,149,379,130,1,3,361,600,279,468,"(429, 600, 96, 361)","(379, 468, 130, 279)"
2318523.jpg,sitting on,bench,37,47,128,451,person,170,103,132,2,1,3,498,165,105,302,"(128, 165, 451, 498)","(132, 302, 2, 105)"
2363191.jpg,wearing,shirt,60,120,256,158,man,283,172,215,138,0,3,278,316,310,498,"(256, 316, 158, 278)","(215, 498, 138, 310)"
2380831.jpg,wearing,jeans,102,146,397,27,man,489,231,8,12,0,3,173,499,243,497,"(397, 499, 27, 173)","(8, 497, 12, 243)"
2410091.jpg,sitting on,counter,299,495,75,1,dessert,335,460,0,22,1,3,496,374,482,335,"(75, 374, 1, 496)","(0, 335, 22, 482)"
1592178.jpg,wearing,t-shirt,258,217,750,1,man,385,411,636,2,0,3,218,1008,413,1021,"(750, 1008, 1, 218)","(636, 1021, 2, 413)"
2370742.jpg,sitting on,table,83,103,203,31,telephone,29,30,202,58,1,3,134,286,88,231,"(203, 286, 31, 134)","(202, 231, 58, 88)"
2323497.jpg,mounted on,wall,158,263,0,3,lights,27,41,24,71,0,3,266,158,112,51,"(0, 158, 3, 266)","(24, 51, 71, 112)"
2391716.jpg,sitting on,couch,255,448,119,50,girl,180,326,158,32,1,3,498,374,358,338,"(119, 374, 50, 498)","(158, 338, 32, 358)"
2375914.jpg,covered in,leaf,13,45,161,302,tree,56,72,138,61,0,3,347,174,133,194,"(161, 174, 302, 347)","(138, 194, 61, 133)"
2341850.jpg,wearing,helmet,12,15,117,274,batter,78,49,105,263,0,3,289,129,312,183,"(117, 129, 274, 289)","(105, 183, 263, 312)"
2339772.jpg,sitting on,floor,210,231,121,1,fan,249,118,0,39,1,3,232,331,157,249,"(121, 331, 1, 232)","(0, 249, 39, 157)"
2361428.jpg,sitting on,dresser,86,51,213,90,television,59,34,160,103,1,3,141,299,137,219,"(213, 299, 90, 141)","(160, 219, 103, 137)"
2362299.jpg,sitting on,table,125,355,207,108,tray,12,39,207,159,1,3,463,332,198,219,"(207, 332, 108, 463)","(207, 219, 159, 198)"
2393164.jpg,sitting on,couch,257,498,116,0,dog,246,229,128,11,1,3,498,373,240,374,"(116, 373, 0, 498)","(128, 374, 11, 240)"
713217.jpg,sitting on,bus,396,697,173,184,man,67,58,303,576,1,3,881,569,634,370,"(173, 569, 184, 881)","(303, 370, 576, 634)"
2355323.jpg,sitting on,grass,75,495,120,3,man,69,54,68,98,1,3,498,195,152,137,"(120, 195, 3, 498)","(68, 137, 98, 152)"
2408810.jpg,covered in,snow,129,101,157,398,plane,120,321,58,151,0,3,499,286,472,178,"(157, 286, 398, 499)","(58, 178, 151, 472)"
2404183.jpg,wearing,hat,16,28,122,227,man,195,104,127,211,0,3,255,138,315,322,"(122, 138, 227, 255)","(127, 322, 211, 315)"
2323747.jpg,sitting on,grass,60,172,265,245,motorcycle,171,133,61,287,1,3,417,325,420,232,"(265, 325, 245, 417)","(61, 232, 287, 420)"
2346035.jpg,sitting on,console,133,145,196,3,television,99,112,120,6,1,3,148,329,118,219,"(196, 329, 3, 148)","(120, 219, 6, 118)"
2326848.jpg,sitting on,bench,49,368,125,103,people,92,38,81,253,1,3,471,174,291,173,"(125, 174, 103, 471)","(81, 173, 253, 291)"
2355960.jpg,wearing,pants,67,128,433,61,man,384,168,64,76,0,3,189,500,244,448,"(433, 500, 61, 189)","(64, 448, 76, 244)"
2398271.jpg,sitting on,grass,284,497,0,1,cat,193,364,55,33,1,3,498,284,397,248,"(0, 284, 1, 498)","(55, 248, 33, 397)"
2354249.jpg,walking on,mountain,322,485,4,9,person,56,25,137,252,0,3,494,326,277,193,"(4, 326, 9, 494)","(137, 193, 252, 277)"
2323466.jpg,wearing,shades,26,27,36,313,man,46,50,33,302,0,3,340,62,352,79,"(36, 62, 313, 340)","(33, 79, 302, 352)"
2317221.jpg,sitting on,bench,220,270,111,2,man,327,294,4,42,1,3,272,331,336,331,"(111, 331, 2, 272)","(4, 331, 42, 336)"
2417149.jpg,wearing,tie,61,75,198,187,man,497,370,1,3,0,3,262,259,373,498,"(198, 259, 187, 262)","(1, 498, 3, 373)"
2385844.jpg,sitting on,sofa,240,315,135,2,man,340,291,35,0,1,3,317,375,291,375,"(135, 375, 2, 317)","(35, 375, 0, 291)"
393.jpg,sitting on,couch,118,192,254,72,woman,82,58,246,122,1,3,264,372,180,328,"(254, 372, 72, 264)","(246, 328, 122, 180)"
2343315.jpg,sitting on,floor,29,247,345,186,tower,111,73,262,425,1,3,433,374,498,373,"(345, 374, 186, 433)","(262, 373, 425, 498)"
2366243.jpg,wearing,hat,13,24,145,158,woman,54,43,144,143,0,3,182,158,186,198,"(145, 158, 158, 182)","(144, 198, 143, 186)"
2361396.jpg,sitting on,bench,393,289,79,20,man,355,224,21,150,1,3,309,472,374,376,"(79, 472, 20, 309)","(21, 376, 150, 374)"
4055.jpg,wearing,helmet,48,58,169,587,man,182,160,177,568,0,3,645,217,728,359,"(169, 217, 587, 645)","(177, 359, 568, 728)"
2330609.jpg,eating,pizza,40,64,180,100,man,296,242,0,32,0,3,164,220,274,296,"(180, 220, 100, 164)","(0, 296, 32, 274)"
2335196.jpg,sitting on,chair,295,278,192,10,boy,408,262,44,68,1,3,288,487,330,452,"(192, 487, 10, 288)","(44, 452, 68, 330)"
2352564.jpg,covering,ground,115,424,251,74,snow,61,201,306,236,0,3,498,366,437,367,"(251, 366, 74, 498)","(306, 367, 236, 437)"
2362441.jpg,sitting on,counter,222,497,103,1,vase,154,94,1,210,1,3,498,325,304,155,"(103, 325, 1, 498)","(1, 155, 210, 304)"
2412454.jpg,wearing,glasses,11,22,136,477,woman,177,91,143,352,0,3,499,147,443,320,"(136, 147, 477, 499)","(143, 320, 352, 443)"
2385018.jpg,wearing,shirt,80,53,160,249,girl,258,119,115,228,0,3,302,240,347,373,"(160, 240, 249, 302)","(115, 373, 228, 347)"
2350081.jpg,sitting on,counter,94,313,184,0,glass,35,16,190,27,1,3,313,278,43,225,"(184, 278, 0, 313)","(190, 225, 27, 43)"
2397158.jpg,sitting on,floor,15,132,358,247,person,87,42,287,216,1,3,379,373,258,374,"(358, 373, 247, 379)","(287, 374, 216, 258)"
2356899.jpg,sitting on,floor,171,496,162,3,trunk,141,332,190,44,1,3,499,333,376,331,"(162, 333, 3, 499)","(190, 331, 44, 376)"
2321421.jpg,sitting on,floor,263,482,131,2,cat,276,333,114,151,1,3,484,394,484,390,"(131, 394, 2, 484)","(114, 390, 151, 484)"
2319340.jpg,sitting on,sidewalk,51,87,313,343,basket,67,49,250,438,1,3,430,364,487,317,"(313, 364, 343, 430)","(250, 317, 438, 487)"
2408330.jpg,sitting on,grass,374,499,0,0,girl,299,186,2,294,1,3,499,374,480,301,"(0, 374, 0, 499)","(2, 301, 294, 480)"
2372857.jpg,sitting on,shelf,209,209,118,4,printer,93,133,176,0,1,3,213,327,133,269,"(118, 327, 4, 213)","(176, 269, 0, 133)"
2411577.jpg,lying on,lap,27,25,395,185,woman,55,100,382,180,0,3,210,422,280,437,"(395, 422, 185, 210)","(382, 437, 180, 280)"
2385198.jpg,sitting on,desk,238,463,136,33,keyboard,30,140,152,129,1,3,496,374,269,182,"(136, 374, 33, 496)","(152, 182, 129, 269)"
2384423.jpg,sitting on,couch,264,333,90,1,girl,279,161,85,81,1,3,334,354,242,364,"(90, 354, 1, 334)","(85, 364, 81, 242)"
2371518.jpg,standing on,snowboard,100,81,262,198,woman,280,114,47,158,0,3,279,362,272,327,"(262, 362, 198, 279)","(47, 327, 158, 272)"
2342949.jpg,sitting on,ledge,63,237,72,136,person,45,31,41,133,1,3,373,135,164,86,"(72, 135, 136, 373)","(41, 86, 133, 164)"
2318788.jpg,sitting on,sidewalk,108,498,204,0,fence,46,95,166,2,1,3,498,312,97,212,"(204, 312, 0, 498)","(166, 212, 2, 97)"
2354974.jpg,wearing,shirt,164,32,165,466,man,85,92,119,400,0,3,498,329,492,204,"(165, 329, 466, 498)","(119, 204, 400, 492)"
2403185.jpg,sitting on,bench,32,188,300,1,person,43,23,289,71,1,3,189,332,94,332,"(300, 332, 1, 189)","(289, 332, 71, 94)"
2335650.jpg,sitting on,shelf,117,54,30,4,bottles,23,53,45,14,1,3,58,147,67,68,"(30, 147, 4, 58)","(45, 68, 14, 67)"
2401113.jpg,wearing,tie,12,34,320,231,man,300,393,32,66,0,3,265,332,459,332,"(320, 332, 231, 265)","(32, 332, 66, 459)"
2413241.jpg,wearing,shirt,27,27,89,472,fan,51,25,65,475,0,3,499,116,500,116,"(89, 116, 472, 499)","(65, 116, 475, 500)"
2319751.jpg,says,stop,90,124,214,145,sign,219,166,154,130,0,3,269,304,296,373,"(214, 304, 145, 269)","(154, 373, 130, 296)"
2382190.jpg,sitting on,table,350,467,137,14,container,166,100,30,384,1,3,481,487,484,196,"(137, 487, 14, 481)","(30, 196, 384, 484)"
2352443.jpg,wearing,pants,55,72,90,179,boy,151,104,32,179,0,3,251,145,283,183,"(90, 145, 179, 251)","(32, 183, 179, 283)"
2365726.jpg,sitting on,grass,373,497,0,1,rectangle,192,309,81,93,1,3,498,373,402,273,"(0, 373, 1, 498)","(81, 273, 93, 402)"
2390943.jpg,carrying,wagon,47,84,149,94,horse,76,63,122,170,0,3,178,196,233,198,"(149, 196, 94, 178)","(122, 198, 170, 233)"
2399894.jpg,wearing,skirt,44,102,254,167,woman,310,211,130,94,0,3,269,298,305,440,"(254, 298, 167, 269)","(130, 440, 94, 305)"
2401902.jpg,wearing,bag,58,37,140,30,woman,236,69,78,21,0,3,67,198,90,314,"(140, 198, 30, 67)","(78, 314, 21, 90)"
2360514.jpg,sitting on,shelf,50,82,227,392,faucet,35,16,194,413,1,3,474,277,429,229,"(227, 277, 392, 474)","(194, 229, 413, 429)"
2344719.jpg,covering,courtyard,107,494,223,2,pebbles,38,88,264,328,0,3,496,330,416,302,"(223, 330, 2, 496)","(264, 302, 328, 416)"
2364673.jpg,parked on,street,204,499,128,0,car,41,33,86,137,0,3,499,332,170,127,"(128, 332, 0, 499)","(86, 127, 137, 170)"
2402977.jpg,sitting on,bench,239,448,93,51,bird,110,54,37,44,1,3,499,332,98,147,"(93, 332, 51, 499)","(37, 147, 44, 98)"
2373553.jpg,riding,motorbike,10,17,252,368,person,10,10,244,372,0,3,385,262,382,254,"(252, 262, 368, 385)","(244, 254, 372, 382)"
2391564.jpg,sitting on,sidewalk,100,497,273,2,motorcycle,42,47,233,160,1,3,499,373,207,275,"(273, 373, 2, 499)","(233, 275, 160, 207)"
2409488.jpg,wearing,helmet,8,9,167,92,boy,52,26,167,80,0,3,101,175,106,219,"(167, 175, 92, 101)","(167, 219, 80, 106)"
713281.jpg,wearing,shirt,314,230,182,198,boy,562,711,9,215,0,3,428,496,926,571,"(182, 496, 198, 428)","(9, 571, 215, 926)"
2385789.jpg,painted on,wall,145,497,2,2,car,126,172,8,182,0,3,499,147,354,134,"(2, 147, 2, 499)","(8, 134, 182, 354)"
2409620.jpg,sitting on,plate,431,488,60,8,pickle,140,65,307,185,1,3,496,491,250,447,"(60, 491, 8, 496)","(307, 447, 185, 250)"
713588.jpg,sitting on,sidewalk,41,176,295,455,person,69,43,261,505,1,3,631,336,548,330,"(295, 336, 455, 631)","(261, 330, 505, 548)"
2357873.jpg,sitting on,bed,340,497,2,2,bear,231,184,25,315,1,3,499,342,499,256,"(2, 342, 2, 499)","(25, 256, 315, 499)"
2382364.jpg,sitting on,desk,110,25,202,475,notebook,64,18,238,482,1,3,500,312,500,302,"(202, 312, 475, 500)","(238, 302, 482, 500)"
2385917.jpg,sitting on,bleachers,216,499,1,1,people,218,482,1,18,1,3,500,217,500,219,"(1, 217, 1, 500)","(1, 219, 18, 500)"
2397814.jpg,sitting on,table,127,110,114,109,laptop,27,44,93,115,1,3,219,241,159,120,"(114, 241, 109, 219)","(93, 120, 115, 159)"
2325179.jpg,hanging from,neck,38,77,143,59,bananas,140,144,163,67,0,3,136,181,211,303,"(143, 181, 59, 136)","(163, 303, 67, 211)"
2412230.jpg,wearing,gear,27,35,170,120,catcher,92,57,152,107,0,3,155,197,164,244,"(170, 197, 120, 155)","(152, 244, 107, 164)"
1159719.jpg,wearing,shirt,50,52,515,378,man,132,40,492,382,0,3,430,565,422,624,"(515, 565, 378, 430)","(492, 624, 382, 422)"
2343233.jpg,wearing,jeans,136,200,363,81,woman,332,247,160,30,0,3,281,499,277,492,"(363, 499, 81, 281)","(160, 492, 30, 277)"
2408374.jpg,wearing,cap,37,37,79,268,man,175,153,61,175,0,3,305,116,328,236,"(79, 116, 268, 305)","(61, 236, 175, 328)"
2353263.jpg,sitting on,bench,86,238,218,108,woman,229,80,80,220,1,3,346,304,300,309,"(218, 304, 108, 346)","(80, 309, 220, 300)"
2324542.jpg,sitting on,road,104,482,197,2,ramp,77,130,195,2,1,3,484,301,132,272,"(197, 301, 2, 484)","(195, 272, 2, 132)"
2358607.jpg,using,phone,10,12,85,247,man,295,93,45,215,0,3,259,95,308,340,"(85, 95, 247, 259)","(45, 340, 215, 308)"
2349735.jpg,sitting on,grass,89,68,190,6,man,96,100,87,29,1,3,74,279,129,183,"(190, 279, 6, 74)","(87, 183, 29, 129)"
2406802.jpg,wearing,shirt,53,48,264,451,man,133,54,241,445,0,3,499,317,499,374,"(264, 317, 451, 499)","(241, 374, 445, 499)"
2365030.jpg,riding,skateboard,86,187,229,256,dog,133,206,146,246,0,3,443,315,452,279,"(229, 315, 256, 443)","(146, 279, 246, 452)"
2343880.jpg,riding,motorcycle,146,179,104,26,guy,123,189,88,50,0,3,205,250,239,211,"(104, 250, 26, 205)","(88, 211, 50, 239)"
2380847.jpg,using,camera,15,12,176,100,man,73,51,178,67,0,3,112,191,118,251,"(176, 191, 100, 112)","(178, 251, 67, 118)"
2359983.jpg,sitting on,bed,380,357,70,7,pillows,177,150,131,7,1,3,364,450,157,308,"(70, 450, 7, 364)","(131, 308, 7, 157)"
2396856.jpg,sitting on,bed,216,222,82,259,person,179,77,118,422,1,3,481,298,499,297,"(82, 298, 259, 481)","(118, 297, 422, 499)"
2400226.jpg,wearing,jeans,179,98,320,254,woman,391,164,109,202,0,3,352,499,366,500,"(320, 499, 254, 352)","(109, 500, 202, 366)"
498169.jpg,wearing,coat,112,62,256,744,person,172,122,196,733,0,3,806,368,855,368,"(256, 368, 744, 806)","(196, 368, 733, 855)"
2371991.jpg,wearing,sunglasses,11,26,47,297,woman,61,69,32,268,0,3,323,58,337,93,"(47, 58, 297, 323)","(32, 93, 268, 337)"
2353322.jpg,wearing,glasses,14,33,123,379,girl,190,152,100,299,0,3,412,137,451,290,"(123, 137, 379, 412)","(100, 290, 299, 451)"
2349483.jpg,sitting on,table,86,86,213,175,mug,19,17,200,189,1,3,261,299,206,219,"(213, 299, 175, 261)","(200, 219, 189, 206)"
2378882.jpg,sitting on,table,114,252,260,58,cat,202,110,108,122,1,3,310,374,232,310,"(260, 374, 58, 310)","(108, 310, 122, 232)"
2415245.jpg,sitting on,table,119,139,211,250,remote,15,36,231,314,1,3,389,330,350,246,"(211, 330, 250, 389)","(231, 246, 314, 350)"
2322621.jpg,riding,wave,90,459,126,9,person,57,54,115,214,0,3,468,216,268,172,"(126, 216, 9, 468)","(115, 172, 214, 268)"
2406381.jpg,wearing,bracelet,12,31,181,296,girl,280,161,118,163,0,3,327,193,324,398,"(181, 193, 296, 327)","(118, 398, 163, 324)"
2399048.jpg,wearing,jeans,143,87,232,218,man,309,122,66,205,0,3,305,375,327,375,"(232, 375, 218, 305)","(66, 375, 205, 327)"
2389929.jpg,sitting on,bench,46,181,271,172,man,67,41,239,288,1,3,353,317,329,306,"(271, 317, 172, 353)","(239, 306, 288, 329)"
2393339.jpg,sitting on,snow,373,496,1,3,person,273,358,101,63,1,3,499,374,421,374,"(1, 374, 3, 499)","(101, 374, 63, 421)"
2360819.jpg,wearing,swimwear,54,37,251,389,woman,176,57,202,373,0,3,426,305,430,378,"(251, 305, 389, 426)","(202, 378, 373, 430)"
2413111.jpg,standing on,dirt,242,499,141,0,elephant,264,242,76,96,0,3,499,383,338,340,"(141, 383, 0, 499)","(76, 340, 96, 338)"
2388360.jpg,lying on,ground,129,497,203,3,ball,12,12,210,369,0,3,500,332,381,222,"(203, 332, 3, 500)","(210, 222, 369, 381)"
2382372.jpg,sitting on,table,127,498,247,0,bottle,208,58,72,411,1,3,498,374,469,280,"(247, 374, 0, 498)","(72, 280, 411, 469)"
2360377.jpg,wearing,dress,79,132,293,365,statue,184,135,190,364,0,3,497,372,499,374,"(293, 372, 365, 497)","(190, 374, 364, 499)"
2351057.jpg,sitting on,plate,316,374,176,0,knife,22,55,276,318,1,3,374,492,373,298,"(176, 492, 0, 374)","(276, 298, 318, 373)"
2341775.jpg,wearing,shorts,36,23,208,2,boy,110,34,163,3,0,3,25,244,37,273,"(208, 244, 2, 25)","(163, 273, 3, 37)"
2408872.jpg,sitting on,floor,71,498,302,1,mother,229,159,52,108,1,3,499,373,267,281,"(302, 373, 1, 499)","(52, 281, 108, 267)"
1961.jpg,sitting on,steps,193,369,329,0,people,91,87,361,130,1,3,369,522,217,452,"(329, 522, 0, 369)","(361, 452, 130, 217)"
2410074.jpg,wearing,shirt,186,167,59,164,man,499,164,0,168,0,3,331,245,332,499,"(59, 245, 164, 331)","(0, 499, 168, 332)"
2337232.jpg,sitting on,bed,195,347,158,66,pillow,11,27,176,215,1,3,413,353,242,187,"(158, 353, 66, 413)","(176, 187, 215, 242)"
2414317.jpg,wearing,sunglasses,24,49,47,378,woman,429,183,6,304,0,3,427,71,487,435,"(47, 71, 378, 427)","(6, 435, 304, 487)"
2355483.jpg,sitting on,surfboard,10,17,68,452,surfer,13,17,66,449,1,3,469,78,466,79,"(68, 78, 452, 469)","(66, 79, 449, 466)"
2317380.jpg,wearing,glasses,26,83,66,124,man,416,485,24,13,0,3,207,92,498,440,"(66, 92, 124, 207)","(24, 440, 13, 498)"
2339709.jpg,sitting on,tracks,42,102,265,396,train,243,447,58,51,1,3,498,307,498,301,"(265, 307, 396, 498)","(58, 301, 51, 498)"
2315928.jpg,sitting on,elephant,312,474,61,3,person,142,115,1,216,1,3,477,373,331,143,"(61, 373, 3, 477)","(1, 143, 216, 331)"
2392004.jpg,wearing,hat,39,50,17,171,man,390,200,34,106,0,3,221,56,306,424,"(17, 56, 171, 221)","(34, 424, 106, 306)"
2398071.jpg,sitting on,mousepad,307,294,12,9,mouse,139,146,106,53,1,3,303,319,199,245,"(12, 319, 9, 303)","(106, 245, 53, 199)"
1159392.jpg,sitting on,table,292,497,460,336,glass,135,63,490,513,1,3,833,752,576,625,"(460, 752, 336, 833)","(490, 625, 513, 576)"
2394876.jpg,sitting on,branch,76,102,202,395,neck,13,14,138,399,1,3,497,278,413,151,"(202, 278, 395, 497)","(138, 151, 399, 413)"
2355373.jpg,sitting on,tabletop,217,391,1,107,bottle,67,73,2,214,1,3,498,218,287,69,"(1, 218, 107, 498)","(2, 69, 214, 287)"
2411313.jpg,wearing,goggles,12,27,107,218,girl,162,113,91,179,0,3,245,119,292,253,"(107, 119, 218, 245)","(91, 253, 179, 292)"
2380414.jpg,using,trunk,73,81,92,99,elephant,284,399,37,100,0,3,180,165,499,321,"(92, 165, 99, 180)","(37, 321, 100, 499)"
2396177.jpg,sitting on,surface,331,498,43,1,plate,151,240,128,121,1,3,499,374,361,279,"(43, 374, 1, 499)","(128, 279, 121, 361)"
2387939.jpg,wearing,hat,24,32,42,196,greenskeeper,78,41,39,198,0,3,228,66,239,117,"(42, 66, 196, 228)","(39, 117, 198, 239)"
2377521.jpg,sitting on,ground,87,499,224,0,spectator,71,45,218,90,1,3,499,311,135,289,"(224, 311, 0, 499)","(218, 289, 90, 135)"
2403787.jpg,sitting on,bench,35,243,397,86,skateboarder,47,24,381,190,1,3,329,432,214,428,"(397, 432, 86, 329)","(381, 428, 190, 214)"
2352395.jpg,wearing,tag,7,15,245,377,man,199,126,175,315,0,3,392,252,441,374,"(245, 252, 377, 392)","(175, 374, 315, 441)"
2369744.jpg,sitting on,sidewalk,76,109,217,299,luggage,145,173,181,149,1,3,408,293,322,326,"(217, 293, 299, 408)","(181, 326, 149, 322)"
498038.jpg,wearing,glasses,53,53,141,266,man,469,374,102,91,0,3,319,194,465,571,"(141, 194, 266, 319)","(102, 571, 91, 465)"
2330758.jpg,painted on,boat,234,257,98,24,letters,17,13,268,149,0,3,281,332,162,285,"(98, 332, 24, 281)","(268, 285, 149, 162)"
2371072.jpg,sitting on,bench,44,95,160,380,people,45,74,77,398,1,3,475,204,472,122,"(160, 204, 380, 475)","(77, 122, 398, 472)"
2360012.jpg,sitting on,woman,346,295,0,0,bird,271,216,75,272,1,3,295,346,488,346,"(0, 346, 0, 295)","(75, 346, 272, 488)"
2339961.jpg,sitting on,dryer,173,144,180,194,microwave,71,110,150,221,1,3,338,353,331,221,"(180, 353, 194, 338)","(150, 221, 221, 331)"
2366324.jpg,playing,tennis,219,488,149,9,couple,109,253,139,97,0,3,497,368,350,248,"(149, 368, 9, 497)","(139, 248, 97, 350)"
2402536.jpg,wearing,shirt,147,72,60,140,man,301,128,31,118,0,3,212,207,246,332,"(60, 207, 140, 212)","(31, 332, 118, 246)"
2374698.jpg,sitting on,ledge,42,372,167,55,something,30,74,172,359,1,3,427,209,433,202,"(167, 209, 55, 427)","(172, 202, 359, 433)"
2404140.jpg,wearing,black,46,6,160,158,man,67,16,152,152,0,3,164,206,168,219,"(160, 206, 158, 164)","(152, 219, 152, 168)"
2358481.jpg,sitting on,table,331,499,1,0,fork,41,122,107,377,1,3,499,332,499,148,"(1, 332, 0, 499)","(107, 148, 377, 499)"
2344899.jpg,wearing,shirt,109,63,180,67,girl,326,120,125,44,0,3,130,289,164,451,"(180, 289, 67, 130)","(125, 451, 44, 164)"
2355734.jpg,sitting on,sidewalk,212,369,286,2,cat,155,135,241,64,1,3,371,498,199,396,"(286, 498, 2, 371)","(241, 396, 64, 199)"
86.jpg,sitting on,train,352,450,5,44,person,154,91,167,171,1,3,494,357,262,321,"(5, 357, 44, 494)","(167, 321, 171, 262)"
2316269.jpg,wearing,jeans,47,24,201,52,person,101,42,157,47,0,3,76,248,89,258,"(201, 248, 52, 76)","(157, 258, 47, 89)"
2360706.jpg,riding,elephant,69,27,127,188,people,38,24,100,201,0,3,215,196,225,138,"(127, 196, 188, 215)","(100, 138, 201, 225)"
2371139.jpg,carrying,bag,57,29,55,329,woman,139,55,6,340,0,3,358,112,395,145,"(55, 112, 329, 358)","(6, 145, 340, 395)"
2318853.jpg,wearing,scarf,10,58,269,142,woman,67,75,210,142,0,3,200,279,217,277,"(269, 279, 142, 200)","(210, 277, 142, 217)"
2400993.jpg,sitting on,bench,148,58,192,88,dog,198,132,141,68,1,3,146,340,200,339,"(192, 340, 88, 146)","(141, 339, 68, 200)"
2390366.jpg,sitting on,desk,196,58,178,1,keyboard,27,45,211,2,1,3,59,374,47,238,"(178, 374, 1, 59)","(211, 238, 2, 47)"
2352761.jpg,sitting on,pizza,252,463,8,21,egg,40,30,129,282,1,3,484,260,312,169,"(8, 260, 21, 484)","(129, 169, 282, 312)"
2353100.jpg,wearing,jacket,96,70,157,61,girl,185,76,120,59,0,3,131,253,135,305,"(157, 253, 61, 131)","(120, 305, 59, 135)"
2343203.jpg,sitting on,tray,68,172,255,107,desserts,68,126,243,138,1,3,279,323,264,311,"(255, 323, 107, 279)","(243, 311, 138, 264)"
2339393.jpg,sitting on,motorcycle,192,85,63,261,box,41,70,170,376,1,3,346,255,446,211,"(63, 255, 261, 346)","(170, 211, 376, 446)"
2374470.jpg,wearing,sunglasses,8,22,52,161,man,285,97,33,114,0,3,183,60,211,318,"(52, 60, 161, 183)","(33, 318, 114, 211)"
2386393.jpg,sitting on,dessert,95,153,71,41,strawberry,25,25,93,109,1,3,194,166,134,118,"(71, 166, 41, 194)","(93, 118, 109, 134)"
2350356.jpg,parked on,street,123,476,252,1,truck,65,95,243,49,0,3,477,375,144,308,"(252, 375, 1, 477)","(243, 308, 49, 144)"
2397652.jpg,sitting on,fence,135,111,56,2,girl,52,35,160,22,1,3,113,191,57,212,"(56, 191, 2, 113)","(160, 212, 22, 57)"
1664.jpg,sitting on,desk,226,766,370,2,screen,381,243,139,554,1,3,768,596,797,520,"(370, 596, 2, 768)","(139, 520, 554, 797)"
2409132.jpg,wearing,dress,131,79,97,124,mannequin,190,200,56,2,0,3,203,228,202,246,"(97, 228, 124, 203)","(56, 246, 2, 202)"
2328775.jpg,sitting on,floor,138,490,234,5,bag,47,40,210,34,1,3,495,372,74,257,"(234, 372, 5, 495)","(210, 257, 34, 74)"
2389464.jpg,sitting on,wall,32,76,345,102,person,13,9,343,134,1,3,178,377,143,356,"(345, 377, 102, 178)","(343, 356, 134, 143)"
2357500.jpg,wearing,vest,15,12,225,283,people,57,107,205,224,0,3,295,240,331,262,"(225, 240, 283, 295)","(205, 262, 224, 331)"
2364203.jpg,sitting on,bench,114,173,157,93,woman,122,76,149,142,1,3,266,271,218,271,"(157, 271, 93, 266)","(149, 271, 142, 218)"
2373502.jpg,sitting on,hay,177,294,70,134,girl,30,26,59,280,1,3,428,247,306,89,"(70, 247, 134, 428)","(59, 89, 280, 306)"
2405943.jpg,says,stop,47,28,195,237,sign,74,74,188,229,0,3,265,242,303,262,"(195, 242, 237, 265)","(188, 262, 229, 303)"
2406317.jpg,wearing,belt,12,101,353,132,man,435,239,64,43,0,3,233,365,282,499,"(353, 365, 132, 233)","(64, 499, 43, 282)"
2406175.jpg,wearing,pants,103,108,202,64,person,263,135,43,41,0,3,172,305,176,306,"(202, 305, 64, 172)","(43, 306, 41, 176)"
2386805.jpg,sitting on,bench,68,153,306,152,man,100,48,272,259,1,3,305,374,307,372,"(306, 374, 152, 305)","(272, 372, 259, 307)"
2392426.jpg,sitting on,motorcycle,285,436,46,12,dog,170,148,2,119,1,3,448,331,267,172,"(46, 331, 12, 448)","(2, 172, 119, 267)"
2417825.jpg,sitting on,rocks,18,447,130,0,person,16,8,109,378,1,3,447,148,386,125,"(130, 148, 0, 447)","(109, 125, 378, 386)"
2410692.jpg,sitting on,beach,75,482,255,8,woman,197,134,91,212,1,3,490,330,346,288,"(255, 330, 8, 490)","(91, 288, 212, 346)"
2415764.jpg,sitting on,plate,180,430,194,1,cupcake,196,233,85,27,1,3,431,374,260,281,"(194, 374, 1, 431)","(85, 281, 27, 260)"
2397748.jpg,wearing,jeans,168,109,290,66,girl,266,130,183,64,0,3,175,458,194,449,"(290, 458, 66, 175)","(183, 449, 64, 194)"
2366370.jpg,sitting on,beach,76,490,256,3,man,102,84,150,294,1,3,493,332,378,252,"(256, 332, 3, 493)","(150, 252, 294, 378)"
2349449.jpg,sitting on,bed,119,485,211,9,animal,212,233,64,199,1,3,494,330,432,276,"(211, 330, 9, 494)","(64, 276, 199, 432)"
2413219.jpg,wearing,shirt,40,29,247,120,batter,70,85,225,108,0,3,149,287,193,295,"(247, 287, 120, 149)","(225, 295, 108, 193)"
2357300.jpg,wearing,boot,29,49,377,161,man,322,257,84,73,0,3,210,406,330,406,"(377, 406, 161, 210)","(84, 406, 73, 330)"
2393991.jpg,wearing,suit,91,46,110,214,man,135,62,75,201,0,3,260,201,263,210,"(110, 201, 214, 260)","(75, 210, 201, 263)"
1592716.jpg,wearing,jacket,165,150,251,226,woman,411,214,212,198,0,3,376,416,412,623,"(251, 416, 226, 376)","(212, 623, 198, 412)"
2357502.jpg,standing on,left,137,75,296,60,statue,62,31,330,64,0,3,135,433,95,392,"(296, 433, 60, 135)","(330, 392, 64, 95)"
2339051.jpg,mounted on,remote,299,467,75,27,button,42,55,143,257,0,3,494,374,312,185,"(75, 374, 27, 494)","(143, 185, 257, 312)"
2401803.jpg,sitting on,ottoman,266,449,75,34,bottle,139,81,19,209,1,3,483,341,290,158,"(75, 341, 34, 483)","(19, 158, 209, 290)"
2319771.jpg,sitting on,bucket,49,47,219,101,bag,88,69,137,99,1,3,148,268,168,225,"(219, 268, 101, 148)","(137, 225, 99, 168)"
2315880.jpg,watching,man,355,255,115,27,man,271,90,4,15,0,3,282,470,105,275,"(115, 470, 27, 282)","(4, 275, 15, 105)"
2406293.jpg,wearing,jersey,63,69,96,290,batter,174,123,75,272,0,3,359,159,395,249,"(96, 159, 290, 359)","(75, 249, 272, 395)"
2360821.jpg,sitting on,steps,135,481,65,16,person,81,38,7,173,1,3,497,200,211,88,"(65, 200, 16, 497)","(7, 88, 173, 211)"
2335047.jpg,standing on,grass,322,498,3,1,sheep,24,16,92,285,0,3,499,325,301,116,"(3, 325, 1, 499)","(92, 116, 285, 301)"
2400936.jpg,sitting on,branch,43,366,124,2,bird,86,50,115,118,1,3,368,167,168,201,"(124, 167, 2, 368)","(115, 201, 118, 168)"
2340807.jpg,flying in,sky,313,488,6,6,airplane,152,431,77,20,0,3,494,319,451,229,"(6, 319, 6, 494)","(77, 229, 20, 451)"
2349617.jpg,watching,tv,202,272,1,22,cat,220,93,63,108,0,3,294,203,201,283,"(1, 203, 22, 294)","(63, 283, 108, 201)"
1291.jpg,walking on,walkway,166,799,368,0,horse,205,78,206,445,0,3,799,534,523,411,"(368, 534, 0, 799)","(206, 411, 445, 523)"
2412536.jpg,wearing,hat,74,103,54,344,man,321,255,53,243,0,3,447,128,498,374,"(54, 128, 344, 447)","(53, 374, 243, 498)"
4108.jpg,sitting on,shelf,21,371,113,23,magazine,99,86,15,76,1,3,394,134,162,114,"(113, 134, 23, 394)","(15, 114, 76, 162)"
2394074.jpg,wearing,shirt,24,26,213,405,man,52,31,202,402,0,3,431,237,433,254,"(213, 237, 405, 431)","(202, 254, 402, 433)"
2398134.jpg,eating,grass,56,103,159,248,elephant,141,68,108,293,0,3,351,215,361,249,"(159, 215, 248, 351)","(108, 249, 293, 361)"
2323013.jpg,using,umbrella,160,174,10,165,person,283,103,56,223,0,3,339,170,326,339,"(10, 170, 165, 339)","(56, 339, 223, 326)"
2389676.jpg,sitting on,floor,96,394,68,0,cats,164,131,112,153,1,3,394,164,284,276,"(68, 164, 0, 394)","(112, 276, 153, 284)"
2347689.jpg,sitting on,table,107,373,215,48,glass,32,20,220,257,1,3,421,322,277,252,"(215, 322, 48, 421)","(220, 252, 257, 277)"
2350212.jpg,sitting on,train,143,241,217,22,child,173,94,130,158,1,3,263,360,252,303,"(217, 360, 22, 263)","(130, 303, 158, 252)"
1593161.jpg,sitting on,bench,85,284,357,40,person,134,122,352,12,1,3,324,442,134,486,"(357, 442, 40, 324)","(352, 486, 12, 134)"
2324563.jpg,wearing,shoe,32,31,450,168,man,288,150,191,116,0,3,199,482,266,479,"(450, 482, 168, 199)","(191, 479, 116, 266)"
2375848.jpg,carrying,umbrella,28,56,210,204,person,107,42,233,217,0,3,260,238,259,340,"(210, 238, 204, 260)","(233, 340, 217, 259)"
2358481.jpg,sitting on,plate,180,342,113,117,strawberries,113,165,122,209,1,3,459,293,374,235,"(113, 293, 117, 459)","(122, 235, 209, 374)"
2408921.jpg,wearing,shirt,278,202,137,100,man,492,215,6,100,0,3,302,415,315,498,"(137, 415, 100, 302)","(6, 498, 100, 315)"
2417520.jpg,wearing,pants,84,138,247,19,boy,314,157,16,12,0,3,157,331,169,330,"(247, 331, 19, 157)","(16, 330, 12, 169)"
2355708.jpg,riding,wave,336,495,13,5,man,43,83,131,220,0,3,500,349,303,174,"(13, 349, 5, 500)","(131, 174, 220, 303)"
2333863.jpg,painted on,sign,64,99,12,12,letter,17,11,24,55,0,3,111,76,66,41,"(12, 76, 12, 111)","(24, 41, 55, 66)"
2374903.jpg,sitting on,desk,54,209,318,0,man,293,198,82,8,1,3,209,372,206,375,"(318, 372, 0, 209)","(82, 375, 8, 206)"
2385049.jpg,wearing,red,32,21,282,172,biker,73,31,281,165,0,3,193,314,196,354,"(282, 314, 172, 193)","(281, 354, 165, 196)"
2345505.jpg,wearing,shirt,30,24,140,257,person,65,41,112,245,0,3,281,170,286,177,"(140, 170, 257, 281)","(112, 177, 245, 286)"
2335262.jpg,covered in,snow,116,143,212,150,house,63,160,374,43,0,3,293,328,203,437,"(212, 328, 150, 293)","(374, 437, 43, 203)"
2328592.jpg,sitting on,table,369,499,0,0,box,354,468,1,14,1,3,499,369,482,355,"(0, 369, 0, 499)","(1, 355, 14, 482)"
2370007.jpg,wearing,shoes,8,12,333,58,woman,58,14,283,60,0,3,70,341,74,341,"(333, 341, 58, 70)","(283, 341, 60, 74)"
2323586.jpg,sitting on,bench,75,407,249,12,statue,156,93,145,26,1,3,419,324,119,301,"(249, 324, 12, 419)","(145, 301, 26, 119)"
2388405.jpg,sitting on,seat,42,245,71,10,man,205,142,130,144,1,3,255,113,286,335,"(71, 113, 10, 255)","(130, 335, 144, 286)"
2388256.jpg,sitting on,tarmac,126,499,162,1,airplane,101,312,108,31,1,3,500,288,343,209,"(162, 288, 1, 500)","(108, 209, 31, 343)"
2354345.jpg,sitting on,boat,91,206,178,167,bird,34,17,175,271,1,3,373,269,288,209,"(178, 269, 167, 373)","(175, 209, 271, 288)"
2396275.jpg,sitting on,table,90,264,284,12,cup,60,54,225,7,1,3,276,374,61,285,"(284, 374, 12, 276)","(225, 285, 7, 61)"
2363096.jpg,wearing,shirt,67,49,146,384,man,194,55,122,379,0,3,433,213,434,316,"(146, 213, 384, 433)","(122, 316, 379, 434)"
2401163.jpg,wearing,skirt,52,34,271,296,woman,117,33,214,297,0,3,330,323,330,331,"(271, 323, 296, 330)","(214, 331, 297, 330)"
2385198.jpg,sitting on,desk,238,463,136,33,lamp,151,77,11,56,1,3,496,374,133,162,"(136, 374, 33, 496)","(11, 162, 56, 133)"
2329966.jpg,wearing,earings,20,13,144,253,woman,408,212,80,163,0,3,266,164,375,488,"(144, 164, 253, 266)","(80, 488, 163, 375)"
285806.jpg,sitting on,table,99,306,293,362,napkin,120,120,89,2,1,3,668,392,122,209,"(293, 392, 362, 668)","(89, 209, 2, 122)"
2346652.jpg,hanging from,bag,351,275,5,1,tag,85,60,125,19,0,3,276,356,79,210,"(5, 356, 1, 276)","(125, 210, 19, 79)"
2328088.jpg,standing on,pole,98,290,186,156,bird,21,19,178,212,0,3,446,284,231,199,"(186, 284, 156, 446)","(178, 199, 212, 231)"
547.jpg,sitting on,shelf,19,78,92,427,book,27,10,75,469,1,3,505,111,479,102,"(92, 111, 427, 505)","(75, 102, 469, 479)"
2398394.jpg,sitting on,bench,177,338,146,56,woman,296,230,32,21,1,3,394,323,251,328,"(146, 323, 56, 394)","(32, 328, 21, 251)"
2401489.jpg,sitting on,rug,267,496,171,3,kitten,352,381,48,39,1,3,499,438,420,400,"(171, 438, 3, 499)","(48, 400, 39, 420)"
2319695.jpg,wearing,jeans,21,12,200,465,lady,38,21,180,459,0,3,477,221,480,218,"(200, 221, 465, 477)","(180, 218, 459, 480)"
2413840.jpg,wearing,gloves,42,46,122,149,man,209,101,19,135,0,3,195,164,236,228,"(122, 164, 149, 195)","(19, 228, 135, 236)"
2415103.jpg,sitting on,wall,37,202,189,2,man,35,24,186,35,1,3,204,226,59,221,"(189, 226, 2, 204)","(186, 221, 35, 59)"
2412277.jpg,wearing,scarf,54,133,172,88,woman,189,153,90,85,0,3,221,226,238,279,"(172, 226, 88, 221)","(90, 279, 85, 238)"
2354349.jpg,sitting on,perch,182,282,180,114,bird,159,125,83,55,1,3,396,362,180,242,"(180, 362, 114, 396)","(83, 242, 55, 180)"
2328474.jpg,wearing,pants,159,81,218,215,person,310,99,85,211,0,3,296,377,310,395,"(218, 377, 215, 296)","(85, 395, 211, 310)"
2328586.jpg,sitting on,bench,33,69,385,5,man,86,46,334,18,1,3,74,418,64,420,"(385, 418, 5, 74)","(334, 420, 18, 64)"
2398034.jpg,walking on,sidewalk,57,314,315,149,people,33,64,308,434,0,3,463,372,498,341,"(315, 372, 149, 463)","(308, 341, 434, 498)"
2347389.jpg,sitting on,stove,60,295,72,131,pot,47,165,48,30,1,3,426,132,195,95,"(72, 132, 131, 426)","(48, 95, 30, 195)"
2343699.jpg,sitting on,chair,201,124,144,284,woman,292,232,44,139,1,3,408,345,371,336,"(144, 345, 284, 408)","(44, 336, 139, 371)"
2413050.jpg,wearing,hat,31,44,73,311,woman,262,77,70,282,0,3,355,104,359,332,"(73, 104, 311, 355)","(70, 332, 282, 359)"
2355554.jpg,wearing,shirt,132,120,141,254,person,468,327,30,47,0,3,374,273,374,498,"(141, 273, 254, 374)","(30, 498, 47, 374)"
2321728.jpg,wearing,shirt,49,51,116,351,man,128,89,99,329,0,3,402,165,418,227,"(116, 165, 351, 402)","(99, 227, 329, 418)"
2331479.jpg,sitting on,table,130,254,356,59,glass,54,42,438,238,1,3,313,486,280,492,"(356, 486, 59, 313)","(438, 492, 238, 280)"
2383036.jpg,wearing,jacket,133,265,153,49,man,437,307,63,13,0,3,314,286,320,500,"(153, 286, 49, 314)","(63, 500, 13, 320)"
2361301.jpg,sitting on,table,74,77,173,34,radio,56,53,140,14,1,3,111,247,67,196,"(173, 247, 34, 111)","(140, 196, 14, 67)"
285993.jpg,sitting on,grass,44,729,723,4,person,20,27,741,120,1,3,733,767,147,761,"(723, 767, 4, 733)","(741, 761, 120, 147)"
2397178.jpg,sitting on,chair,235,162,125,50,bear,135,99,77,56,1,3,212,360,155,212,"(125, 360, 50, 212)","(77, 212, 56, 155)"
2336857.jpg,wearing,shirt,24,41,113,169,person,66,53,110,167,0,3,210,137,220,176,"(113, 137, 169, 210)","(110, 176, 167, 220)"
2317583.jpg,hanging from,bar,21,395,31,41,cap,70,17,43,190,0,3,436,52,207,113,"(31, 52, 41, 436)","(43, 113, 190, 207)"
2404817.jpg,wearing,pants,108,139,267,290,boy,373,273,1,157,0,3,429,375,430,374,"(267, 375, 290, 429)","(1, 374, 157, 430)"
2353332.jpg,covered in,snow,24,37,395,143,chair,106,98,351,114,0,3,180,419,212,457,"(395, 419, 143, 180)","(351, 457, 114, 212)"
2348765.jpg,wearing,shirt,82,65,133,195,person,202,72,113,192,0,3,260,215,264,315,"(133, 215, 195, 260)","(113, 315, 192, 264)"
2391001.jpg,sitting on,concrete,198,499,134,0,motorcycle,135,106,102,110,1,3,499,332,216,237,"(134, 332, 0, 499)","(102, 237, 110, 216)"
2369713.jpg,wearing,shorts,90,120,267,95,man,317,151,23,119,0,3,215,357,270,340,"(267, 357, 95, 215)","(23, 340, 119, 270)"
2405843.jpg,wearing,scarf,32,84,160,162,woman,255,334,120,90,0,3,246,192,424,375,"(160, 192, 162, 246)","(120, 375, 90, 424)"
2372926.jpg,wearing,suit,347,102,82,323,man,404,109,25,313,0,3,425,429,422,429,"(82, 429, 323, 425)","(25, 429, 313, 422)"
2410237.jpg,wearing,glove,16,19,252,439,player,7,1,261,496,0,3,458,268,497,268,"(252, 268, 439, 458)","(261, 268, 496, 497)"
2384820.jpg,sitting on,desk,116,131,145,126,frame,23,16,142,152,1,3,257,261,168,165,"(145, 261, 126, 257)","(142, 165, 152, 168)"
2344516.jpg,covered in,snow,267,269,231,63,ground,260,331,237,0,0,3,332,498,331,497,"(231, 498, 63, 332)","(237, 497, 0, 331)"
2366013.jpg,sitting on,ground,141,500,192,0,woman,28,23,225,52,1,3,500,333,75,253,"(192, 333, 0, 500)","(225, 253, 52, 75)"
2348098.jpg,sitting on,table,79,486,294,12,glass,70,60,304,373,1,3,498,373,433,374,"(294, 373, 12, 498)","(304, 374, 373, 433)"
2394745.jpg,wearing,vest,14,8,201,55,worker,33,14,196,53,0,3,63,215,67,229,"(201, 215, 55, 63)","(196, 229, 53, 67)"
2350655.jpg,sitting on,table,52,132,100,187,cup,165,95,57,72,1,3,319,152,167,222,"(100, 152, 187, 319)","(57, 222, 72, 167)"
2395074.jpg,wearing,collar,14,32,108,178,dog,179,157,68,71,0,3,210,122,228,247,"(108, 122, 178, 210)","(68, 247, 71, 228)"
2369598.jpg,sitting on,table,52,111,305,60,sub,110,105,376,59,1,3,171,357,164,486,"(305, 357, 60, 171)","(376, 486, 59, 164)"
2341775.jpg,wearing,suit,92,32,166,68,guy,105,35,154,67,0,3,100,258,102,259,"(166, 258, 68, 100)","(154, 259, 67, 102)"
2371978.jpg,playing,tennis,185,38,160,63,man,68,57,191,98,0,3,101,345,155,259,"(160, 345, 63, 101)","(191, 259, 98, 155)"
2353818.jpg,sitting on,water,282,495,49,3,boat,153,252,95,8,1,3,498,331,260,248,"(49, 331, 3, 498)","(95, 248, 8, 260)"
2401815.jpg,sitting on,stool,111,348,380,4,remote,92,80,394,229,1,3,352,491,309,486,"(380, 491, 4, 352)","(394, 486, 229, 309)"
2379678.jpg,wearing,helmet,90,99,60,227,woman,273,257,60,171,0,3,326,150,428,333,"(60, 150, 227, 326)","(60, 333, 171, 428)"
2349173.jpg,sitting on,wood,68,265,383,68,toilet,335,167,82,106,1,3,333,451,273,417,"(383, 451, 68, 333)","(82, 417, 106, 273)"
2322370.jpg,eating,grass,47,89,74,242,giraffe,260,95,113,303,0,3,331,121,398,373,"(74, 121, 242, 331)","(113, 373, 303, 398)"
2366081.jpg,wearing,boot,76,46,176,161,rider,246,146,3,158,0,3,207,252,304,249,"(176, 252, 161, 207)","(3, 249, 158, 304)"
2413991.jpg,wearing,sunglasses,9,24,96,136,man,255,134,77,87,0,3,160,105,221,332,"(96, 105, 136, 160)","(77, 332, 87, 221)"
2329301.jpg,sitting on,snow,346,494,24,0,man,225,196,56,115,1,3,494,370,311,281,"(24, 370, 0, 494)","(56, 281, 115, 311)"
2328910.jpg,mounted on,stand,19,30,152,181,tv,58,98,99,142,0,3,211,171,240,157,"(152, 171, 181, 211)","(99, 157, 142, 240)"
2403604.jpg,sitting on,street,300,491,63,4,vehicle,110,233,41,249,1,3,495,363,482,151,"(63, 363, 4, 495)","(41, 151, 249, 482)"
2366109.jpg,wearing,goggles,12,21,104,255,man,86,72,87,233,0,3,276,116,305,173,"(104, 116, 255, 276)","(87, 173, 233, 305)"
2405610.jpg,wearing,shoe,96,60,346,289,man,396,262,37,113,0,3,349,442,375,433,"(346, 442, 289, 349)","(37, 433, 113, 375)"
2349483.jpg,sitting on,table,86,86,213,175,mug,21,17,200,230,1,3,261,299,247,221,"(213, 299, 175, 261)","(200, 221, 230, 247)"
2396875.jpg,sitting on,bench,214,357,212,82,dogs,185,289,212,115,1,3,439,426,404,397,"(212, 426, 82, 439)","(212, 397, 115, 404)"
2384753.jpg,sitting on,couch,122,215,182,0,person,152,94,154,0,1,3,215,304,94,306,"(182, 304, 0, 215)","(154, 306, 0, 94)"
2377097.jpg,sitting on,stand,234,285,65,211,cake,27,65,258,266,1,3,496,299,331,285,"(65, 299, 211, 496)","(258, 285, 266, 331)"
2323435.jpg,parked on,street,231,375,100,110,car,32,43,133,220,0,3,485,331,263,165,"(100, 331, 110, 485)","(133, 165, 220, 263)"
2365727.jpg,covered in,snow,216,332,284,0,road,45,332,284,0,0,3,332,500,332,329,"(284, 500, 0, 332)","(284, 329, 0, 332)"
2407601.jpg,wearing,t-shirt,193,220,157,100,man,425,250,75,103,0,3,320,350,353,500,"(157, 350, 100, 320)","(75, 500, 103, 353)"
2333117.jpg,wearing,shirt,9,15,289,11,girl,13,11,284,11,0,3,26,298,22,297,"(289, 298, 11, 26)","(284, 297, 11, 22)"
2415674.jpg,wearing,jacket,17,20,192,28,person,22,15,172,233,0,3,48,209,248,194,"(192, 209, 28, 48)","(172, 194, 233, 248)"
2402379.jpg,wearing,shorts,76,76,215,201,boy,254,101,80,198,0,3,277,291,299,334,"(215, 291, 201, 277)","(80, 334, 198, 299)"
1591891.jpg,riding,elephant,394,754,276,32,man,329,350,44,162,0,3,786,670,512,373,"(276, 670, 32, 786)","(44, 373, 162, 512)"
4224.jpg,wearing,glasses,20,39,104,168,woman,142,149,69,101,0,3,207,124,250,211,"(104, 124, 168, 207)","(69, 211, 101, 250)"
2349276.jpg,painted on,sign,106,105,64,129,letter,28,20,102,158,0,3,234,170,178,130,"(64, 170, 129, 234)","(102, 130, 158, 178)"
2367862.jpg,sitting on,table,202,251,170,96,monitor,108,108,86,185,1,3,347,372,293,194,"(170, 372, 96, 347)","(86, 194, 185, 293)"
2389464.jpg,sitting on,wall,32,76,345,102,person,26,11,341,154,1,3,178,377,165,367,"(345, 377, 102, 178)","(341, 367, 154, 165)"
2407794.jpg,wearing,jacket,139,130,129,95,child,278,142,96,90,0,3,225,268,232,374,"(129, 268, 95, 225)","(96, 374, 90, 232)"
2343814.jpg,wearing,pink,6,3,233,350,woman,41,20,224,350,0,3,353,239,370,265,"(233, 239, 350, 353)","(224, 265, 350, 370)"
2380766.jpg,sitting on,table,161,303,237,0,bear,255,275,78,113,1,3,303,398,388,333,"(237, 398, 0, 303)","(78, 333, 113, 388)"
600.jpg,walking on,sidewalk,63,796,376,1,person,47,18,353,332,0,3,797,439,350,400,"(376, 439, 1, 797)","(353, 400, 332, 350)"
2336493.jpg,sitting on,horse,159,249,87,194,man,125,97,96,289,1,3,443,246,386,221,"(87, 246, 194, 443)","(96, 221, 289, 386)"
2404408.jpg,sitting on,water,53,155,271,320,boats,51,313,245,11,1,3,475,324,324,296,"(271, 324, 320, 475)","(245, 296, 11, 324)"
2381058.jpg,sitting on,ground,325,388,50,1,tv,115,117,10,227,1,3,389,375,344,125,"(50, 375, 1, 389)","(10, 125, 227, 344)"
2355360.jpg,sitting on,table,61,499,267,1,apple,37,31,257,268,1,3,500,328,299,294,"(267, 328, 1, 500)","(257, 294, 268, 299)"
2357988.jpg,sitting on,couch,324,494,50,4,woman,306,304,65,4,1,3,498,374,308,371,"(50, 374, 4, 498)","(65, 371, 4, 308)"
2383123.jpg,wearing,glove,15,14,263,143,man,196,103,205,66,0,3,157,278,169,401,"(263, 278, 143, 157)","(205, 401, 66, 169)"
2390481.jpg,sitting on,horse,157,205,55,27,saddle,78,66,59,90,1,3,232,212,156,137,"(55, 212, 27, 232)","(59, 137, 90, 156)"
2335472.jpg,wearing,uniform,165,132,164,159,man,195,138,137,156,0,3,291,329,294,332,"(164, 329, 159, 291)","(137, 332, 156, 294)"
2380440.jpg,riding,horse,47,36,277,364,person,44,19,260,374,0,3,400,324,393,304,"(277, 324, 364, 400)","(260, 304, 374, 393)"
2362074.jpg,wearing,sunglasses,6,13,110,248,person,131,73,98,215,0,3,261,116,288,229,"(110, 116, 248, 261)","(98, 229, 215, 288)"
498360.jpg,wearing,goggles,33,41,226,414,man,168,294,206,391,0,3,455,259,685,374,"(226, 259, 414, 455)","(206, 374, 391, 685)"
2346138.jpg,carrying,bag,12,13,89,467,man,39,22,66,453,0,3,480,101,475,105,"(89, 101, 467, 480)","(66, 105, 453, 475)"
2316233.jpg,sitting on,bench,426,373,71,1,child,446,240,44,93,1,3,374,497,333,490,"(71, 497, 1, 374)","(44, 490, 93, 333)"
2362067.jpg,sitting on,table,480,486,17,2,cup,26,110,1,221,1,3,488,497,331,27,"(17, 497, 2, 488)","(1, 27, 221, 331)"
2335445.jpg,wearing,shirt,137,132,142,202,man,363,133,87,197,0,3,334,279,330,450,"(142, 279, 202, 334)","(87, 450, 197, 330)"
970.jpg,sitting on,building,434,431,3,1,window,42,49,84,245,1,3,432,437,294,126,"(3, 437, 1, 432)","(84, 126, 245, 294)"
2366129.jpg,sitting on,stove,209,214,122,3,pot,77,92,72,2,1,3,217,331,94,149,"(122, 331, 3, 217)","(72, 149, 2, 94)"
2403182.jpg,sitting on,chair,202,169,194,1,bird,82,73,136,94,1,3,170,396,167,218,"(194, 396, 1, 170)","(136, 218, 94, 167)"
2391683.jpg,wearing,eyeglasses,56,113,204,95,man,349,331,137,2,0,3,208,260,333,486,"(204, 260, 95, 208)","(137, 486, 2, 333)"
2322107.jpg,wearing,shirt,37,40,70,81,man,71,23,56,83,0,3,121,107,106,127,"(70, 107, 81, 121)","(56, 127, 83, 106)"
2405318.jpg,using,racket,37,62,218,227,man,190,175,180,97,0,3,289,255,272,370,"(218, 255, 227, 289)","(180, 370, 97, 272)"
2405346.jpg,sitting on,tray,174,487,157,11,coins,27,61,179,332,1,3,498,331,393,206,"(157, 331, 11, 498)","(179, 206, 332, 393)"
2316649.jpg,wearing,helmet,25,38,84,178,boy,184,154,79,76,0,3,216,109,230,263,"(84, 109, 178, 216)","(79, 263, 76, 230)"
2359177.jpg,wearing,glasses,34,65,110,356,girl,298,155,75,337,0,3,421,144,492,373,"(110, 144, 356, 421)","(75, 373, 337, 492)"
2367221.jpg,covered in,snow,32,57,412,166,ground,43,463,436,21,0,3,223,444,484,479,"(412, 444, 166, 223)","(436, 479, 21, 484)"
2345179.jpg,sitting on,runway,21,123,260,44,airplane,91,140,196,17,1,3,167,281,157,287,"(260, 281, 44, 167)","(196, 287, 17, 157)"
2397149.jpg,sitting on,head,50,29,179,184,cap,32,30,179,185,1,3,213,229,215,211,"(179, 229, 184, 213)","(179, 211, 185, 215)"
2402279.jpg,wearing,sunglasses,12,20,138,156,man,231,56,123,127,0,3,176,150,183,354,"(138, 150, 156, 176)","(123, 354, 127, 183)"
2388481.jpg,sitting on,countertop,6,57,115,12,tv,50,58,71,12,1,3,69,121,70,121,"(115, 121, 12, 69)","(71, 121, 12, 70)"
2358813.jpg,wearing,shirt,21,24,38,121,woman,47,24,27,122,0,3,145,59,146,74,"(38, 59, 121, 145)","(27, 74, 122, 146)"
2323847.jpg,sitting on,rack,78,25,115,92,shoes,10,16,157,99,1,3,117,193,115,167,"(115, 193, 92, 117)","(157, 167, 99, 115)"
2350224.jpg,sitting on,desk,340,496,34,2,cable,122,139,140,212,1,3,498,374,351,262,"(34, 374, 2, 498)","(140, 262, 212, 351)"
2405578.jpg,sitting on,chair,237,149,104,253,man,311,156,58,225,1,3,402,341,381,369,"(104, 341, 253, 402)","(58, 369, 225, 381)"
1187.jpg,hanging from,oven,260,162,239,57,cloth,106,64,320,111,0,3,219,499,175,426,"(239, 499, 57, 219)","(320, 426, 111, 175)"
2379711.jpg,flying in,sky,219,497,0,2,kite,34,26,99,412,0,3,499,219,438,133,"(0, 219, 2, 499)","(99, 133, 412, 438)"
107951.jpg,wearing,hat,39,59,255,359,man,128,117,248,336,0,3,418,294,453,376,"(255, 294, 359, 418)","(248, 376, 336, 453)"
2325876.jpg,sitting on,floor,103,150,265,346,radiator,115,79,178,396,1,3,496,368,475,293,"(265, 368, 346, 496)","(178, 293, 396, 475)"
2394754.jpg,growing on,bush,266,230,1,1,leaf,10,10,150,136,0,3,231,267,146,160,"(1, 267, 1, 231)","(150, 160, 136, 146)"
2344462.jpg,wearing,shirt,160,52,172,222,man,262,180,70,148,0,3,274,332,328,332,"(172, 332, 222, 274)","(70, 332, 148, 328)"
2369715.jpg,sitting on,counter,93,196,149,303,cup,18,12,145,373,1,3,499,242,385,163,"(149, 242, 303, 499)","(145, 163, 373, 385)"
2350820.jpg,sitting on,pillow,327,421,169,1,book,237,160,205,3,1,3,422,496,163,442,"(169, 496, 1, 422)","(205, 442, 3, 163)"
2390810.jpg,wearing,skis,8,21,393,239,man,23,14,293,155,0,3,260,401,169,316,"(393, 401, 239, 260)","(293, 316, 155, 169)"
2337175.jpg,sitting on,chair,143,120,197,47,woman,200,105,151,34,1,3,167,340,139,351,"(197, 340, 47, 167)","(151, 351, 34, 139)"
2398059.jpg,wearing,visor,31,69,49,133,woman,45,122,139,124,0,3,202,80,246,184,"(49, 80, 133, 202)","(139, 184, 124, 246)"
2384952.jpg,sitting on,ground,176,373,324,1,giraffe,191,123,248,206,1,3,374,500,329,439,"(324, 500, 1, 374)","(248, 439, 206, 329)"
2407578.jpg,sitting on,plate,25,76,254,287,knife,18,39,260,317,1,3,363,279,356,278,"(254, 279, 287, 363)","(260, 278, 317, 356)"
2384103.jpg,sitting on,counter,374,497,0,1,page,282,268,92,21,1,3,498,374,289,374,"(0, 374, 1, 498)","(92, 374, 21, 289)"
2386590.jpg,using,snow,372,496,2,3,snowboard,21,10,159,323,0,3,499,374,333,180,"(2, 374, 3, 499)","(159, 180, 323, 333)"
2324451.jpg,wearing,shoe,23,47,338,84,man,288,122,73,85,0,3,131,361,207,361,"(338, 361, 84, 131)","(73, 361, 85, 207)"
2379327.jpg,sitting on,bench,199,228,201,69,man,188,245,113,91,1,3,297,400,336,301,"(201, 400, 69, 297)","(113, 301, 91, 336)"
2402519.jpg,wearing,white,157,120,70,220,batter,199,144,51,206,0,3,340,227,350,250,"(70, 227, 220, 340)","(51, 250, 206, 350)"
2320610.jpg,riding,snowboard,37,146,213,120,person,103,91,120,157,0,3,266,250,248,223,"(213, 250, 120, 266)","(120, 223, 157, 248)"
2367721.jpg,sitting on,grass,150,127,120,333,person,120,104,3,392,1,3,460,270,496,123,"(120, 270, 333, 460)","(3, 123, 392, 496)"
4888.jpg,sitting on,table,19,50,227,47,flower,17,21,228,184,1,3,97,246,205,245,"(227, 246, 47, 97)","(228, 245, 184, 205)"
2318914.jpg,using,skis,14,113,233,203,person,131,60,109,235,0,3,316,247,295,240,"(233, 247, 203, 316)","(109, 240, 235, 295)"
2345666.jpg,wearing,hat,8,14,301,177,person,410,144,35,50,0,3,191,309,194,445,"(301, 309, 177, 191)","(35, 445, 50, 194)"
2354785.jpg,sitting on,table,100,170,274,5,projector,38,83,310,224,1,3,175,374,307,348,"(274, 374, 5, 175)","(310, 348, 224, 307)"
2337809.jpg,sitting on,table,333,493,40,2,plate,211,447,161,18,1,3,495,373,465,372,"(40, 373, 2, 495)","(161, 372, 18, 465)"
2378755.jpg,wearing,watch,10,8,115,201,woman,239,94,26,137,0,3,209,125,231,265,"(115, 125, 201, 209)","(26, 265, 137, 231)"
2332182.jpg,parked on,sidewalk,73,264,171,235,car,22,40,152,199,0,3,499,244,239,174,"(171, 244, 235, 499)","(152, 174, 199, 239)"
2363193.jpg,sitting on,desk,41,42,226,40,phone,42,156,222,110,1,3,82,267,266,264,"(226, 267, 40, 82)","(222, 264, 110, 266)"
2417783.jpg,flying in,air,40,39,82,377,bird,72,72,104,170,0,3,416,122,242,176,"(82, 122, 377, 416)","(104, 176, 170, 242)"
2413209.jpg,wearing,boots,31,36,262,318,girl,93,64,113,309,0,3,354,293,373,206,"(262, 293, 318, 354)","(113, 206, 309, 373)"
1115.jpg,sitting on,grass,184,769,344,4,cows,75,216,430,327,1,3,773,528,543,505,"(344, 528, 4, 773)","(430, 505, 327, 543)"
2385177.jpg,sitting on,toilet,84,71,286,165,man,265,214,110,87,1,3,236,370,301,375,"(286, 370, 165, 236)","(110, 375, 87, 301)"
2379337.jpg,wearing,glasses,17,52,52,53,woman,233,304,17,6,0,3,105,69,310,250,"(52, 69, 53, 105)","(17, 250, 6, 310)"
2410534.jpg,playing,frisbee,15,47,140,212,man,238,131,58,261,0,3,259,155,392,296,"(140, 155, 212, 259)","(58, 296, 261, 392)"
2353304.jpg,sitting on,bear,210,170,90,115,bear,126,131,137,173,1,3,285,300,304,263,"(90, 300, 115, 285)","(137, 263, 173, 304)"
2322253.jpg,wearing,hat,31,29,52,350,person,137,48,51,341,0,3,379,83,389,188,"(52, 83, 350, 379)","(51, 188, 341, 389)"
1592444.jpg,sitting on,partition,51,766,760,0,person,44,18,727,650,1,3,766,811,668,771,"(760, 811, 0, 766)","(727, 771, 650, 668)"
2396902.jpg,wearing,scarf,220,115,132,178,woman,473,371,25,3,0,3,293,352,374,498,"(132, 352, 178, 293)","(25, 498, 3, 374)"
2335929.jpg,covered in,snow,373,498,0,1,ground,373,499,1,1,0,3,499,373,500,374,"(0, 373, 1, 499)","(1, 374, 1, 500)"
2406012.jpg,wearing,shirt,26,24,343,297,man,68,29,333,295,0,3,321,369,324,401,"(343, 369, 297, 321)","(333, 401, 295, 324)"
2351985.jpg,wearing,jacket,8,8,283,58,man,17,7,281,59,0,3,66,291,66,298,"(283, 291, 58, 66)","(281, 298, 59, 66)"
2400487.jpg,sitting on,bench,15,22,81,477,person,24,17,73,469,1,3,499,96,486,97,"(81, 96, 477, 499)","(73, 97, 469, 486)"
2403182.jpg,sitting on,grass,300,372,199,2,chair,159,105,111,157,1,3,374,499,262,270,"(199, 499, 2, 374)","(111, 270, 157, 262)"
2377932.jpg,sitting on,bench,34,128,192,66,people,54,93,1,405,1,3,194,226,498,55,"(192, 226, 66, 194)","(1, 55, 405, 498)"
2362314.jpg,sitting on,cloth,75,135,0,331,pan,320,479,11,2,1,3,466,75,481,331,"(0, 75, 331, 466)","(11, 331, 2, 481)"
2318219.jpg,wearing,sock,25,17,276,280,man,325,117,0,251,0,3,297,301,368,325,"(276, 301, 280, 297)","(0, 325, 251, 368)"
2335659.jpg,wearing,shirt,57,55,164,352,woman,142,55,148,349,0,3,407,221,404,290,"(164, 221, 352, 407)","(148, 290, 349, 404)"
2398748.jpg,standing on,balcony,49,337,121,10,statue,38,32,87,106,0,3,347,170,138,125,"(121, 170, 10, 347)","(87, 125, 106, 138)"
2321676.jpg,wearing,shorts,12,13,200,409,man,51,27,175,401,0,3,422,212,428,226,"(200, 212, 409, 422)","(175, 226, 401, 428)"
2335505.jpg,sitting on,ground,84,317,182,92,person,118,119,120,208,1,3,409,266,327,238,"(182, 266, 92, 409)","(120, 238, 208, 327)"
2361954.jpg,sitting on,bench,12,65,87,249,person,16,10,85,271,1,3,314,99,281,101,"(87, 99, 249, 314)","(85, 101, 271, 281)"
3845.jpg,walking on,sidewalk,17,490,412,20,person,21,24,355,501,0,3,510,429,525,376,"(412, 429, 20, 510)","(355, 376, 501, 525)"
2375910.jpg,wearing,clothes,45,173,39,83,people,93,291,22,73,0,3,256,84,364,115,"(39, 84, 83, 256)","(22, 115, 73, 364)"
2341996.jpg,wearing,dress,123,149,207,311,child,178,236,155,241,0,3,460,330,477,333,"(207, 330, 311, 460)","(155, 333, 241, 477)"
744.jpg,wearing,jacket,107,60,354,599,man,263,71,332,604,0,3,659,461,675,595,"(354, 461, 599, 659)","(332, 595, 604, 675)"
2331183.jpg,wearing,coat,121,99,72,263,woman,260,104,31,258,0,3,362,193,362,291,"(72, 193, 263, 362)","(31, 291, 258, 362)"
713588.jpg,sitting on,sidewalk,41,176,295,455,person,66,64,265,543,1,3,631,336,607,331,"(295, 336, 455, 631)","(265, 331, 543, 607)"
2406124.jpg,sitting on,snow,308,499,0,0,plant,9,38,299,421,1,3,499,308,459,308,"(0, 308, 0, 499)","(299, 308, 421, 459)"
2408385.jpg,eating,grass,60,444,267,53,sheep,256,301,57,99,0,3,497,327,400,313,"(267, 327, 53, 497)","(57, 313, 99, 400)"
2386104.jpg,wearing,dress,55,25,135,21,woman,95,29,121,22,0,3,46,190,51,216,"(135, 190, 21, 46)","(121, 216, 22, 51)"
2372815.jpg,sitting on,bus,235,262,92,116,people,28,124,136,229,1,3,378,327,353,164,"(92, 327, 116, 378)","(136, 164, 229, 353)"
2332372.jpg,sitting on,table,173,405,157,92,bottle,96,40,234,377,1,3,497,330,417,330,"(157, 330, 92, 497)","(234, 330, 377, 417)"
2399928.jpg,sitting on,bench,21,44,171,16,couple,39,46,158,13,1,3,60,192,59,197,"(171, 192, 16, 60)","(158, 197, 13, 59)"
2349977.jpg,sitting on,tomato,82,123,274,88,pickle,64,79,285,112,1,3,211,356,191,349,"(274, 356, 88, 211)","(285, 349, 112, 191)"
2396943.jpg,sitting on,shelves,66,168,119,240,books,39,21,116,388,1,3,408,185,409,155,"(119, 185, 240, 408)","(116, 155, 388, 409)"
2376771.jpg,wearing,glasses,17,27,37,318,boy,265,88,31,297,0,3,345,54,385,296,"(37, 54, 318, 345)","(31, 296, 297, 385)"
2348724.jpg,wearing,shirt,41,46,270,449,man,107,49,264,367,0,3,495,311,416,371,"(270, 311, 449, 495)","(264, 371, 367, 416)"
2326672.jpg,sitting on,street,400,330,98,2,bird,10,13,107,116,1,3,332,498,129,117,"(98, 498, 2, 332)","(107, 117, 116, 129)"
2341844.jpg,sitting on,bench,154,98,115,398,woman,73,38,102,460,1,3,496,269,498,175,"(115, 269, 398, 496)","(102, 175, 460, 498)"
2349590.jpg,covered in,dirt,24,499,290,0,ground,30,500,285,0,0,3,499,314,500,315,"(290, 314, 0, 499)","(285, 315, 0, 500)"
2395623.jpg,sitting on,couch,183,131,164,0,person,186,191,186,1,1,3,131,347,192,372,"(164, 347, 0, 131)","(186, 372, 1, 192)"
2347929.jpg,standing on,pavement,90,56,29,271,bird,37,48,43,263,0,3,327,119,311,80,"(29, 119, 271, 327)","(43, 80, 263, 311)"
2336703.jpg,sitting on,snow,287,484,43,0,rock,110,116,137,369,1,3,484,330,485,247,"(43, 330, 0, 484)","(137, 247, 369, 485)"
2406110.jpg,wearing,jersey,84,125,195,106,man,149,144,162,85,0,3,231,279,229,311,"(195, 279, 106, 231)","(162, 311, 85, 229)"
2375806.jpg,sitting on,stove,122,121,247,100,pot,28,36,232,102,1,3,221,369,138,260,"(247, 369, 100, 221)","(232, 260, 102, 138)"
713677.jpg,mounted on,drawer,65,249,353,711,knob,39,35,366,819,0,3,960,418,854,405,"(353, 418, 711, 960)","(366, 405, 819, 854)"
2353843.jpg,covering,ground,153,500,177,0,snow,74,497,257,0,0,3,500,330,497,331,"(177, 330, 0, 500)","(257, 331, 0, 497)"
1159305.jpg,wearing,pants,22,18,373,127,person,50,24,351,125,0,3,145,395,149,401,"(373, 395, 127, 145)","(351, 401, 125, 149)"
2378154.jpg,playing,frisbee,20,20,108,113,person,60,33,178,415,0,3,133,128,448,238,"(108, 128, 113, 133)","(178, 238, 415, 448)"
2362299.jpg,sitting on,table,125,355,207,108,tray,20,52,222,235,1,3,463,332,287,242,"(207, 332, 108, 463)","(222, 242, 235, 287)"
2410229.jpg,wearing,make-up,76,40,126,159,woman,216,235,97,74,0,3,199,202,309,313,"(126, 202, 159, 199)","(97, 313, 74, 309)"
107941.jpg,sitting on,barrel,168,274,278,148,man,511,291,27,40,1,3,422,446,331,538,"(278, 446, 148, 422)","(27, 538, 40, 331)"
2410426.jpg,wearing,white,38,28,84,330,person,142,98,24,313,0,3,358,122,411,166,"(84, 122, 330, 358)","(24, 166, 313, 411)"
2347620.jpg,standing on,tracks,198,251,176,0,people,23,30,141,274,0,3,251,374,304,164,"(176, 374, 0, 251)","(141, 164, 274, 304)"
2321305.jpg,sitting on,fixture,16,23,166,340,mirror,42,42,128,329,1,3,363,182,371,170,"(166, 182, 340, 363)","(128, 170, 329, 371)"
2363013.jpg,sitting on,bed,154,441,212,27,cat,49,70,245,70,1,3,468,366,140,294,"(212, 366, 27, 468)","(245, 294, 70, 140)"
2414290.jpg,wearing,dress,295,201,202,251,woman,377,231,115,220,0,3,452,497,451,492,"(202, 497, 251, 452)","(115, 492, 220, 451)"
2338218.jpg,wearing,suit,83,49,110,273,man,118,60,79,260,0,3,322,193,320,197,"(110, 193, 273, 322)","(79, 197, 260, 320)"
2402581.jpg,wearing,jacket,231,220,99,213,man,322,248,8,192,0,3,433,330,440,330,"(99, 330, 213, 433)","(8, 330, 192, 440)"
2398497.jpg,sitting on,chair,233,422,141,6,cat,176,291,74,134,1,3,428,374,425,250,"(141, 374, 6, 428)","(74, 250, 134, 425)"
2327715.jpg,watching,game,322,496,5,4,fans,158,338,0,156,0,3,500,327,494,158,"(5, 327, 4, 500)","(0, 158, 156, 494)"
2340499.jpg,sitting on,table,30,58,334,4,laptop,193,254,125,62,1,3,62,364,316,318,"(334, 364, 4, 62)","(125, 318, 62, 316)"
2408162.jpg,wearing,bracelet,17,13,173,196,lady,158,72,54,145,0,3,209,190,217,212,"(173, 190, 196, 209)","(54, 212, 145, 217)"
2395711.jpg,sitting on,branch,80,470,134,27,bird,217,80,56,129,1,3,497,214,209,273,"(134, 214, 27, 497)","(56, 273, 129, 209)"
2409020.jpg,sitting on,bench,155,26,160,180,lady,171,72,143,344,1,3,206,315,416,314,"(160, 315, 180, 206)","(143, 314, 344, 416)"
2413659.jpg,wearing,hat,13,20,48,366,man,59,33,46,346,0,3,386,61,379,105,"(48, 61, 366, 386)","(46, 105, 346, 379)"
2405256.jpg,sitting on,bench,81,481,168,1,person,129,58,105,109,1,3,482,249,167,234,"(168, 249, 1, 482)","(105, 234, 109, 167)"
2324268.jpg,walking on,beach,132,499,199,0,people,51,21,157,88,0,3,499,331,109,208,"(199, 331, 0, 499)","(157, 208, 88, 109)"
2398113.jpg,riding,wave,41,499,135,0,person,36,21,120,268,0,3,499,176,289,156,"(135, 176, 0, 499)","(120, 156, 268, 289)"
3897.jpg,sitting on,chair,86,76,452,691,person,124,54,424,696,1,3,767,538,750,548,"(452, 538, 691, 767)","(424, 548, 696, 750)"
2334625.jpg,sitting on,beach,192,470,180,12,cow,243,298,93,133,1,3,482,372,431,336,"(180, 372, 12, 482)","(93, 336, 133, 431)"
2386500.jpg,wearing,shirt,25,44,326,199,man,71,78,309,192,0,3,243,351,270,380,"(326, 351, 199, 243)","(309, 380, 192, 270)"
2367906.jpg,wearing,blinders,17,14,274,329,horse,147,100,265,265,0,3,343,291,365,412,"(274, 291, 329, 343)","(265, 412, 265, 365)"
2355719.jpg,wearing,pants,83,149,192,203,girl,79,227,194,167,0,3,352,275,394,273,"(192, 275, 203, 352)","(194, 273, 167, 394)"
2333612.jpg,sitting on,table,370,500,3,0,bottle,165,87,0,198,1,3,500,373,285,165,"(3, 373, 0, 500)","(0, 165, 198, 285)"
2398451.jpg,sitting on,grass,266,360,225,9,man,197,251,303,14,1,3,369,491,265,500,"(225, 491, 9, 369)","(303, 500, 14, 265)"
2356418.jpg,sitting on,rock,238,361,9,8,bird,156,127,52,51,1,3,369,247,178,208,"(9, 247, 8, 369)","(52, 208, 51, 178)"
2391199.jpg,standing on,ground,102,498,227,1,people,30,22,218,392,0,3,499,329,414,248,"(227, 329, 1, 499)","(218, 248, 392, 414)"
2366354.jpg,sitting on,surfboard,34,88,96,408,people,50,41,69,458,1,3,496,130,499,119,"(96, 130, 408, 496)","(69, 119, 458, 499)"
2348956.jpg,sitting on,table,28,58,70,134,picture,14,12,57,141,1,3,192,98,153,71,"(70, 98, 134, 192)","(57, 71, 141, 153)"
4885.jpg,sitting on,table,20,85,233,2,radio,52,42,195,0,1,3,87,253,42,247,"(233, 253, 2, 87)","(195, 247, 0, 42)"
2406407.jpg,wearing,jacket,127,99,114,195,woman,239,100,77,195,0,3,294,241,295,316,"(114, 241, 195, 294)","(77, 316, 195, 295)"
2409136.jpg,using,steps,285,332,214,1,man,214,76,112,211,0,3,333,499,287,326,"(214, 499, 1, 333)","(112, 326, 211, 287)"
2411579.jpg,sitting on,counter,38,49,79,382,bottle,30,10,60,408,1,3,431,117,418,90,"(79, 117, 382, 431)","(60, 90, 408, 418)"
2343325.jpg,flying in,sky,149,497,1,2,kite,89,113,84,28,0,3,499,150,141,173,"(1, 150, 2, 499)","(84, 173, 28, 141)"
2347591.jpg,sitting on,ground,330,405,2,1,rock,33,65,33,8,1,3,406,332,73,66,"(2, 332, 1, 406)","(33, 66, 8, 73)"
1592103.jpg,wearing,jeans,130,113,238,370,man,251,184,139,370,0,3,483,368,554,390,"(238, 368, 370, 483)","(139, 390, 370, 554)"
2330903.jpg,mounted on,cabinet,83,82,60,200,door,84,29,59,222,0,3,282,143,251,143,"(60, 143, 200, 282)","(59, 143, 222, 251)"
2362649.jpg,sitting on,table,89,206,260,199,glass,63,29,217,232,1,3,405,349,261,280,"(260, 349, 199, 405)","(217, 280, 232, 261)"
2362133.jpg,wearing,shirt,94,96,34,49,person,228,97,1,50,0,3,145,128,147,229,"(34, 128, 49, 145)","(1, 229, 50, 147)"
2366557.jpg,sitting on,beach,262,375,236,0,child,276,232,222,15,1,3,375,498,247,498,"(236, 498, 0, 375)","(222, 498, 15, 247)"
2368103.jpg,walking on,sidewalk,80,129,165,21,woman,95,38,96,0,0,3,150,245,38,191,"(165, 245, 21, 150)","(96, 191, 0, 38)"
2414628.jpg,walking on,beach,200,498,132,1,person,22,11,150,435,0,3,499,332,446,172,"(132, 332, 1, 499)","(150, 172, 435, 446)"
2397169.jpg,wearing,shirt,121,160,157,213,girl,263,310,23,162,0,3,373,278,472,286,"(157, 278, 213, 373)","(23, 286, 162, 472)"
2399035.jpg,sitting on,floor,320,496,8,4,person,219,208,55,30,1,3,500,328,238,274,"(8, 328, 4, 500)","(55, 274, 30, 238)"
2348291.jpg,wearing,pants,88,67,161,82,man,168,86,81,66,0,3,149,249,152,249,"(161, 249, 82, 149)","(81, 249, 66, 152)"
2363952.jpg,sitting on,plate,183,443,135,44,orange,210,187,0,255,1,3,487,318,442,210,"(135, 318, 44, 487)","(0, 210, 255, 442)"
2368454.jpg,sitting on,sand,77,142,219,28,cow,16,33,190,29,1,3,170,296,62,206,"(219, 296, 28, 170)","(190, 206, 29, 62)"
2315966.jpg,wearing,shirt,24,56,0,421,boy,114,64,0,418,0,3,477,24,482,114,"(0, 24, 421, 477)","(0, 114, 418, 482)"
2412502.jpg,sitting on,couch,142,295,125,163,girl,109,56,134,307,1,3,458,267,363,243,"(125, 267, 163, 458)","(134, 243, 307, 363)"
2372658.jpg,walking on,plains,326,495,3,3,zebra,80,93,162,272,0,3,498,329,365,242,"(3, 329, 3, 498)","(162, 242, 272, 365)"
2403922.jpg,wearing,jacket,59,65,167,297,man,172,85,146,282,0,3,362,226,367,318,"(167, 226, 297, 362)","(146, 318, 282, 367)"
2342429.jpg,covered in,grass,212,495,1,1,hill,214,499,0,1,0,3,496,213,500,214,"(1, 213, 1, 496)","(0, 214, 1, 500)"
2383123.jpg,wearing,glove,18,20,296,62,man,196,103,205,66,0,3,82,314,169,401,"(296, 314, 62, 82)","(205, 401, 66, 169)"
2406573.jpg,using,keyboard,130,124,224,266,guy,362,218,5,10,0,3,390,354,228,367,"(224, 354, 266, 390)","(5, 367, 10, 228)"
2323161.jpg,sitting on,ground,87,480,36,18,people,27,16,62,381,1,3,498,123,397,89,"(36, 123, 18, 498)","(62, 89, 381, 397)"
2343646.jpg,sitting on,chair,142,135,191,1,guitar,188,116,145,14,1,3,136,333,130,333,"(191, 333, 1, 136)","(145, 333, 14, 130)"
2378028.jpg,wearing,pants,167,122,243,142,man,416,241,60,100,0,3,264,410,341,476,"(243, 410, 142, 264)","(60, 476, 100, 341)"
2337245.jpg,standing on,ground,30,482,300,1,cone,25,14,278,463,0,3,483,330,477,303,"(300, 330, 1, 483)","(278, 303, 463, 477)"
2386438.jpg,wearing,top,102,105,220,230,girl,205,143,150,229,0,3,335,322,372,355,"(220, 322, 230, 335)","(150, 355, 229, 372)"
2346597.jpg,lying on,grass,115,439,243,45,bat,10,57,270,139,0,3,484,358,196,280,"(243, 358, 45, 484)","(270, 280, 139, 196)"
2348931.jpg,walking on,dirt,49,477,265,22,elephant,147,135,180,277,0,3,499,314,412,327,"(265, 314, 22, 499)","(180, 327, 277, 412)"
2395837.jpg,walking on,sidewalk,122,495,209,4,people,238,293,94,197,0,3,499,331,490,332,"(209, 331, 4, 499)","(94, 332, 197, 490)"
2390645.jpg,wearing,hat,29,39,201,241,boy,56,39,232,455,0,3,280,230,494,288,"(201, 230, 241, 280)","(232, 288, 455, 494)"
2361856.jpg,wearing,pants,135,96,265,57,woman,472,179,25,19,0,3,153,400,198,497,"(265, 400, 57, 153)","(25, 497, 19, 198)"
2378883.jpg,wearing,shirt,21,18,331,252,man,63,19,325,253,0,3,270,352,272,388,"(331, 352, 252, 270)","(325, 388, 253, 272)"
2354804.jpg,wearing,shoe,27,19,472,230,boy,246,170,254,158,0,3,249,499,328,500,"(472, 499, 230, 249)","(254, 500, 158, 328)"
2357353.jpg,sitting on,bench,119,357,247,101,girl,205,63,166,309,1,3,458,366,372,371,"(247, 366, 101, 458)","(166, 371, 309, 372)"
1159573.jpg,sitting on,hill,105,1022,56,1,tree,42,32,57,399,1,3,1023,161,431,99,"(56, 161, 1, 1023)","(57, 99, 399, 431)"
2373201.jpg,using,skateboard,70,64,328,85,boy,226,152,107,58,0,3,149,398,210,333,"(328, 398, 85, 149)","(107, 333, 58, 210)"
2370491.jpg,sitting on,track,57,127,270,332,train,166,151,109,93,1,3,459,327,244,275,"(270, 327, 332, 459)","(109, 275, 93, 244)"
2413083.jpg,wearing,shirt,116,116,208,136,man,302,118,167,137,0,3,252,324,255,469,"(208, 324, 136, 252)","(167, 469, 137, 255)"
2407224.jpg,walking on,sidewalk,153,255,178,13,man,118,36,154,188,0,3,268,331,224,272,"(178, 331, 13, 268)","(154, 272, 188, 224)"
2361263.jpg,eating,plant,302,222,31,109,giraffe,245,168,87,0,0,3,331,333,168,332,"(31, 333, 109, 331)","(87, 332, 0, 168)"
2362109.jpg,sitting on,bus,127,95,347,102,passenger,34,66,332,110,1,3,197,474,176,366,"(347, 474, 102, 197)","(332, 366, 110, 176)"
2396468.jpg,sitting on,table,209,386,159,20,handbag,73,299,294,67,1,3,406,368,366,367,"(159, 368, 20, 406)","(294, 367, 67, 366)"
2318982.jpg,wearing,boot,16,18,380,131,man,217,114,179,84,0,3,149,396,198,396,"(380, 396, 131, 149)","(179, 396, 84, 198)"
2329682.jpg,sitting on,wire,468,18,0,116,bird,40,42,156,115,1,3,134,468,157,196,"(0, 468, 116, 134)","(156, 196, 115, 157)"
2352698.jpg,wearing,glove,24,34,148,181,woman,201,122,83,187,0,3,215,172,309,284,"(148, 172, 181, 215)","(83, 284, 187, 309)"
2389372.jpg,sitting on,floor,140,271,234,215,cable,25,30,283,400,1,3,486,374,430,308,"(234, 374, 215, 486)","(283, 308, 400, 430)"
2368732.jpg,sitting on,table,122,198,240,273,cat,230,231,122,39,1,3,471,362,270,352,"(240, 362, 273, 471)","(122, 352, 39, 270)"
2333538.jpg,wearing,pants,9,13,305,380,person,37,31,282,368,0,3,393,314,399,319,"(305, 314, 380, 393)","(282, 319, 368, 399)"
2349858.jpg,sitting on,table,371,496,2,3,cup,183,114,178,385,1,3,499,373,499,361,"(2, 373, 3, 499)","(178, 361, 385, 499)"
2322818.jpg,wearing,suit,81,82,140,123,man,132,95,109,122,0,3,205,221,217,241,"(140, 221, 123, 205)","(109, 241, 122, 217)"
2402806.jpg,wearing,shirt,12,17,142,278,man,18,18,135,275,0,3,295,154,293,153,"(142, 154, 278, 295)","(135, 153, 275, 293)"
2380237.jpg,sitting on,grass,221,499,112,0,cone,36,22,108,428,1,3,499,333,450,144,"(112, 333, 0, 499)","(108, 144, 428, 450)"
2322818.jpg,sitting on,beach,276,492,55,5,man,135,98,98,222,1,3,497,331,320,233,"(55, 331, 5, 497)","(98, 233, 222, 320)"
2395009.jpg,sitting on,bench,217,424,101,57,girl,329,173,3,148,1,3,481,318,321,332,"(101, 318, 57, 481)","(3, 332, 148, 321)"
2339863.jpg,wearing,cap,48,61,65,204,man,433,271,67,104,0,3,265,113,375,500,"(65, 113, 204, 265)","(67, 500, 104, 375)"
2359357.jpg,sitting on,shelf,21,117,70,116,snowman,40,24,46,224,1,3,233,91,248,86,"(70, 91, 116, 233)","(46, 86, 224, 248)"
1592094.jpg,sitting on,mantle,111,312,509,706,clock,247,225,262,754,1,3,1018,620,979,509,"(509, 620, 706, 1018)","(262, 509, 754, 979)"
2399677.jpg,sitting on,concrete,160,212,214,287,person,374,457,0,42,1,3,499,374,499,374,"(214, 374, 287, 499)","(0, 374, 42, 499)"
2353103.jpg,sitting on,table,464,461,19,19,orange,110,117,45,79,1,3,480,483,196,155,"(19, 483, 19, 480)","(45, 155, 79, 196)"
2394091.jpg,wearing,helmet,9,16,218,391,person,84,48,215,380,0,3,407,227,428,299,"(218, 227, 391, 407)","(215, 299, 380, 428)"
2326143.jpg,wearing,shirt,199,196,37,282,person,251,171,0,326,0,3,478,236,497,251,"(37, 236, 282, 478)","(0, 251, 326, 497)"
2346257.jpg,says,corona,13,28,65,280,cap,42,51,56,262,0,3,308,78,313,98,"(65, 78, 280, 308)","(56, 98, 262, 313)"
2381122.jpg,wearing,shorts,38,58,115,327,man,111,187,68,266,0,3,385,153,453,179,"(115, 153, 327, 385)","(68, 179, 266, 453)"
2318015.jpg,wearing,tie,87,47,382,140,man,490,238,9,0,0,3,187,469,238,499,"(382, 469, 140, 187)","(9, 499, 0, 238)"
2404068.jpg,wearing,jeans,34,151,276,21,man,269,184,122,5,0,3,172,310,189,391,"(276, 310, 21, 172)","(122, 391, 5, 189)"
2388005.jpg,sitting on,horse,118,165,235,158,man,135,150,151,110,1,3,323,353,260,286,"(235, 353, 158, 323)","(151, 286, 110, 260)"
2321597.jpg,wearing,shoes,43,210,376,80,drawing,339,220,79,81,0,3,290,419,301,418,"(376, 419, 80, 290)","(79, 418, 81, 301)"
2318976.jpg,wearing,shirt,16,44,17,105,person,34,69,0,105,0,3,149,33,174,34,"(17, 33, 105, 149)","(0, 34, 105, 174)"
2342953.jpg,sitting on,floor,38,74,49,287,backpack,335,214,28,0,1,3,361,87,214,363,"(49, 87, 287, 361)","(28, 363, 0, 214)"
2396774.jpg,sitting on,table,370,499,1,0,cup,174,177,1,25,1,3,499,371,202,175,"(1, 371, 0, 499)","(1, 175, 25, 202)"
2411509.jpg,walking on,grass,306,498,68,0,zebra,159,207,127,175,0,3,498,374,382,286,"(68, 374, 0, 498)","(127, 286, 175, 382)"
2384338.jpg,hanging from,ceiling,115,253,1,121,clock,158,150,1,16,0,3,374,116,166,159,"(1, 116, 121, 374)","(1, 159, 16, 166)"
2340420.jpg,sitting on,rock,152,373,120,122,bird,67,69,76,285,1,3,495,272,354,143,"(120, 272, 122, 495)","(76, 143, 285, 354)"
2415707.jpg,wearing,hat,57,78,6,281,woman,364,351,10,8,0,3,359,63,359,374,"(6, 63, 281, 359)","(10, 374, 8, 359)"
2335605.jpg,sitting on,table,93,467,280,0,paper,99,236,241,243,1,3,467,373,479,340,"(280, 373, 0, 467)","(241, 340, 243, 479)"
1592646.jpg,wearing,blue,87,55,316,809,baby,150,72,277,789,0,3,864,403,861,427,"(316, 403, 809, 864)","(277, 427, 789, 861)"
2363741.jpg,standing on,grate,36,402,255,63,girl,160,47,113,271,0,3,465,291,318,273,"(255, 291, 63, 465)","(113, 273, 271, 318)"
2352286.jpg,sitting on,couch,283,441,91,1,woman,238,205,89,294,1,3,442,374,499,327,"(91, 374, 1, 442)","(89, 327, 294, 499)"
2400438.jpg,sitting on,bench,44,98,185,2,player,111,48,121,44,1,3,100,229,92,232,"(185, 229, 2, 100)","(121, 232, 44, 92)"
2410211.jpg,sitting on,board,67,92,134,116,surfer,75,103,125,120,1,3,208,201,223,200,"(134, 201, 116, 208)","(125, 200, 120, 223)"
2347214.jpg,wearing,jacket,44,27,164,134,guy,73,28,151,139,0,3,161,208,167,224,"(164, 208, 134, 161)","(151, 224, 139, 167)"
2395925.jpg,watching,dog,200,123,174,129,man,168,58,189,274,0,3,252,374,332,357,"(174, 374, 129, 252)","(189, 357, 274, 332)"
2378224.jpg,sitting on,wheel,90,85,239,51,girl,225,107,106,33,1,3,136,329,140,331,"(239, 329, 51, 136)","(106, 331, 33, 140)"
2379318.jpg,sitting on,couch,148,466,115,32,people,297,476,31,16,1,3,498,263,492,328,"(115, 263, 32, 498)","(31, 328, 16, 492)"
2346242.jpg,carrying,snowboard,181,58,69,166,man,166,72,136,174,0,3,224,250,246,302,"(69, 250, 166, 224)","(136, 302, 174, 246)"
2380962.jpg,sitting on,bench,55,228,164,233,player,144,70,72,377,1,3,461,219,447,216,"(164, 219, 233, 461)","(72, 216, 377, 447)"
2389926.jpg,wearing,shirt,48,87,2,132,boy,218,88,2,134,0,3,219,50,222,220,"(2, 50, 132, 219)","(2, 220, 134, 222)"
1160232.jpg,sitting on,table,387,660,255,18,cords,113,178,510,275,1,3,678,642,453,623,"(255, 642, 18, 678)","(510, 623, 275, 453)"
2347842.jpg,watching,person,231,142,71,92,boy,40,20,15,139,0,3,234,302,159,55,"(71, 302, 92, 234)","(15, 55, 139, 159)"
2398739.jpg,wearing,sweater,50,60,156,360,man,134,60,138,359,0,3,420,206,419,272,"(156, 206, 360, 420)","(138, 272, 359, 419)"
2412036.jpg,painted on,platform,124,110,167,1,line,22,95,203,1,0,3,111,291,96,225,"(167, 291, 1, 111)","(203, 225, 1, 96)"
2341905.jpg,sitting on,curb,13,49,263,449,couple,68,93,206,362,1,3,498,276,455,274,"(263, 276, 449, 498)","(206, 274, 362, 455)"
2377458.jpg,sitting on,shelf,93,167,231,52,bottle,185,44,139,11,1,3,219,324,55,324,"(231, 324, 52, 219)","(139, 324, 11, 55)"
2346219.jpg,flying in,sky,284,498,0,1,kite,10,14,238,42,0,3,499,284,56,248,"(0, 284, 1, 499)","(238, 248, 42, 56)"
2353942.jpg,wearing,skirt,72,54,58,278,woman,169,66,0,270,0,3,332,130,336,169,"(58, 130, 278, 332)","(0, 169, 270, 336)"
2330166.jpg,sitting on,floor,101,496,272,1,shoes,62,64,312,433,1,3,497,373,497,374,"(272, 373, 1, 497)","(312, 374, 433, 497)"
2320226.jpg,watching,snowboarder,54,32,189,214,people,27,93,217,52,0,3,246,243,145,244,"(189, 243, 214, 246)","(217, 244, 52, 145)"
2397491.jpg,sitting on,chair,193,121,264,77,woman,338,149,148,62,1,3,198,457,211,486,"(264, 457, 77, 198)","(148, 486, 62, 211)"
2401192.jpg,hanging from,toy,119,192,1,164,leg,98,87,20,265,0,3,356,120,352,118,"(1, 120, 164, 356)","(20, 118, 265, 352)"
639.jpg,standing on,sidewalk,247,704,284,70,person,258,78,232,295,0,3,774,531,373,490,"(284, 531, 70, 774)","(232, 490, 295, 373)"
2391174.jpg,walking on,sidewalk,25,94,196,185,people,63,72,150,222,0,3,279,221,294,213,"(196, 221, 185, 279)","(150, 213, 222, 294)"
2396449.jpg,sitting on,paper,82,132,311,368,pen,21,71,343,429,1,3,500,393,500,364,"(311, 393, 368, 500)","(343, 364, 429, 500)"
2355432.jpg,sitting on,plate,88,100,409,6,candle,111,57,323,2,1,3,106,497,59,434,"(409, 497, 6, 106)","(323, 434, 2, 59)"
2369837.jpg,sitting on,wall,68,68,177,415,boy,56,40,141,424,1,3,483,245,464,197,"(177, 245, 415, 483)","(141, 197, 424, 464)"
2344392.jpg,wearing,shoe,33,34,269,317,woman,305,193,19,302,0,3,351,302,495,324,"(269, 302, 317, 351)","(19, 324, 302, 495)"
2402247.jpg,sitting on,plate,98,226,402,0,pizza,57,140,441,39,1,3,226,500,179,498,"(402, 500, 0, 226)","(441, 498, 39, 179)"
2348098.jpg,sitting on,table,79,486,294,12,glass,50,37,295,337,1,3,498,373,374,345,"(294, 373, 12, 498)","(295, 345, 337, 374)"
2401520.jpg,sitting on,desk,118,494,255,3,laptop,110,115,243,385,1,3,497,373,500,353,"(255, 373, 3, 497)","(243, 353, 385, 500)"
2410471.jpg,eating,limb,76,190,0,87,giraffe,443,220,56,1,0,3,277,76,221,499,"(0, 76, 87, 277)","(56, 499, 1, 221)"
107995.jpg,eating,grass,75,69,251,439,elephant,526,363,32,413,0,3,508,326,776,558,"(251, 326, 439, 508)","(32, 558, 413, 776)"
2370502.jpg,walking in,field,103,495,228,2,man,18,9,227,41,0,3,497,331,50,245,"(228, 331, 2, 497)","(227, 245, 41, 50)"
2318007.jpg,wearing,jacket,34,26,465,57,man,34,22,465,57,0,3,83,499,79,499,"(465, 499, 57, 83)","(465, 499, 57, 79)"
2345972.jpg,wearing,legging,110,68,1,190,person,219,283,5,21,0,3,258,111,304,224,"(1, 111, 190, 258)","(5, 224, 21, 304)"
2375369.jpg,playing,frisbee,16,48,138,193,shoe,50,26,269,306,0,3,241,154,332,319,"(138, 154, 193, 241)","(269, 319, 306, 332)"
2404326.jpg,sitting on,motorcycle,308,339,61,77,woman,261,112,36,241,1,3,416,369,353,297,"(61, 369, 77, 416)","(36, 297, 241, 353)"
2348641.jpg,sitting on,motorcycle,196,180,148,117,man,216,70,92,191,1,3,297,344,261,308,"(148, 344, 117, 297)","(92, 308, 191, 261)"
2347665.jpg,sitting on,couch,150,420,170,2,man,277,274,49,83,1,3,422,320,357,326,"(170, 320, 2, 422)","(49, 326, 83, 357)"
2403734.jpg,wearing,vest,85,64,70,162,child,243,127,19,134,0,3,226,155,261,262,"(70, 155, 162, 226)","(19, 262, 134, 261)"
2337009.jpg,sitting on,couch,139,255,132,237,cat,21,52,185,329,1,3,492,271,381,206,"(132, 271, 237, 492)","(185, 206, 329, 381)"
2335633.jpg,wearing,t-shirt,21,64,157,273,boy,77,153,120,243,0,3,337,178,396,197,"(157, 178, 273, 337)","(120, 197, 243, 396)"
2369418.jpg,wearing,pants,14,27,147,102,man,43,26,120,95,0,3,129,161,121,163,"(147, 161, 102, 129)","(120, 163, 95, 121)"
2357009.jpg,wearing,black,6,8,178,375,man,16,18,172,288,0,3,383,184,306,188,"(178, 184, 375, 383)","(172, 188, 288, 306)"
2329453.jpg,sitting on,table,53,58,261,413,baby,39,35,236,430,1,3,471,314,465,275,"(261, 314, 413, 471)","(236, 275, 430, 465)"
2389464.jpg,sitting on,wall,32,76,345,102,person,23,13,339,147,1,3,178,377,160,362,"(345, 377, 102, 178)","(339, 362, 147, 160)"
2359251.jpg,eating,grass,90,495,115,0,animal,33,36,142,342,0,3,495,205,378,175,"(115, 205, 0, 495)","(142, 175, 342, 378)"
2385725.jpg,sitting on,sand,323,497,2,2,dog,285,176,1,155,1,3,499,325,331,286,"(2, 325, 2, 499)","(1, 286, 155, 331)"
2402498.jpg,sitting on,elephant,213,282,128,127,man,104,76,49,194,1,3,409,341,270,153,"(128, 341, 127, 409)","(49, 153, 194, 270)"
2390435.jpg,covered in,grass,95,499,236,0,field,100,500,233,0,0,3,499,331,500,333,"(236, 331, 0, 499)","(233, 333, 0, 500)"
1767.jpg,sitting on,wall,56,316,400,440,person,55,37,369,613,1,3,756,456,650,424,"(400, 456, 440, 756)","(369, 424, 613, 650)"
2344787.jpg,wearing,socks,36,40,226,52,man,197,108,83,18,0,3,92,262,126,280,"(226, 262, 52, 92)","(83, 280, 18, 126)"
2334288.jpg,sitting on,bus,194,453,64,31,circle,103,126,132,152,1,3,484,258,278,235,"(64, 258, 31, 484)","(132, 235, 152, 278)"
2316209.jpg,wearing,uniform,64,34,104,348,player,113,67,90,344,0,3,382,168,411,203,"(104, 168, 348, 382)","(90, 203, 344, 411)"
2387208.jpg,sitting on,lift,97,150,135,206,person,77,37,174,284,1,3,356,232,321,251,"(135, 232, 206, 356)","(174, 251, 284, 321)"
2326683.jpg,growing on,tree,236,121,260,187,banana,68,39,73,92,0,3,308,496,131,141,"(260, 496, 187, 308)","(73, 141, 92, 131)"
2321685.jpg,wearing,shirt,73,98,67,168,man,205,187,43,161,0,3,266,140,348,248,"(67, 140, 168, 266)","(43, 248, 161, 348)"
2318755.jpg,sitting on,bench,22,255,20,65,person,33,17,22,105,1,3,320,42,122,55,"(20, 42, 65, 320)","(22, 55, 105, 122)"
2355323.jpg,sitting on,bench,99,205,201,7,people,133,147,140,15,1,3,212,300,162,273,"(201, 300, 7, 212)","(140, 273, 15, 162)"
2386384.jpg,wearing,shorts,12,17,288,51,girl,65,43,265,43,0,3,68,300,86,330,"(288, 300, 51, 68)","(265, 330, 43, 86)"
2389573.jpg,sitting on,table,82,342,417,0,cake,108,113,299,113,1,3,342,499,226,407,"(417, 499, 0, 342)","(299, 407, 113, 226)"
2331478.jpg,sitting on,tracks,139,468,193,30,train,298,324,1,175,1,3,498,332,499,299,"(193, 332, 30, 498)","(1, 299, 175, 499)"
2368574.jpg,sitting on,plate,86,116,128,283,fruit,48,48,154,317,1,3,399,214,365,202,"(128, 214, 283, 399)","(154, 202, 317, 365)"
2323865.jpg,walking in,street,32,101,322,129,person,12,5,296,215,0,3,230,354,220,308,"(322, 354, 129, 230)","(296, 308, 215, 220)"
2381482.jpg,wearing,hat,14,26,110,266,boy,155,56,107,244,0,3,292,124,300,262,"(110, 124, 266, 292)","(107, 262, 244, 300)"
2375671.jpg,sitting on,laptop,240,344,31,141,cat,118,243,124,175,1,3,485,271,418,242,"(31, 271, 141, 485)","(124, 242, 175, 418)"
2354201.jpg,sitting on,bed,203,280,194,94,brochure,44,39,231,155,1,3,374,397,194,275,"(194, 397, 94, 374)","(231, 275, 155, 194)"
2333618.jpg,sitting on,couch,304,402,60,0,dog,114,113,114,143,1,3,402,364,256,228,"(60, 364, 0, 402)","(114, 228, 143, 256)"
2411517.jpg,playing,game,64,51,342,62,man,302,215,183,60,0,3,113,406,275,485,"(342, 406, 62, 113)","(183, 485, 60, 275)"
2377291.jpg,sitting on,bike,494,328,5,4,cup,271,181,150,121,1,3,332,499,302,421,"(5, 499, 4, 332)","(150, 421, 121, 302)"
2342759.jpg,mounted on,sink,12,63,128,243,faucet,22,30,106,277,0,3,306,140,307,128,"(128, 140, 243, 306)","(106, 128, 277, 307)"
2400994.jpg,sitting on,chair,374,495,0,3,bear,295,318,53,15,1,3,498,374,333,348,"(0, 374, 3, 498)","(53, 348, 15, 333)"
2358261.jpg,sitting on,motorbike,80,122,294,376,lady,109,40,263,406,1,3,498,374,446,372,"(294, 374, 376, 498)","(263, 372, 406, 446)"
2404457.jpg,riding,bike,111,113,103,8,mannequin,90,52,31,72,0,3,121,214,124,121,"(103, 214, 8, 121)","(31, 121, 72, 124)"
2396945.jpg,sitting on,counter,56,270,267,9,bowl,24,36,253,88,1,3,279,323,124,277,"(267, 323, 9, 279)","(253, 277, 88, 124)"
2406888.jpg,wearing,goggles,14,27,240,222,girl,182,71,232,202,0,3,249,254,273,414,"(240, 254, 222, 249)","(232, 414, 202, 273)"
2409080.jpg,sitting on,bed,280,287,95,211,girl,109,78,103,318,1,3,498,375,396,212,"(95, 375, 211, 498)","(103, 212, 318, 396)"
2353264.jpg,wearing,scarf,43,23,95,272,person,167,74,95,234,0,3,295,138,308,262,"(95, 138, 272, 295)","(95, 262, 234, 308)"
2351169.jpg,sitting on,bench,127,292,126,105,man,182,75,63,111,1,3,397,253,186,245,"(126, 253, 105, 397)","(63, 245, 111, 186)"
2374792.jpg,sitting on,bank,173,475,61,3,hydrant,96,54,41,27,1,3,478,234,81,137,"(61, 234, 3, 478)","(41, 137, 27, 81)"
2403369.jpg,eating,hen,43,54,124,190,fox,42,53,119,29,0,3,244,167,82,161,"(124, 167, 190, 244)","(119, 161, 29, 82)"
2399195.jpg,sitting on,bench,74,107,393,3,woman,133,59,316,52,1,3,110,467,111,449,"(393, 467, 3, 110)","(316, 449, 52, 111)"
2395535.jpg,standing on,legs,73,105,166,278,elephant,169,197,71,266,0,3,383,239,463,240,"(166, 239, 278, 383)","(71, 240, 266, 463)"
1159298.jpg,sitting on,table,39,341,280,162,pan,23,57,290,422,1,3,503,319,479,313,"(280, 319, 162, 503)","(290, 313, 422, 479)"
2330451.jpg,flying in,air,211,495,1,0,bird,15,22,163,451,0,3,495,212,473,178,"(1, 212, 0, 495)","(163, 178, 451, 473)"
2318030.jpg,wearing,helmet,58,103,12,16,dog,314,168,10,1,0,3,119,70,169,324,"(12, 70, 16, 119)","(10, 324, 1, 169)"
2354763.jpg,sitting on,bench,130,249,89,115,child,162,53,60,156,1,3,364,219,209,222,"(89, 219, 115, 364)","(60, 222, 156, 209)"
2401520.jpg,sitting on,desk,118,494,255,3,ipod,25,26,237,229,1,3,497,373,255,262,"(255, 373, 3, 497)","(237, 262, 229, 255)"
2362140.jpg,sitting on,tarp,60,425,271,32,woman,116,87,53,247,1,3,457,331,334,169,"(271, 331, 32, 457)","(53, 169, 247, 334)"
2393325.jpg,sitting on,table,90,497,256,2,monitor,212,359,35,68,1,3,499,346,427,247,"(256, 346, 2, 499)","(35, 247, 68, 427)"
2373032.jpg,covered in,dirt,74,80,193,397,base,52,102,264,240,0,3,477,267,342,316,"(193, 267, 397, 477)","(264, 316, 240, 342)"
2381823.jpg,sitting on,laptop,274,255,43,244,cat,274,366,54,11,1,3,499,317,377,328,"(43, 317, 244, 499)","(54, 328, 11, 377)"
2363824.jpg,watching,girl,173,80,51,83,boy,148,46,81,271,0,3,163,224,317,229,"(51, 224, 83, 163)","(81, 229, 271, 317)"
2317381.jpg,sitting on,table,144,182,184,293,train,187,347,144,151,1,3,475,328,498,331,"(184, 328, 293, 475)","(144, 331, 151, 498)"
2366324.jpg,wearing,glasses,7,14,143,116,woman,112,50,139,101,0,3,130,150,151,251,"(143, 150, 116, 130)","(139, 251, 101, 151)"
2404861.jpg,wearing,t-shirt,105,95,197,370,woman,225,123,147,355,0,3,465,302,478,372,"(197, 302, 370, 465)","(147, 372, 355, 478)"
2392202.jpg,standing on,sand,112,310,72,190,dog,37,48,101,308,0,3,500,184,356,138,"(72, 184, 190, 500)","(101, 138, 308, 356)"
2402866.jpg,wearing,glove,88,89,268,157,woman,411,361,88,135,0,3,246,356,496,499,"(268, 356, 157, 246)","(88, 499, 135, 496)"
2363837.jpg,sitting on,board,15,25,152,239,person,20,34,230,427,1,3,264,167,461,250,"(152, 167, 239, 264)","(230, 250, 427, 461)"
2403787.jpg,sitting on,bench,39,246,392,84,girl,47,22,380,192,1,3,330,431,214,427,"(392, 431, 84, 330)","(380, 427, 192, 214)"
4403.jpg,lying on,ground,205,795,314,0,ruble,67,83,419,312,0,3,795,519,395,486,"(314, 519, 0, 795)","(419, 486, 312, 395)"
2395628.jpg,wearing,helmet,13,17,115,174,man,90,102,112,151,0,3,191,128,253,202,"(115, 128, 174, 191)","(112, 202, 151, 253)"
3264.jpg,painted on,road,189,788,408,4,line,11,20,462,707,0,3,792,597,727,473,"(408, 597, 4, 792)","(462, 473, 707, 727)"
2335661.jpg,sitting on,sand,124,493,258,2,bag,29,27,335,316,1,3,495,382,343,364,"(258, 382, 2, 495)","(335, 364, 316, 343)"
2350328.jpg,hanging from,tub,154,132,220,0,mat,97,80,277,66,0,3,132,374,146,374,"(220, 374, 0, 132)","(277, 374, 66, 146)"
1592399.jpg,wearing,t-shirt,76,61,856,605,man,186,84,829,590,0,3,666,932,674,1015,"(856, 932, 605, 666)","(829, 1015, 590, 674)"
2398405.jpg,wearing,coat,236,134,110,211,woman,449,149,36,196,0,3,345,346,345,485,"(110, 346, 211, 345)","(36, 485, 196, 345)"
2412747.jpg,covered in,snow,49,54,227,138,tree,84,45,162,99,0,3,192,276,144,246,"(227, 276, 138, 192)","(162, 246, 99, 144)"
2392580.jpg,sitting on,desk,53,222,231,0,laptops,100,212,143,33,1,3,222,284,245,243,"(231, 284, 0, 222)","(143, 243, 33, 245)"
2345774.jpg,parked on,road,110,500,213,0,motorcycle,107,122,170,49,0,3,500,323,171,277,"(213, 323, 0, 500)","(170, 277, 49, 171)"
2403589.jpg,sitting on,table,146,83,184,2,napkins,68,32,170,465,1,3,85,330,497,238,"(184, 330, 2, 85)","(170, 238, 465, 497)"
2411109.jpg,sitting on,chair,129,42,245,407,woman,263,138,105,277,1,3,449,374,415,368,"(245, 374, 407, 449)","(105, 368, 277, 415)"
2363205.jpg,wearing,shirt,192,179,96,91,man,474,182,25,89,0,3,270,288,271,499,"(96, 288, 91, 270)","(25, 499, 89, 271)"
2363749.jpg,sitting on,stove,307,318,192,12,pan,51,111,284,200,1,3,330,499,311,335,"(192, 499, 12, 330)","(284, 335, 200, 311)"
2388819.jpg,sitting on,plate,34,67,355,3,peppers,17,53,362,2,1,3,70,389,55,379,"(355, 389, 3, 70)","(362, 379, 2, 55)"
2379381.jpg,sitting on,plate,296,499,36,0,pizza,267,411,42,41,1,3,499,332,452,309,"(36, 332, 0, 499)","(42, 309, 41, 452)"
2367600.jpg,sitting on,couch,186,279,171,0,man,212,114,160,65,1,3,279,357,179,372,"(171, 357, 0, 279)","(160, 372, 65, 179)"
2405184.jpg,sitting on,chair,90,90,409,33,man,98,76,391,56,1,3,123,499,132,489,"(409, 499, 33, 123)","(391, 489, 56, 132)"
2410716.jpg,sitting on,street,192,498,140,1,boy,36,27,112,69,1,3,499,332,96,148,"(140, 332, 1, 499)","(112, 148, 69, 96)"
2328132.jpg,sitting on,sidewalk,371,375,2,122,toilet,245,255,93,121,1,3,497,373,376,338,"(2, 373, 122, 497)","(93, 338, 121, 376)"
2410230.jpg,wearing,shoes,101,103,398,175,man,462,299,37,65,0,3,278,499,364,499,"(398, 499, 175, 278)","(37, 499, 65, 364)"
2369952.jpg,wearing,shirt,61,95,67,231,man,216,206,35,212,0,3,326,128,418,251,"(67, 128, 231, 326)","(35, 251, 212, 418)"
2333074.jpg,walking on,dirt,46,63,159,420,elephant,65,74,146,354,0,3,483,205,428,211,"(159, 205, 420, 483)","(146, 211, 354, 428)"
2401763.jpg,wearing,mitt,65,64,151,39,man,298,318,76,42,0,3,103,216,360,374,"(151, 216, 39, 103)","(76, 374, 42, 360)"
2386393.jpg,sitting on,cloth,122,258,160,1,pedestal,158,211,86,9,1,3,259,282,220,244,"(160, 282, 1, 259)","(86, 244, 9, 220)"
2410202.jpg,wearing,shorts,80,87,224,93,man,338,144,54,48,0,3,180,304,192,392,"(224, 304, 93, 180)","(54, 392, 48, 192)"
2389693.jpg,wearing,tie,166,63,332,171,man,497,373,2,1,0,3,234,498,374,499,"(332, 498, 171, 234)","(2, 499, 1, 374)"
2390574.jpg,wearing,harness,109,197,67,186,horse,171,115,43,299,0,3,383,176,414,214,"(67, 176, 186, 383)","(43, 214, 299, 414)"
2394404.jpg,wearing,coat,103,97,229,1,woman,172,111,202,1,0,3,98,332,112,374,"(229, 332, 1, 98)","(202, 374, 1, 112)"
2341224.jpg,sitting on,lap,61,155,222,264,backpack,100,187,192,217,1,3,419,283,404,292,"(222, 283, 264, 419)","(192, 292, 217, 404)"
2340342.jpg,wearing,boot,121,52,287,64,woman,398,149,11,67,0,3,116,408,216,409,"(287, 408, 64, 116)","(11, 409, 67, 216)"
2407510.jpg,sitting on,curb,9,48,275,238,man,94,72,172,323,1,3,286,284,395,266,"(275, 284, 238, 286)","(172, 266, 323, 395)"
2379271.jpg,wearing,pants,124,54,248,132,woman,337,132,37,105,0,3,186,372,237,374,"(248, 372, 132, 186)","(37, 374, 105, 237)"
2334316.jpg,riding,horse,138,58,174,169,man,133,68,99,170,0,3,227,312,238,232,"(174, 312, 169, 227)","(99, 232, 170, 238)"
2359077.jpg,sitting on,chair,241,137,75,114,woman,310,195,18,121,1,3,251,316,316,328,"(75, 316, 114, 251)","(18, 328, 121, 316)"
2334400.jpg,wearing,jacket,273,179,226,151,man,401,177,98,153,0,3,330,499,330,499,"(226, 499, 151, 330)","(98, 499, 153, 330)"
2390769.jpg,standing on,hill,187,277,143,2,people,35,161,197,2,0,3,279,330,163,232,"(143, 330, 2, 279)","(197, 232, 2, 163)"
2358947.jpg,sitting on,ground,230,498,106,1,animals,55,41,158,143,1,3,499,336,184,213,"(106, 336, 1, 499)","(158, 213, 143, 184)"
2339216.jpg,wearing,shirt,364,287,134,42,man,491,285,4,45,0,3,329,498,330,495,"(134, 498, 42, 329)","(4, 495, 45, 330)"
2340720.jpg,sitting on,table,174,331,324,0,plate,85,126,359,0,1,3,331,498,126,444,"(324, 498, 0, 331)","(359, 444, 0, 126)"
2378212.jpg,growing on,ground,137,496,235,3,plant,17,18,242,406,0,3,499,372,424,259,"(235, 372, 3, 499)","(242, 259, 406, 424)"
3110.jpg,walking on,grass,61,125,324,20,person,43,40,305,50,0,3,145,385,90,348,"(324, 385, 20, 145)","(305, 348, 50, 90)"
2349003.jpg,sitting on,sofa,210,125,105,354,person,111,137,161,358,1,3,479,315,495,272,"(105, 315, 354, 479)","(161, 272, 358, 495)"
2376977.jpg,sitting on,table,321,467,3,7,glass,68,58,170,325,1,3,474,324,383,238,"(3, 324, 7, 474)","(170, 238, 325, 383)"
2338632.jpg,wearing,shirt,15,27,107,273,person,31,27,97,274,0,3,300,122,301,128,"(107, 122, 273, 300)","(97, 128, 274, 301)"
2398258.jpg,sitting on,surfboard,16,26,141,322,person,20,19,141,345,1,3,348,157,364,161,"(141, 157, 322, 348)","(141, 161, 345, 364)"
2368105.jpg,says,sale,8,50,112,284,sign,16,56,110,282,0,3,334,120,338,126,"(112, 120, 284, 334)","(110, 126, 282, 338)"
2406720.jpg,wearing,blinders,56,18,114,303,horse,230,190,102,300,0,3,321,170,490,332,"(114, 170, 303, 321)","(102, 332, 300, 490)"
2410833.jpg,sitting on,bench,282,331,218,1,girl,464,331,34,1,1,3,332,500,332,498,"(218, 500, 1, 332)","(34, 498, 1, 332)"
2395163.jpg,sitting on,bus,112,281,154,97,passenger,19,15,175,215,1,3,378,266,230,194,"(154, 266, 97, 378)","(175, 194, 215, 230)"
4572.jpg,sitting on,shelf,288,110,0,24,box,32,42,7,45,1,3,134,288,87,39,"(0, 288, 24, 134)","(7, 39, 45, 87)"
2385736.jpg,sitting on,ground,119,487,235,3,toilet,174,149,172,286,1,3,490,354,435,346,"(235, 354, 3, 490)","(172, 346, 286, 435)"
2336283.jpg,sitting on,bench,167,417,164,28,people,221,335,58,121,1,3,445,331,456,279,"(164, 331, 28, 445)","(58, 279, 121, 456)"
2417524.jpg,standing on,bed,235,373,263,0,girl,331,96,91,49,0,3,373,498,145,422,"(263, 498, 0, 373)","(91, 422, 49, 145)"
2345167.jpg,sitting on,bench,233,428,114,34,girl,380,190,41,237,1,3,462,347,427,421,"(114, 347, 34, 462)","(41, 421, 237, 427)"
2385002.jpg,sitting on,pony,144,388,189,59,boy,332,218,1,75,1,3,447,333,293,333,"(189, 333, 59, 447)","(1, 333, 75, 293)"
2378931.jpg,sitting on,counter,16,81,266,293,candle,18,10,258,351,1,3,374,282,361,276,"(266, 282, 293, 374)","(258, 276, 351, 361)"
2398750.jpg,sitting on,step,42,376,49,122,bird,18,16,77,126,1,3,498,91,142,95,"(49, 91, 122, 498)","(77, 95, 126, 142)"
2316654.jpg,sitting on,ground,90,453,235,34,airplane,125,314,112,109,1,3,487,325,423,237,"(235, 325, 34, 487)","(112, 237, 109, 423)"
2322798.jpg,sitting on,floor,125,54,206,27,printer,145,265,126,37,1,3,81,331,302,271,"(206, 331, 27, 81)","(126, 271, 37, 302)"
2368906.jpg,sitting on,windowsill,36,190,336,117,preserves,61,70,311,192,1,3,307,372,262,372,"(336, 372, 117, 307)","(311, 372, 192, 262)"
2390756.jpg,sitting on,ground,103,489,223,8,pump,66,37,166,402,1,3,497,326,439,232,"(223, 326, 8, 497)","(166, 232, 402, 439)"
2397909.jpg,sitting on,horse,23,33,257,238,person,7,6,249,248,1,3,271,280,254,256,"(257, 280, 238, 271)","(249, 256, 248, 254)"
2408166.jpg,standing on,log,108,322,207,71,bear,160,162,132,110,0,3,393,315,272,292,"(207, 315, 71, 393)","(132, 292, 110, 272)"
2390811.jpg,watching,birds,58,426,317,20,boy,244,90,130,268,0,3,446,375,358,374,"(317, 375, 20, 446)","(130, 374, 268, 358)"
2371713.jpg,sitting on,surfboard,62,82,30,45,man,57,94,20,69,1,3,127,92,163,77,"(30, 92, 45, 127)","(20, 77, 69, 163)"
2381396.jpg,sitting on,table,301,433,68,34,fan,97,114,0,194,1,3,467,369,308,97,"(68, 369, 34, 467)","(0, 97, 194, 308)"
2378056.jpg,wearing,shirt,73,68,257,135,lady,179,83,218,73,0,3,203,330,156,397,"(257, 330, 135, 203)","(218, 397, 73, 156)"
2380310.jpg,sitting on,pole,127,31,167,117,seagull,33,46,142,111,1,3,148,294,157,175,"(167, 294, 117, 148)","(142, 175, 111, 157)"
286035.jpg,wearing,jacket,133,152,379,612,woman,352,242,332,573,0,3,764,512,815,684,"(379, 512, 612, 764)","(332, 684, 573, 815)"
2384878.jpg,wearing,top,160,257,214,2,woman,330,264,42,1,0,3,259,374,265,372,"(214, 374, 2, 259)","(42, 372, 1, 265)"
2408130.jpg,sitting on,counter,73,497,54,3,telephone,32,26,26,37,1,3,500,127,63,58,"(54, 127, 3, 500)","(26, 58, 37, 63)"
2335275.jpg,wearing,leash,6,5,128,332,man,58,29,70,306,0,3,337,134,335,128,"(128, 134, 332, 337)","(70, 128, 306, 335)"
2411089.jpg,sitting on,snow,374,499,0,0,person,106,96,108,153,1,3,499,374,249,214,"(0, 374, 0, 499)","(108, 214, 153, 249)"
2333787.jpg,sitting on,bed,300,470,64,23,baby,274,194,30,179,1,3,493,364,373,304,"(64, 364, 23, 493)","(30, 304, 179, 373)"
2349309.jpg,wearing,hat,42,32,41,346,man,234,160,57,284,0,3,378,83,444,291,"(41, 83, 346, 378)","(57, 291, 284, 444)"
2340671.jpg,wearing,glasses,33,69,85,259,man,289,310,41,127,0,3,328,118,437,330,"(85, 118, 259, 328)","(41, 330, 127, 437)"
2379319.jpg,sitting on,grass,409,494,90,3,girl,143,135,246,41,1,3,497,499,176,389,"(90, 499, 3, 497)","(246, 389, 41, 176)"
2394710.jpg,wearing,glasses,23,45,404,301,man,159,88,339,287,0,3,346,427,375,498,"(404, 427, 301, 346)","(339, 498, 287, 375)"
2385309.jpg,sitting on,beach,123,498,208,1,woman,19,21,188,361,1,3,499,331,382,207,"(208, 331, 1, 499)","(188, 207, 361, 382)"
2332937.jpg,sitting on,horse,201,404,129,28,girl,239,117,52,186,1,3,432,330,303,291,"(129, 330, 28, 432)","(52, 291, 186, 303)"
2397069.jpg,sitting on,counter,103,228,166,272,silverware,16,48,213,316,1,3,500,269,364,229,"(166, 269, 272, 500)","(213, 229, 316, 364)"
2378484.jpg,wearing,ring,27,27,327,121,man,403,206,34,135,0,3,148,354,341,437,"(327, 354, 121, 148)","(34, 437, 135, 341)"
2347668.jpg,sitting on,table,125,84,171,8,lamp,90,62,91,0,1,3,92,296,62,181,"(171, 296, 8, 92)","(91, 181, 0, 62)"
2345528.jpg,wearing,pants,76,40,208,81,man,172,67,121,81,0,3,121,284,148,293,"(208, 284, 81, 121)","(121, 293, 81, 148)"
2400195.jpg,riding,horse,241,241,205,89,person,214,122,159,107,0,3,330,446,229,373,"(205, 446, 89, 330)","(159, 373, 107, 229)"
2397902.jpg,carrying,bag,130,46,169,451,man,201,63,130,431,0,3,497,299,494,331,"(169, 299, 451, 497)","(130, 331, 431, 494)"
2344513.jpg,wearing,shirt,91,68,90,342,woman,261,125,53,300,0,3,410,181,425,314,"(90, 181, 342, 410)","(53, 314, 300, 425)"
2332416.jpg,wearing,shirt,78,44,256,262,man,162,124,230,184,0,3,306,334,308,392,"(256, 334, 262, 306)","(230, 392, 184, 308)"
2373803.jpg,wearing,coveralls,82,35,167,100,person,96,22,158,54,0,3,135,249,76,254,"(167, 249, 100, 135)","(158, 254, 54, 76)"
2380927.jpg,sitting on,log,151,337,218,160,person,206,148,165,267,1,3,497,369,415,371,"(218, 369, 160, 497)","(165, 371, 267, 415)"
2328405.jpg,sitting on,table,286,470,86,3,bowl,65,78,113,211,1,3,473,372,289,178,"(86, 372, 3, 473)","(113, 178, 211, 289)"
150496.jpg,wearing,sandals,42,64,541,679,man,399,141,167,691,0,3,743,583,832,566,"(541, 583, 679, 743)","(167, 566, 691, 832)"
1543.jpg,sitting on,bench,90,77,361,516,lady,84,72,362,490,1,3,593,451,562,446,"(361, 451, 516, 593)","(362, 446, 490, 562)"
2374366.jpg,wearing,cap,40,29,304,88,man,248,122,250,60,0,3,117,344,182,498,"(304, 344, 88, 117)","(250, 498, 60, 182)"
2324008.jpg,sitting on,bench,50,166,209,331,man,71,43,196,394,1,3,497,259,437,267,"(209, 259, 331, 497)","(196, 267, 394, 437)"
2376289.jpg,sitting on,step,45,181,221,20,person,27,15,224,71,1,3,201,266,86,251,"(221, 266, 20, 201)","(224, 251, 71, 86)"
2401347.jpg,sitting on,table,164,114,109,135,lamp,134,69,0,149,1,3,249,273,218,134,"(109, 273, 135, 249)","(0, 134, 149, 218)"
2383328.jpg,sitting on,rug,249,367,250,4,boy,178,102,124,30,1,3,371,499,132,302,"(250, 499, 4, 371)","(124, 302, 30, 132)"
2373656.jpg,sitting on,table,167,155,165,344,television,142,50,125,388,1,3,499,332,438,267,"(165, 332, 344, 499)","(125, 267, 388, 438)"
1592399.jpg,wearing,jacket,46,37,930,272,man,78,55,916,260,0,3,309,976,315,994,"(930, 976, 272, 309)","(916, 994, 260, 315)"
2402425.jpg,parked on,curve,160,71,113,4,motorcycle,227,270,126,65,0,3,75,273,335,353,"(113, 273, 4, 75)","(126, 353, 65, 335)"
2406339.jpg,sitting on,bench,129,164,83,3,players,294,248,1,1,1,3,167,212,249,295,"(83, 212, 3, 167)","(1, 295, 1, 249)"
2340155.jpg,sitting on,table,149,390,230,1,pan,30,62,227,63,1,3,391,379,125,257,"(230, 379, 1, 391)","(227, 257, 63, 125)"
285832.jpg,wearing,dress,232,175,320,562,woman,542,338,223,407,0,3,737,552,745,765,"(320, 552, 562, 737)","(223, 765, 407, 745)"
2366619.jpg,sitting on,sidewalk,165,372,259,0,dog,127,106,258,111,1,3,372,424,217,385,"(259, 424, 0, 372)","(258, 385, 111, 217)"
2315606.jpg,sitting on,ground,63,330,259,1,girl,53,44,244,0,1,3,331,322,44,297,"(259, 322, 1, 331)","(244, 297, 0, 44)"
2387152.jpg,wearing,ring,10,5,240,174,woman,366,180,96,67,0,3,179,250,247,462,"(240, 250, 174, 179)","(96, 462, 67, 247)"
639.jpg,standing on,sidewalk,247,704,284,70,man,282,190,251,96,0,3,774,531,286,533,"(284, 531, 70, 774)","(251, 533, 96, 286)"
2326675.jpg,wearing,shorts,51,65,135,99,girl,263,150,32,53,0,3,164,186,203,295,"(135, 186, 99, 164)","(32, 295, 53, 203)"
2389955.jpg,sitting on,desk,163,499,211,0,keyboard,37,232,273,174,1,3,499,374,406,310,"(211, 374, 0, 499)","(273, 310, 174, 406)"
2348282.jpg,wearing,tights,95,173,272,180,woman,336,185,35,190,0,3,353,367,375,371,"(272, 367, 180, 353)","(35, 371, 190, 375)"
1159870.jpg,sitting on,floor,746,1020,18,1,bag,478,368,273,632,1,3,1021,764,1000,751,"(18, 764, 1, 1021)","(273, 751, 632, 1000)"
2333158.jpg,wearing,hoodie,87,120,80,101,man,150,130,15,97,0,3,221,167,227,165,"(80, 167, 101, 221)","(15, 165, 97, 227)"
2365398.jpg,sitting on,bike,81,133,313,83,man,128,50,263,121,1,3,216,394,171,391,"(313, 394, 83, 216)","(263, 391, 121, 171)"
2342442.jpg,wearing,hat,23,24,278,198,man,54,32,278,189,0,3,222,301,221,332,"(278, 301, 198, 222)","(278, 332, 189, 221)"
2411625.jpg,sitting on,bench,34,205,210,0,people,114,218,134,1,1,3,205,244,219,248,"(210, 244, 0, 205)","(134, 248, 1, 219)"
2345767.jpg,wearing,jacket,109,109,36,142,child,220,134,2,144,0,3,251,145,278,222,"(36, 145, 142, 251)","(2, 222, 144, 278)"
2321067.jpg,sitting on,concrete,413,330,85,1,person,24,20,78,20,1,3,331,498,40,102,"(85, 498, 1, 331)","(78, 102, 20, 40)"
2345527.jpg,sitting on,chair,209,171,77,5,bird,56,52,243,93,1,3,176,286,145,299,"(77, 286, 5, 176)","(243, 299, 93, 145)"
2333878.jpg,sitting on,curb,19,135,243,360,spectator,53,33,208,397,1,3,495,262,430,261,"(243, 262, 360, 495)","(208, 261, 397, 430)"
2416609.jpg,sitting on,microwave,136,225,152,11,plate,24,100,137,9,1,3,236,288,109,161,"(152, 288, 11, 236)","(137, 161, 9, 109)"
2336955.jpg,wearing,bag,50,50,186,163,person,208,60,106,182,0,3,213,236,242,314,"(186, 236, 163, 213)","(106, 314, 182, 242)"
2316673.jpg,sitting on,bench,46,132,36,195,player,74,61,7,226,1,3,327,82,287,81,"(36, 82, 195, 327)","(7, 81, 226, 287)"
2353977.jpg,sitting on,bench,115,133,175,45,man,310,222,14,78,1,3,178,290,300,324,"(175, 290, 45, 178)","(14, 324, 78, 300)"
2347824.jpg,sitting on,floor,229,493,172,0,dog,265,242,123,14,1,3,493,401,256,388,"(172, 401, 0, 493)","(123, 388, 14, 256)"
396.jpg,sitting on,toilet,62,85,269,353,woman,220,160,101,247,1,3,438,331,407,321,"(269, 331, 353, 438)","(101, 321, 247, 407)"
2384304.jpg,wearing,shirt,30,50,332,214,man,143,47,303,214,0,3,264,362,261,446,"(332, 362, 214, 264)","(303, 446, 214, 261)"
2347382.jpg,sitting on,bed,320,495,7,4,item,308,289,1,210,1,3,499,327,499,309,"(7, 327, 4, 499)","(1, 309, 210, 499)"
2319021.jpg,sitting on,chair,388,210,5,164,boy,497,369,1,5,1,3,374,393,374,498,"(5, 393, 164, 374)","(1, 498, 5, 374)"
2334281.jpg,sitting on,bench,216,320,78,139,woman,153,77,44,330,1,3,459,294,407,197,"(78, 294, 139, 459)","(44, 197, 330, 407)"
2383071.jpg,flying in,sky,325,495,0,3,airplane,150,344,94,77,0,3,498,325,421,244,"(0, 325, 3, 498)","(94, 244, 77, 421)"
2409130.jpg,says,85,51,61,202,209,outfit,283,259,181,72,0,3,270,253,331,464,"(202, 253, 209, 270)","(181, 464, 72, 331)"
2336782.jpg,sitting on,nightstand,74,75,231,12,vogue,24,37,241,16,1,3,87,305,53,265,"(231, 305, 12, 87)","(241, 265, 16, 53)"
2363499.jpg,sitting on,pond,78,498,117,0,duck,7,12,148,368,1,3,498,195,380,155,"(117, 195, 0, 498)","(148, 155, 368, 380)"
2375800.jpg,wearing,sunglasses,7,12,144,166,guy,32,21,139,160,0,3,178,151,181,171,"(144, 151, 166, 178)","(139, 171, 160, 181)"
2331937.jpg,wearing,suit,247,183,250,188,man,341,183,154,189,0,3,371,497,372,495,"(250, 497, 188, 371)","(154, 495, 189, 372)"
2325798.jpg,wearing,shirt,221,303,258,169,man,406,342,66,129,0,3,472,479,471,472,"(258, 479, 169, 472)","(66, 472, 129, 471)"
2383463.jpg,wearing,shorts,48,52,145,127,man,165,63,76,127,0,3,179,193,190,241,"(145, 193, 127, 179)","(76, 241, 127, 190)"
2374030.jpg,sitting on,table,231,391,101,2,laptop,59,126,186,51,1,3,393,332,177,245,"(101, 332, 2, 393)","(186, 245, 51, 177)"
2339648.jpg,sitting on,head,66,62,73,324,hat,42,94,43,310,1,3,386,139,404,85,"(73, 139, 324, 386)","(43, 85, 310, 404)"
2354431.jpg,standing on,beach,63,46,292,26,people,15,9,282,57,0,3,72,355,66,297,"(292, 355, 26, 72)","(282, 297, 57, 66)"
2412365.jpg,sitting on,grass,135,475,352,13,people,150,476,338,12,1,3,488,487,488,488,"(352, 487, 13, 488)","(338, 488, 12, 488)"
2368316.jpg,parked on,street,18,459,313,39,car,42,125,289,221,0,3,498,331,346,331,"(313, 331, 39, 498)","(289, 331, 221, 346)"
2318402.jpg,wearing,glasses,13,20,189,365,girl,164,60,176,340,0,3,385,202,400,340,"(189, 202, 365, 385)","(176, 340, 340, 400)"
2408474.jpg,wearing,coat,236,325,260,4,man,497,327,1,3,0,3,329,496,330,498,"(260, 496, 4, 329)","(1, 498, 3, 330)"
2316364.jpg,sitting on,stairs,99,496,232,4,people,129,377,103,81,1,3,500,331,458,232,"(232, 331, 4, 500)","(103, 232, 81, 458)"
2341333.jpg,standing on,leg,111,31,387,251,woman,247,95,252,196,0,3,282,498,291,499,"(387, 498, 251, 282)","(252, 499, 196, 291)"
2398873.jpg,wearing,blanket,87,110,214,370,horse,122,173,201,309,0,3,480,301,482,323,"(214, 301, 370, 480)","(201, 323, 309, 482)"
2409119.jpg,wearing,helmet,29,38,133,291,person,121,150,144,244,0,3,329,162,394,265,"(133, 162, 291, 329)","(144, 265, 244, 394)"
2404118.jpg,riding,surfboard,43,240,189,68,surfer,128,119,93,137,0,3,308,232,256,221,"(189, 232, 68, 308)","(93, 221, 137, 256)"
2398138.jpg,sitting on,window,63,94,2,320,clock,25,32,41,320,1,3,414,65,352,66,"(2, 65, 320, 414)","(41, 66, 320, 352)"
2406695.jpg,wearing,backpack,11,7,130,291,person,52,23,124,281,0,3,298,141,304,176,"(130, 141, 291, 298)","(124, 176, 281, 304)"
2341700.jpg,sitting on,log,102,145,230,348,bear,130,111,116,366,1,3,493,332,477,246,"(230, 332, 348, 493)","(116, 246, 366, 477)"
2373537.jpg,sitting on,ground,135,387,362,4,bear,257,90,170,170,1,3,391,497,260,427,"(362, 497, 4, 391)","(170, 427, 170, 260)"
2357140.jpg,sitting on,shelf,12,25,154,278,vase,12,14,145,282,1,3,303,166,296,157,"(154, 166, 278, 303)","(145, 157, 282, 296)"
2341548.jpg,sitting on,ground,157,368,334,6,bottle,74,21,319,72,1,3,374,491,93,393,"(334, 491, 6, 374)","(319, 393, 72, 93)"
2407466.jpg,sitting on,plate,354,497,20,0,ravioli,277,251,47,2,1,3,497,374,253,324,"(20, 374, 0, 497)","(47, 324, 2, 253)"
2361568.jpg,sitting on,grass,187,354,311,1,cone,18,12,322,36,1,3,355,498,48,340,"(311, 498, 1, 355)","(322, 340, 36, 48)"
2374806.jpg,flying in,sky,328,495,2,4,plane,196,130,73,365,0,3,499,330,495,269,"(2, 330, 4, 499)","(73, 269, 365, 495)"
2354206.jpg,wearing,cap,118,80,112,419,man,163,40,168,457,0,3,499,230,497,331,"(112, 230, 419, 499)","(168, 331, 457, 497)"
2326262.jpg,sitting on,desk,114,275,127,0,computer,93,45,117,438,1,3,275,241,483,210,"(127, 241, 0, 275)","(117, 210, 438, 483)"
2396071.jpg,sitting on,wall,52,330,193,1,person,19,10,185,295,1,3,331,245,305,204,"(193, 245, 1, 331)","(185, 204, 295, 305)"
2347411.jpg,sitting on,bench,68,199,362,176,woman,132,95,246,214,1,3,375,430,309,378,"(362, 430, 176, 375)","(246, 378, 214, 309)"
2378101.jpg,wearing,outfit,143,127,90,221,person,170,182,73,184,0,3,348,233,366,243,"(90, 233, 221, 348)","(73, 243, 184, 366)"
2357292.jpg,wearing,jacket,37,37,80,174,man,110,51,63,170,0,3,211,117,221,173,"(80, 117, 174, 211)","(63, 173, 170, 221)"
2381987.jpg,riding,surfboard,48,35,140,49,man,89,51,194,173,0,3,84,188,224,283,"(140, 188, 49, 84)","(194, 283, 173, 224)"
2357597.jpg,riding,bicycle,30,39,96,47,man,42,21,78,57,0,3,86,126,78,120,"(96, 126, 47, 86)","(78, 120, 57, 78)"
2403143.jpg,mounted on,wall,225,227,96,34,tile,25,26,175,129,0,3,261,321,155,200,"(96, 321, 34, 261)","(175, 200, 129, 155)"
2353817.jpg,wearing,apron,32,41,115,99,woman,89,88,83,86,0,3,140,147,174,172,"(115, 147, 99, 140)","(83, 172, 86, 174)"
2415113.jpg,sitting on,bench,103,329,208,170,girl,171,182,86,266,1,3,499,311,448,257,"(208, 311, 170, 499)","(86, 257, 266, 448)"
2359251.jpg,eating,grass,90,495,115,0,animal,25,42,153,53,0,3,495,205,95,178,"(115, 205, 0, 495)","(153, 178, 53, 95)"
2380035.jpg,sitting on,foil,237,329,262,2,doughnut,51,75,369,224,1,3,331,499,299,420,"(262, 499, 2, 331)","(369, 420, 224, 299)"
2346703.jpg,wearing,wetsuit,27,83,178,201,man,56,84,161,168,0,3,284,205,252,217,"(178, 205, 201, 284)","(161, 217, 168, 252)"
2359410.jpg,sitting on,shelf,159,333,339,0,bears,308,330,180,0,1,3,333,498,330,488,"(339, 498, 0, 333)","(180, 488, 0, 330)"
2408030.jpg,sitting on,boat,189,489,151,10,girl,50,29,190,329,1,3,499,340,358,240,"(151, 340, 10, 499)","(190, 240, 329, 358)"
2392720.jpg,sitting on,floor,182,248,190,252,ring,20,20,297,394,1,3,500,372,414,317,"(190, 372, 252, 500)","(297, 317, 394, 414)"
2319927.jpg,riding,bike,129,149,367,0,woman,190,74,309,8,0,3,149,496,82,499,"(367, 496, 0, 149)","(309, 499, 8, 82)"
2382241.jpg,sitting on,grass,178,373,322,2,balloon,135,129,244,10,1,3,375,500,139,379,"(322, 500, 2, 375)","(244, 379, 10, 139)"
2379233.jpg,wearing,shorts,20,22,162,130,man,77,43,119,116,0,3,152,182,159,196,"(162, 182, 130, 152)","(119, 196, 116, 159)"
2337825.jpg,wearing,sunglasses,18,67,247,166,man,279,276,218,68,0,3,233,265,344,497,"(247, 265, 166, 233)","(218, 497, 68, 344)"
2402709.jpg,eating,hen,41,44,28,155,fox,41,44,24,18,0,3,199,69,62,65,"(28, 69, 155, 199)","(24, 65, 18, 62)"
2380643.jpg,sitting on,shelf,140,378,359,21,book,293,39,150,288,1,3,399,499,327,443,"(359, 499, 21, 399)","(150, 443, 288, 327)"
2380265.jpg,sitting on,ground,158,240,174,258,person,47,86,278,413,1,3,498,332,499,325,"(174, 332, 258, 498)","(278, 325, 413, 499)"
2320626.jpg,sitting on,chair,30,41,46,406,person,51,46,21,394,1,3,447,76,440,72,"(46, 76, 406, 447)","(21, 72, 394, 440)"
1592243.jpg,sitting on,napkin,128,153,529,692,silverware,90,157,540,717,1,3,845,657,874,630,"(529, 657, 692, 845)","(540, 630, 717, 874)"
2375258.jpg,carrying,surfboard,303,98,172,345,man,455,277,30,160,0,3,443,475,437,485,"(172, 475, 345, 443)","(30, 485, 160, 437)"
2336619.jpg,sitting on,desk,40,66,229,289,cat,277,149,35,80,1,3,355,269,229,312,"(229, 269, 289, 355)","(35, 312, 80, 229)"
2391078.jpg,wearing,scarf,26,52,12,202,man,143,80,7,190,0,3,254,38,270,150,"(12, 38, 202, 254)","(7, 150, 190, 270)"
2318341.jpg,wearing,jacket,61,68,138,402,woman,126,72,115,394,0,3,470,199,466,241,"(138, 199, 402, 470)","(115, 241, 394, 466)"
2387369.jpg,wearing,hat,30,52,77,285,woman,421,197,78,177,0,3,337,107,374,499,"(77, 107, 285, 337)","(78, 499, 177, 374)"
2412625.jpg,sitting on,ground,470,371,29,3,man,444,320,26,0,1,3,374,499,320,470,"(29, 499, 3, 374)","(26, 470, 0, 320)"
2407031.jpg,sitting on,sink,165,269,20,3,toothpaste,72,72,99,155,1,3,272,185,227,171,"(20, 185, 3, 272)","(99, 171, 155, 227)"
2417561.jpg,painted on,wall,112,401,91,19,building,41,62,122,194,0,3,420,203,256,163,"(91, 203, 19, 420)","(122, 163, 194, 256)"
2334295.jpg,walking on,grass,156,283,171,15,man,154,62,144,99,0,3,298,327,161,298,"(171, 327, 15, 298)","(144, 298, 99, 161)"
2385343.jpg,sitting on,ramp,132,178,172,298,man,73,70,108,385,1,3,476,304,455,181,"(172, 304, 298, 476)","(108, 181, 385, 455)"
2329301.jpg,sitting on,slope,347,490,27,5,person,84,32,0,312,1,3,495,374,344,84,"(27, 374, 5, 495)","(0, 84, 312, 344)"
2404069.jpg,sitting on,table,153,499,183,0,speaker,63,37,126,76,1,3,499,336,113,189,"(183, 336, 0, 499)","(126, 189, 76, 113)"
2411223.jpg,wearing,leggings,116,56,290,89,woman,319,100,114,57,0,3,145,406,157,433,"(290, 406, 89, 145)","(114, 433, 57, 157)"
2326134.jpg,sitting on,bench,40,95,277,398,person,59,30,258,459,1,3,493,317,489,317,"(277, 317, 398, 493)","(258, 317, 459, 489)"
2354295.jpg,sitting on,beach,299,494,62,5,person,17,23,53,142,1,3,499,361,165,70,"(62, 361, 5, 499)","(53, 70, 142, 165)"
2372743.jpg,sitting on,floor,139,217,192,281,chair,237,210,93,230,1,3,498,331,440,330,"(192, 331, 281, 498)","(93, 330, 230, 440)"
2384248.jpg,sitting on,grass,55,38,249,437,girl,298,250,20,127,1,3,475,304,377,318,"(249, 304, 437, 475)","(20, 318, 127, 377)"
2397773.jpg,watching,skateboarder,296,190,1,241,person,21,47,165,195,0,3,431,297,242,186,"(1, 297, 241, 431)","(165, 186, 195, 242)"
2353225.jpg,wearing,shirt,63,27,200,150,man,136,68,175,309,0,3,177,263,377,311,"(200, 263, 150, 177)","(175, 311, 309, 377)"
2398712.jpg,wearing,suit,414,325,85,2,man,495,328,2,1,0,3,327,499,329,497,"(85, 499, 2, 327)","(2, 497, 1, 329)"
2376105.jpg,sitting on,bench,67,181,91,56,people,30,28,89,52,1,3,237,158,80,119,"(91, 158, 56, 237)","(89, 119, 52, 80)"
2404160.jpg,sitting on,tabletop,325,370,173,4,gnome,75,50,67,61,1,3,374,498,111,142,"(173, 498, 4, 374)","(67, 142, 61, 111)"
2359949.jpg,wearing,shirt,86,50,150,49,person,190,63,119,47,0,3,99,236,110,309,"(150, 236, 49, 99)","(119, 309, 47, 110)"
2399448.jpg,wearing,sneakers,41,96,443,84,man,368,141,115,47,0,3,180,484,188,483,"(443, 484, 84, 180)","(115, 483, 47, 188)"
2395387.jpg,wearing,suit,79,70,209,257,child,119,97,176,243,0,3,327,288,340,295,"(209, 288, 257, 327)","(176, 295, 243, 340)"
2378129.jpg,wearing,shoes,46,34,298,59,person,221,218,7,10,0,3,93,344,228,228,"(298, 344, 59, 93)","(7, 228, 10, 228)"
2414952.jpg,wearing,hat,15,16,151,456,woman,104,34,150,450,0,3,472,166,484,254,"(151, 166, 456, 472)","(150, 254, 450, 484)"
2343943.jpg,wearing,shirt,117,59,180,315,woman,257,108,116,266,0,3,374,297,374,373,"(180, 297, 315, 374)","(116, 373, 266, 374)"
2352804.jpg,standing on,mound,25,21,225,248,pitcher,34,15,216,172,0,3,269,250,187,250,"(225, 250, 248, 269)","(216, 250, 172, 187)"
2346119.jpg,hanging from,table,40,132,291,229,hat,55,41,276,219,0,3,361,331,260,331,"(291, 331, 229, 361)","(276, 331, 219, 260)"
2357229.jpg,sitting on,canoe,33,118,155,199,man,26,24,142,247,1,3,317,188,271,168,"(155, 188, 199, 317)","(142, 168, 247, 271)"
2339709.jpg,sitting on,ground,164,435,168,0,sign,32,23,177,48,1,3,435,332,71,209,"(168, 332, 0, 435)","(177, 209, 48, 71)"
2369847.jpg,wearing,tracksuit,333,166,166,185,man,371,173,128,176,0,3,351,499,349,499,"(166, 499, 185, 351)","(128, 499, 176, 349)"
2344774.jpg,sitting on,sofa,147,126,90,3,boy,165,131,97,18,1,3,129,237,149,262,"(90, 237, 3, 129)","(97, 262, 18, 149)"
2351851.jpg,sitting on,bench,133,308,308,1,man,463,258,1,10,1,3,309,441,268,464,"(308, 441, 1, 309)","(1, 464, 10, 268)"
2378091.jpg,lying on,table,328,425,166,52,spoon,138,65,235,401,0,3,477,494,466,373,"(166, 494, 52, 477)","(235, 373, 401, 466)"
2389372.jpg,sitting on,ground,140,271,234,215,tv,84,77,208,329,1,3,486,374,406,292,"(234, 374, 215, 486)","(208, 292, 329, 406)"
2341057.jpg,wearing,jacket,47,55,156,396,man,140,60,139,389,0,3,451,203,449,279,"(156, 203, 396, 451)","(139, 279, 389, 449)"
2363454.jpg,wearing,wetsuit,63,39,121,111,man,45,43,127,107,0,3,150,184,150,172,"(121, 184, 111, 150)","(127, 172, 107, 150)"
2335728.jpg,sitting on,ground,363,457,132,0,child,70,30,206,2,1,3,457,495,32,276,"(132, 495, 0, 457)","(206, 276, 2, 32)"
2386408.jpg,sitting on,tarmac,18,499,241,1,airplane,168,465,83,19,1,3,500,259,484,251,"(241, 259, 1, 500)","(83, 251, 19, 484)"
2360966.jpg,wearing,shoe,13,14,291,456,boy,85,65,213,349,0,3,470,304,414,298,"(291, 304, 456, 470)","(213, 298, 349, 414)"
2324561.jpg,wearing,jacket,145,124,167,194,woman,275,202,109,165,0,3,318,312,367,384,"(167, 312, 194, 318)","(109, 384, 165, 367)"
2320181.jpg,growing on,tree,177,187,154,1,leaf,8,11,200,119,0,3,188,331,130,208,"(154, 331, 1, 188)","(200, 208, 119, 130)"
2347618.jpg,sitting on,grass,20,234,234,0,person,59,52,197,50,1,3,234,254,102,256,"(234, 254, 0, 234)","(197, 256, 50, 102)"
2409085.jpg,riding,motorcycle,240,294,93,172,family,330,324,3,127,0,3,466,333,451,333,"(93, 333, 172, 466)","(3, 333, 127, 451)"
2371259.jpg,sitting on,paper,316,204,36,295,donut,193,151,116,319,1,3,499,352,470,309,"(36, 352, 295, 499)","(116, 309, 319, 470)"
2361379.jpg,covering,window,321,157,75,55,blinds,265,95,111,85,0,3,212,396,180,376,"(75, 396, 55, 212)","(111, 376, 85, 180)"
2344773.jpg,watching,kite,27,95,233,203,people,28,180,280,6,0,3,298,260,186,308,"(233, 260, 203, 298)","(280, 308, 6, 186)"
2382686.jpg,wearing,glasses,21,34,138,134,girl,271,153,86,35,0,3,168,159,188,357,"(138, 159, 134, 168)","(86, 357, 35, 188)"
2400438.jpg,sitting on,bench,44,98,185,2,player,66,20,124,0,1,3,100,229,20,190,"(185, 229, 2, 100)","(124, 190, 0, 20)"
2326672.jpg,sitting on,street,400,330,98,2,bird,11,11,104,18,1,3,332,498,29,115,"(98, 498, 2, 332)","(104, 115, 18, 29)"
2355215.jpg,sitting on,motorcycle,359,453,124,18,man,382,207,98,189,1,3,471,483,396,480,"(124, 483, 18, 471)","(98, 480, 189, 396)"
2417500.jpg,watching,skateboarder,282,237,4,253,boy,133,37,144,425,0,3,490,286,462,277,"(4, 286, 253, 490)","(144, 277, 425, 462)"
2389307.jpg,watching,train,147,186,88,120,man,226,74,106,387,0,3,306,235,461,332,"(88, 235, 120, 306)","(106, 332, 387, 461)"
2409136.jpg,using,steps,285,332,214,1,woman,195,70,95,25,0,3,333,499,95,290,"(214, 499, 1, 333)","(95, 290, 25, 95)"
2364975.jpg,sitting on,bed,118,492,200,5,cat,322,348,4,41,1,3,497,318,389,326,"(200, 318, 5, 497)","(4, 326, 41, 389)"
2335338.jpg,covering,wall,325,263,77,99,tile,60,57,136,306,0,3,362,402,363,196,"(77, 402, 99, 362)","(136, 196, 306, 363)"
2411577.jpg,sitting on,bench,87,190,386,130,man,137,172,332,87,1,3,320,473,259,469,"(386, 473, 130, 320)","(332, 469, 87, 259)"
2366538.jpg,sitting on,bench,109,107,183,300,woman,148,96,143,335,1,3,407,292,431,291,"(183, 292, 300, 407)","(143, 291, 335, 431)"
2336857.jpg,sitting on,bench,65,180,163,242,human,54,53,113,291,1,3,422,228,344,167,"(163, 228, 242, 422)","(113, 167, 291, 344)"
2351177.jpg,parked on,street,337,442,83,37,vehicle,39,60,258,372,0,3,479,420,432,297,"(83, 420, 37, 479)","(258, 297, 372, 432)"
2361078.jpg,lying on,pavement,497,353,1,1,trash,496,258,1,114,0,3,354,498,372,497,"(1, 498, 1, 354)","(1, 497, 114, 372)"
2372005.jpg,sitting on,ground,21,38,292,27,backpack,58,66,274,104,1,3,65,313,170,332,"(292, 313, 27, 65)","(274, 332, 104, 170)"
2485.jpg,wearing,pants,167,112,431,445,man,301,140,242,583,0,3,557,598,723,543,"(431, 598, 445, 557)","(242, 543, 583, 723)"
2386346.jpg,wearing,gloves,25,29,146,155,batter,243,158,55,172,0,3,184,171,330,298,"(146, 171, 155, 184)","(55, 298, 172, 330)"
2411998.jpg,says,1:20,96,110,221,380,clock,153,129,140,108,0,3,490,317,237,293,"(221, 317, 380, 490)","(140, 293, 108, 237)"
2412340.jpg,sitting on,bench,63,497,270,1,couple,279,415,41,53,1,3,498,333,468,320,"(270, 333, 1, 498)","(41, 320, 53, 468)"
285708.jpg,sitting on,counter,361,368,394,17,container,497,478,106,289,1,3,385,755,767,603,"(394, 755, 17, 385)","(106, 603, 289, 767)"
2398580.jpg,sitting on,bench,189,311,179,172,woman,236,169,121,138,1,3,483,368,307,357,"(179, 368, 172, 483)","(121, 357, 138, 307)"
2354085.jpg,covered in,sprinkles,105,153,160,145,donut,138,155,157,143,0,3,298,265,298,295,"(160, 265, 145, 298)","(157, 295, 143, 298)"
2329193.jpg,wearing,jeans,28,20,172,131,man,62,32,147,126,0,3,151,200,158,209,"(172, 200, 131, 151)","(147, 209, 126, 158)"
2415917.jpg,sitting on,table,304,497,26,0,lunch,232,226,9,158,1,3,497,330,384,241,"(26, 330, 0, 497)","(9, 241, 158, 384)"
2361985.jpg,sitting on,container,62,102,157,143,monitor,94,101,64,158,1,3,245,219,259,158,"(157, 219, 143, 245)","(64, 158, 158, 259)"
1159363.jpg,wearing,shorts,93,103,312,271,boy,568,195,8,209,0,3,374,405,404,576,"(312, 405, 271, 374)","(8, 576, 209, 404)"
498288.jpg,sitting on,pool,439,1018,237,3,boat,26,58,236,770,1,3,1021,676,828,262,"(237, 676, 3, 1021)","(236, 262, 770, 828)"
2335698.jpg,sitting on,desk,212,381,142,14,object,40,75,130,162,1,3,395,354,237,170,"(142, 354, 14, 395)","(130, 170, 162, 237)"
713564.jpg,sitting on,bed,556,595,165,3,girl,653,688,16,38,1,3,598,721,726,669,"(165, 721, 3, 598)","(16, 669, 38, 726)"
2366361.jpg,carrying,surfboard,28,19,256,235,man,90,36,232,246,0,3,254,284,282,322,"(256, 284, 235, 254)","(232, 322, 246, 282)"
2408320.jpg,wearing,shorts,61,86,161,12,girl,251,202,66,12,0,3,98,222,214,317,"(161, 222, 12, 98)","(66, 317, 12, 214)"
2386393.jpg,sitting on,table,343,337,155,0,leaf,23,28,384,23,1,3,337,498,51,407,"(155, 498, 0, 337)","(384, 407, 23, 51)"
2404012.jpg,growing on,tree,154,61,2,224,needles,8,11,86,242,0,3,285,156,253,94,"(2, 156, 224, 285)","(86, 94, 242, 253)"
2353737.jpg,sitting on,grass,52,331,444,3,people,22,96,436,6,1,3,334,496,102,458,"(444, 496, 3, 334)","(436, 458, 6, 102)"
2358262.jpg,sitting on,rock,132,206,198,2,bird,299,174,30,128,1,3,208,330,302,329,"(198, 330, 2, 208)","(30, 329, 128, 302)"
2342457.jpg,walking on,sidewalk,188,185,143,0,man,103,33,108,127,0,3,185,331,160,211,"(143, 331, 0, 185)","(108, 211, 127, 160)"
2319927.jpg,wearing,bag,58,24,341,0,woman,190,74,309,8,0,3,24,399,82,499,"(341, 399, 0, 24)","(309, 499, 8, 82)"
2392144.jpg,wearing,shoe,66,57,406,155,man,445,265,29,43,0,3,212,472,308,474,"(406, 472, 155, 212)","(29, 474, 43, 308)"
2382644.jpg,sitting on,boat,120,279,167,198,man,66,50,160,338,1,3,477,287,388,226,"(167, 287, 198, 477)","(160, 226, 338, 388)"
2378023.jpg,sitting on,man,102,78,76,54,shirt,67,87,122,48,1,3,132,178,135,189,"(76, 178, 54, 132)","(122, 189, 48, 135)"
2381555.jpg,wearing,jeans,25,23,81,49,woman,92,53,20,43,0,3,72,106,96,112,"(81, 106, 49, 72)","(20, 112, 43, 96)"
3987.jpg,sitting on,balcony,344,434,1,1,chair,46,45,171,100,1,3,435,345,145,217,"(1, 345, 1, 435)","(171, 217, 100, 145)"
2390583.jpg,walking on,sidewalk,185,496,189,2,woman,129,44,180,97,0,3,498,374,141,309,"(189, 374, 2, 498)","(180, 309, 97, 141)"
2388167.jpg,sitting on,bureau,124,175,207,144,television,96,126,112,134,1,3,319,331,260,208,"(207, 331, 144, 319)","(112, 208, 134, 260)"
2373770.jpg,using,skateboard,123,237,315,46,boy,302,172,50,70,0,3,283,438,242,352,"(315, 438, 46, 283)","(50, 352, 70, 242)"
2369902.jpg,wearing,gloves,66,91,216,203,girl,214,149,46,176,0,3,294,282,325,260,"(216, 282, 203, 294)","(46, 260, 176, 325)"
2396396.jpg,wearing,necklace,25,26,78,139,woman,309,153,20,74,0,3,165,103,227,329,"(78, 103, 139, 165)","(20, 329, 74, 227)"
2399385.jpg,sitting on,chair,58,35,138,458,remote,43,53,311,301,1,3,493,196,354,354,"(138, 196, 458, 493)","(311, 354, 301, 354)"
2341109.jpg,wearing,shorts,35,39,154,286,boy,197,58,68,277,0,3,325,189,335,265,"(154, 189, 286, 325)","(68, 265, 277, 335)"
2369504.jpg,sitting on,face,199,150,57,90,glasses,49,166,118,83,1,3,240,256,249,167,"(57, 256, 90, 240)","(118, 167, 83, 249)"
2338163.jpg,wearing,tie,74,29,27,154,man,227,97,3,132,0,3,183,101,229,230,"(27, 101, 154, 183)","(3, 230, 132, 229)"
2358844.jpg,sitting on,ground,72,86,259,275,object,14,18,53,257,1,3,361,331,275,67,"(259, 331, 275, 361)","(53, 67, 257, 275)"
2338001.jpg,sitting on,bed,182,290,139,112,pillow,53,32,165,251,1,3,402,321,283,218,"(139, 321, 112, 402)","(165, 218, 251, 283)"
2354183.jpg,standing on,pavement,116,500,215,0,person,60,15,220,124,0,3,500,331,139,280,"(215, 331, 0, 500)","(220, 280, 124, 139)"
2343414.jpg,wearing,helmet,41,48,247,126,person,106,86,250,97,0,3,174,288,183,356,"(247, 288, 126, 174)","(250, 356, 97, 183)"
2366158.jpg,wearing,shorts,106,105,201,126,man,260,290,68,1,0,3,231,307,291,328,"(201, 307, 126, 231)","(68, 328, 1, 291)"
2407547.jpg,wearing,watch,12,20,279,141,man,267,138,62,40,0,3,161,291,178,329,"(279, 291, 141, 161)","(62, 329, 40, 178)"
2386739.jpg,wearing,jeans,36,25,251,206,child,92,46,196,193,0,3,231,287,239,288,"(251, 287, 206, 231)","(196, 288, 193, 239)"
1159339.jpg,parked on,street,114,453,748,35,motorbike,114,176,748,35,0,3,488,862,211,862,"(748, 862, 35, 488)","(748, 862, 35, 211)"
2408243.jpg,wearing,jacket,8,9,229,114,man,18,14,223,112,0,3,123,237,126,241,"(229, 237, 114, 123)","(223, 241, 112, 126)"
2362580.jpg,sitting on,chair,11,4,140,190,person,15,10,137,183,1,3,194,151,193,152,"(140, 151, 190, 194)","(137, 152, 183, 193)"
2370493.jpg,wearing,glasses,40,131,154,103,man,434,293,65,0,0,3,234,194,293,499,"(154, 194, 103, 234)","(65, 499, 0, 293)"
2368959.jpg,wearing,jacket,16,34,96,117,lady,37,35,75,117,0,3,151,112,152,112,"(96, 112, 117, 151)","(75, 112, 117, 152)"
2336457.jpg,riding,horses,82,92,137,152,people,55,104,81,141,0,3,244,219,245,136,"(137, 219, 152, 244)","(81, 136, 141, 245)"
2375445.jpg,hanging from,handlebars,17,25,275,207,bag,77,63,291,186,0,3,232,292,249,368,"(275, 292, 207, 232)","(291, 368, 186, 249)"
2368810.jpg,wearing,shirt,73,38,250,264,woman,222,58,218,253,0,3,302,323,311,440,"(250, 323, 264, 302)","(218, 440, 253, 311)"
2403727.jpg,sitting on,blanket,90,51,212,3,girl,291,84,8,44,1,3,54,302,128,299,"(212, 302, 3, 54)","(8, 299, 44, 128)"
2322601.jpg,wearing,jeans,63,110,160,105,man,180,150,46,70,0,3,215,223,220,226,"(160, 223, 105, 215)","(46, 226, 70, 220)"
1160152.jpg,hanging from,ceiling,198,1018,0,2,pot,146,119,114,718,0,3,1020,198,837,260,"(0, 198, 2, 1020)","(114, 260, 718, 837)"
2396714.jpg,wearing,shoes,20,120,271,201,batter,179,115,113,208,0,3,321,291,323,292,"(271, 291, 201, 321)","(113, 292, 208, 323)"
2408003.jpg,sitting on,counter,21,99,197,35,bottles,18,17,183,105,1,3,134,218,122,201,"(197, 218, 35, 134)","(183, 201, 105, 122)"
2408429.jpg,sitting on,grass,303,496,52,3,boy,39,36,76,75,1,3,499,355,111,115,"(52, 355, 3, 499)","(76, 115, 75, 111)"
2380479.jpg,wearing,jersey,22,18,75,1,child,53,19,65,1,0,3,19,97,20,118,"(75, 97, 1, 19)","(65, 118, 1, 20)"
2403382.jpg,sitting on,plate,98,151,53,38,lemons,74,77,63,35,1,3,189,151,112,137,"(53, 151, 38, 189)","(63, 137, 35, 112)"
2345610.jpg,sitting on,table,408,497,1,0,candle,54,58,302,441,1,3,497,409,499,356,"(1, 409, 0, 497)","(302, 356, 441, 499)"
2376120.jpg,sitting on,bar,73,49,300,57,camera,30,26,221,67,1,3,106,373,93,251,"(300, 373, 57, 106)","(221, 251, 67, 93)"
2329079.jpg,covering,ground,139,435,151,62,dirt,145,428,150,71,0,3,497,290,499,295,"(151, 290, 62, 497)","(150, 295, 71, 499)"
2378341.jpg,painted on,court,103,320,393,1,line,17,329,454,3,0,3,321,496,332,471,"(393, 496, 1, 321)","(454, 471, 3, 332)"
2390232.jpg,wearing,shoe,48,46,141,34,player,90,249,133,30,0,3,80,189,279,223,"(141, 189, 34, 80)","(133, 223, 30, 279)"
2410482.jpg,sitting on,bike,202,353,165,146,man,341,173,30,246,1,3,499,367,419,371,"(165, 367, 146, 499)","(30, 371, 246, 419)"
2399536.jpg,lying on,beach,34,495,299,2,person,17,44,303,23,0,3,497,333,67,320,"(299, 333, 2, 497)","(303, 320, 23, 67)"
2369109.jpg,sitting on,desk,230,497,100,1,stapler,50,55,86,64,1,3,498,330,119,136,"(100, 330, 1, 498)","(86, 136, 64, 119)"
2324172.jpg,wearing,helmet,33,63,287,284,catcher,238,245,260,215,0,3,347,320,460,498,"(287, 320, 284, 347)","(260, 498, 215, 460)"
2408629.jpg,wearing,sunglasses,10,19,91,101,players,62,65,75,81,0,3,120,101,146,137,"(91, 101, 101, 120)","(75, 137, 81, 146)"
2355323.jpg,sitting on,bench,99,205,201,7,person,117,71,148,25,1,3,212,300,96,265,"(201, 300, 7, 212)","(148, 265, 25, 96)"
2349003.jpg,sitting on,sofa,210,125,105,354,person,147,97,102,252,1,3,479,315,349,249,"(105, 315, 354, 479)","(102, 249, 252, 349)"
2357775.jpg,wearing,jacket,37,32,70,328,woman,59,46,66,325,0,3,360,107,371,125,"(70, 107, 328, 360)","(66, 125, 325, 371)"
2357136.jpg,sitting on,desk,342,497,31,1,mug,67,50,149,0,1,3,498,373,50,216,"(31, 373, 1, 498)","(149, 216, 0, 50)"
2390696.jpg,eating,grass,160,490,86,3,sheep,16,16,176,385,0,3,493,246,401,192,"(86, 246, 3, 493)","(176, 192, 385, 401)"
2347938.jpg,sitting on,blanket,17,74,343,122,girl,38,73,319,118,1,3,196,360,191,357,"(343, 360, 122, 196)","(319, 357, 118, 191)"
2368304.jpg,sitting on,shelf,163,101,1,2,mugs,27,93,4,0,1,3,103,164,93,31,"(1, 164, 2, 103)","(4, 31, 0, 93)"
2347192.jpg,sitting on,bench,8,18,258,295,people,5,13,254,297,1,3,313,266,310,259,"(258, 266, 295, 313)","(254, 259, 297, 310)"
2343052.jpg,flying in,sky,230,372,3,1,kite,34,20,236,212,0,3,373,233,232,270,"(3, 233, 1, 373)","(236, 270, 212, 232)"
61562.jpg,sitting on,floor,202,307,158,715,chest,181,244,12,778,1,3,1022,360,1022,193,"(158, 360, 715, 1022)","(12, 193, 778, 1022)"
2347706.jpg,wearing,jeans,57,28,84,154,boy,105,49,40,139,0,3,182,141,188,145,"(84, 141, 154, 182)","(40, 145, 139, 188)"
2390615.jpg,wearing,sweater,78,80,93,290,woman,150,86,40,286,0,3,370,171,372,190,"(93, 171, 290, 370)","(40, 190, 286, 372)"
2365698.jpg,sitting on,couch,271,485,104,8,children,278,165,97,84,1,3,493,375,249,375,"(104, 375, 8, 493)","(97, 375, 84, 249)"
371.jpg,sitting on,floor,391,798,207,0,backpack,132,96,235,692,1,3,798,598,788,367,"(207, 598, 0, 798)","(235, 367, 692, 788)"
2388273.jpg,wearing,helmet,64,73,102,210,woman,366,174,101,164,0,3,283,166,338,467,"(102, 166, 210, 283)","(101, 467, 164, 338)"
2368609.jpg,wearing,jacket,126,88,113,312,male,275,125,83,309,0,3,400,239,434,358,"(113, 239, 312, 400)","(83, 358, 309, 434)"
2334020.jpg,sitting on,ground,438,330,60,1,leaf,30,40,358,46,1,3,331,498,86,388,"(60, 498, 1, 331)","(358, 388, 46, 86)"
2323386.jpg,sitting on,table,175,267,248,1,boombox,121,100,227,5,1,3,268,423,105,348,"(248, 423, 1, 268)","(227, 348, 5, 105)"
2375522.jpg,wearing,tie,114,27,92,197,man,353,112,21,125,0,3,224,206,237,374,"(92, 206, 197, 224)","(21, 374, 125, 237)"
2399124.jpg,hanging from,tree,233,98,16,8,leaf,15,15,78,170,0,3,106,249,185,93,"(16, 249, 8, 106)","(78, 93, 170, 185)"
2394272.jpg,carrying,discs,28,36,156,282,woman,183,96,107,276,0,3,318,184,372,290,"(156, 184, 282, 318)","(107, 290, 276, 372)"
4134.jpg,wearing,jeans,74,43,246,233,girl,163,50,169,225,0,3,276,320,275,332,"(246, 320, 233, 276)","(169, 332, 225, 275)"
2321085.jpg,riding,elephant,180,256,90,74,man,71,34,48,250,0,3,330,270,284,119,"(90, 270, 74, 330)","(48, 119, 250, 284)"
2349009.jpg,wearing,jacket,22,39,146,305,man,33,42,141,297,0,3,344,168,339,174,"(146, 168, 305, 344)","(141, 174, 297, 339)"
2388794.jpg,wearing,jacket,140,112,47,384,person,313,106,6,387,0,3,496,187,493,319,"(47, 187, 384, 496)","(6, 319, 387, 493)"
2413652.jpg,standing on,ground,95,490,181,6,elephants,136,204,104,200,0,3,496,276,404,240,"(181, 276, 6, 496)","(104, 240, 200, 404)"
2405031.jpg,sitting on,counter,31,307,125,193,bottle,47,13,79,214,1,3,500,156,227,126,"(125, 156, 193, 500)","(79, 126, 214, 227)"
2378337.jpg,wearing,cap,30,53,111,86,man,210,209,108,46,0,3,139,141,255,318,"(111, 141, 86, 139)","(108, 318, 46, 255)"
2361385.jpg,using,tongs,107,125,108,289,person,350,120,1,365,0,3,414,215,485,351,"(108, 215, 289, 414)","(1, 351, 365, 485)"
2383502.jpg,wearing,shoes,29,53,283,217,man,290,194,20,137,0,3,270,312,331,310,"(283, 312, 217, 270)","(20, 310, 137, 331)"
2404649.jpg,wearing,shirt,310,148,24,1,man,480,208,19,0,0,3,149,334,208,499,"(24, 334, 1, 149)","(19, 499, 0, 208)"
2391990.jpg,sitting on,table,73,97,180,63,vase,47,35,142,94,1,3,160,253,129,189,"(180, 253, 63, 160)","(142, 189, 94, 129)"
2382801.jpg,sitting on,plate,309,349,22,128,bowl,233,309,33,111,1,3,477,331,420,266,"(22, 331, 128, 477)","(33, 266, 111, 420)"
2387012.jpg,riding,horse,127,91,121,144,woman,145,86,22,149,0,3,235,248,235,167,"(121, 248, 144, 235)","(22, 167, 149, 235)"
2339894.jpg,sitting on,bed,277,437,96,17,remote,121,197,181,90,1,3,454,373,287,302,"(96, 373, 17, 454)","(181, 302, 90, 287)"
2316963.jpg,sitting on,sidewalk,54,135,261,345,bench,75,167,223,331,1,3,480,315,498,298,"(261, 315, 345, 480)","(223, 298, 331, 498)"
2362530.jpg,walking in,grass,53,128,280,148,woman,309,144,9,61,0,3,276,333,205,318,"(280, 333, 148, 276)","(9, 318, 61, 205)"
2343085.jpg,watching,horse,303,378,9,64,people,84,105,68,0,0,3,442,312,105,152,"(9, 312, 64, 442)","(68, 152, 0, 105)"
2335202.jpg,mounted on,cart,190,201,19,218,wheel,57,64,150,342,0,3,419,209,406,207,"(19, 209, 218, 419)","(150, 207, 342, 406)"
2353546.jpg,sitting on,concrete,124,500,102,0,man,106,72,80,177,1,3,500,226,249,186,"(102, 226, 0, 500)","(80, 186, 177, 249)"
2326548.jpg,wearing,jeans,45,36,254,457,man,89,34,214,463,0,3,493,299,497,303,"(254, 299, 457, 493)","(214, 303, 463, 497)"
2344649.jpg,sitting on,sink,370,348,102,0,holder,115,76,270,0,1,3,348,472,76,385,"(102, 472, 0, 348)","(270, 385, 0, 76)"
2366013.jpg,lying on,ground,141,500,192,0,man,27,45,226,85,0,3,500,333,130,253,"(192, 333, 0, 500)","(226, 253, 85, 130)"
1592148.jpg,sitting on,bike,482,549,191,473,man,593,420,85,485,1,3,1022,673,905,678,"(191, 673, 473, 1022)","(85, 678, 485, 905)"
2389323.jpg,riding,motorcycle,92,164,195,93,man,143,83,145,128,0,3,257,287,211,288,"(195, 287, 93, 257)","(145, 288, 128, 211)"
2364161.jpg,sitting on,train,34,95,167,142,couple,39,30,149,142,1,3,237,201,172,188,"(167, 201, 142, 237)","(149, 188, 142, 172)"
2369224.jpg,wearing,pants,58,38,71,134,man,103,115,39,73,0,3,172,129,188,142,"(71, 129, 134, 172)","(39, 142, 73, 188)"
2336135.jpg,sitting on,elephant,226,121,105,305,man,80,57,26,308,1,3,426,331,365,106,"(105, 331, 305, 426)","(26, 106, 308, 365)"
2402605.jpg,wearing,hat,21,24,186,242,batter,50,57,145,230,0,3,266,207,287,195,"(186, 207, 242, 266)","(145, 195, 230, 287)"
